3.703904494192043728e+01
3.623623661892209213e+01
3.604393150356928288e+01
3.483111093226600019e+01
3.430001788672615959e+01
3.187410579695860235e+01
2.647650686956551880e+01
2.006080879067609857e+01
1.577987035278901295e+01
1.580108485178894284e+01
1.421622608633909479e+01
1.490794293318539943e+01
1.421169554301010685e+01
1.397115850492956390e+01
1.436091807518718610e+01
1.301468330638866533e+01
1.298340103969527881e+01
1.264763903678856849e+01
1.239770139298512319e+01
1.370018688452245392e+01
1.237453464317745677e+01
1.261262489822264499e+01
1.234310429557254274e+01
1.227039757841673051e+01
1.167805026567024740e+01
1.182889867639503834e+01
1.180673645854547438e+01
1.151296244143027891e+01
1.153386582752115963e+01
1.007573744249274839e+01
9.745006817668077304e+00
8.665576465575755449e+00
7.142499492870783229e+00
6.152233491336895455e+00
5.613337562883488729e+00
4.398787269198003891e+00
4.286624283916787626e+00
3.595521004582242330e+00
3.567860260915384440e+00
3.012261310867345721e+00
3.169664274768891232e+00
2.878500355054662396e+00
2.367664532072283112e+00
2.313356730842148323e+00
2.148352616236517854e+00
2.075059768134714044e+00
1.935199366207420946e+00
1.873065576556271816e+00
1.780596550540048728e+00
1.537096710232928043e+00
1.592512300086513788e+00
1.424418690580868008e+00
1.266146332965729870e+00
1.417107442371150716e+00
1.266170596789965908e+00
1.194771734963840926e+00
1.103138950466892698e+00
1.196920534152156268e+00
9.493053533080627604e-01
9.985065550359834008e-01
8.670699730927639015e-01
1.011204165983111247e+00
8.180210579262809922e-01
9.001730265004147524e-01
8.018570106513197571e-01
7.619290060351413540e-01
9.266162376457054428e-01
7.175666595487127930e-01
7.833436545126742923e-01
7.559434074209612220e-01
7.150960269636059685e-01
6.747219012372421831e-01
6.671607920467679254e-01
6.613990998553146428e-01
7.482435322196960836e-01
6.147507754711545314e-01
7.014797050698647896e-01
6.284180768496339109e-01
6.231319312367203933e-01
6.828697119331683663e-01
6.217372522671189561e-01
6.073799365378395043e-01
6.333336438266060631e-01
5.876151203981317961e-01
5.786365397611741290e-01
6.317407894099626997e-01
6.267513305851465377e-01
6.023543704507857699e-01
6.619705537494861014e-01
6.435895430016924657e-01
5.784542590255651318e-01
6.056771797764142207e-01
6.002652658394354024e-01
5.761052878242746145e-01
6.040678409000700411e-01
6.425955857449913156e-01
6.061574276873452627e-01
6.252810744498161766e-01
5.914043969162701142e-01
6.014254080478581566e-01
6.474344015819866183e-01
5.723179952882421206e-01
6.163653278948212355e-01
5.740186925995695022e-01
5.655898293386237841e-01
6.032907541700153198e-01
5.974126154292915825e-01
5.681676315959750534e-01
5.759667458775141746e-01
5.602997684154473745e-01
5.939541195759864278e-01
6.033458789844456938e-01
6.039729950318927232e-01
5.459697475346836359e-01
5.798920922447853288e-01
5.499740231560831250e-01
5.814021303743317493e-01
5.480038922879051366e-01
5.503104868255713766e-01
5.717954705947625449e-01
5.539045990562116994e-01
5.404892680205624078e-01
5.496092656013021882e-01
5.326053864319062470e-01
5.453408323878520259e-01
4.962393424039198697e-01
5.726289544150524602e-01
5.085716015486438923e-01
5.532587589703250597e-01
5.312558296696702209e-01
5.409094281603794574e-01
5.393868927920355549e-01
5.054006022744941262e-01
4.988658376166162922e-01
4.782129791989789269e-01
4.997474839672651492e-01
4.783671297695359370e-01
4.815707309760973720e-01
4.794188802260104243e-01
4.988469240946894478e-01
4.656496332772203095e-01
5.004891128909145781e-01
4.773274967315451200e-01
4.657124340139767171e-01
4.489446859430777925e-01
4.434798754975390334e-01
4.715621299847734260e-01
4.405533307843307878e-01
4.301399789225370252e-01
4.523996888587025755e-01
4.303184830745963030e-01
4.527863164453550526e-01
4.272251445303102968e-01
4.348617109691355065e-01
4.420198262053818827e-01
4.359425490282981541e-01
4.192330296538508971e-01
4.082183339703945868e-01
4.147486932809296700e-01
4.030233430682989004e-01
3.943018674765200182e-01
4.106021041051528542e-01
4.070250864285825942e-01
3.940055402234667881e-01
3.906701629711262225e-01
3.757772047505232305e-01
3.868689634632624386e-01
3.941604749210442238e-01
4.061119870877347160e-01
3.931124815772938930e-01
3.766274392122792580e-01
3.701309147456026682e-01
3.788865748154442437e-01
4.034314777951003017e-01
3.896200112492716472e-01
3.819263746491251554e-01
3.553407640738662776e-01
3.478386848757143435e-01
3.494614348690072703e-01
3.640105166398592829e-01
3.370915057460380226e-01
3.515967314646802899e-01
3.514981671626337678e-01
3.330901165190664481e-01
3.333888087673185785e-01
3.152819736928940131e-01
3.096806980846193991e-01
3.255948473052709957e-01
3.220791189655322073e-01
3.067757184406022519e-01
3.090636387441231259e-01
2.996369158848997682e-01
3.012348375888226348e-01
2.900758781899183125e-01
3.168908261410973703e-01
2.975505982814780626e-01
2.827282824583655652e-01
2.791419955388426133e-01
2.719342694996864096e-01
2.825974252783969298e-01
2.701149297051755882e-01
2.984793956688810423e-01
2.814919811437803232e-01
3.005206949767798008e-01
2.907509783685199856e-01
2.796792473431657933e-01
2.659648086694957891e-01
2.604851482401979168e-01
2.721402156057771138e-01
2.718039295037578129e-01
2.623695734453994066e-01
2.518481188206649346e-01
2.427509644374704068e-01
2.540283551954172769e-01
2.511176832680666049e-01
2.526964922027193361e-01
2.515168072441743008e-01
2.408126235097251822e-01
2.238166952675834098e-01
2.250837802768462514e-01
2.239395793852985428e-01
2.327449803952887641e-01
2.090596219404528000e-01
2.285149259386386467e-01
2.246657713208907448e-01
2.222814384746283622e-01
2.055555539368070506e-01
2.081691861397100829e-01
2.101236406110360555e-01
1.995787005385462609e-01
2.162562583838884001e-01
2.122107766892015746e-01
2.010774938672653389e-01
2.261243098775135851e-01
1.867309508515669347e-01
1.925329172255996479e-01
1.865191204797198299e-01
1.918650787077251507e-01
1.864232742694810485e-01
1.861479038667804287e-01
1.862406816516133934e-01
1.924524569573810573e-01
1.861594796283630171e-01
1.767819961256023586e-01
1.666313534349587733e-01
1.846206129671660867e-01
1.779134910939363379e-01
1.817058257508121222e-01
1.856086365724830545e-01
1.660803299746542450e-01
1.501554538052453092e-01
1.638832108596515735e-01
1.537322623870716054e-01
1.802254470608236903e-01
1.634504975588752518e-01
1.459978240896793178e-01
1.534361476819190162e-01
1.428045826424488296e-01
1.432870671218824943e-01
1.366954732693013708e-01
1.396701230206670308e-01
1.389061554360959405e-01
1.437263304794844931e-01
1.327405263142200920e-01
1.342193395881022822e-01
1.330491575250916658e-01
1.303940353620633430e-01
1.272060466731143036e-01
1.246992360115041637e-01
1.207273031381488060e-01
1.179600737766327012e-01
1.361190761985821007e-01
1.268624207981274288e-01
1.257663579076876703e-01
1.200296940565416665e-01
1.180726072176951913e-01
1.222269929021761875e-01
1.160370625295867042e-01
1.108772942369279924e-01
1.121604206641824419e-01
1.187494116119903603e-01
1.260034573146230352e-01
1.209606035999221257e-01
1.198876779308617607e-01
1.109720460392649016e-01
1.172908493744690001e-01
1.207266064005133449e-01
1.121778422419912602e-01
1.051563587618920687e-01
1.075978751363467489e-01
1.128453161052880155e-01
1.220757178115586400e-01
1.176522190173539123e-01
9.787894428995112805e-02
9.562142277246508948e-02
9.340909792024064406e-02
1.048797086426109804e-01
1.142474215068879501e-01
9.625238075131375970e-02
1.131961424848807046e-01
9.347272791737561148e-02
1.005491161545087470e-01
9.772987620085218929e-02
9.017909678378560612e-02
8.556189261185188910e-02
8.608324343601747586e-02
8.726701582207654906e-02
8.433382775790464192e-02
8.430040777312018674e-02
7.966426656276007212e-02
7.996920578383123757e-02
8.345554856032885715e-02
7.743005122996995948e-02
8.284524599152959246e-02
8.154392706586111039e-02
8.399922208272467272e-02
8.310212713689832387e-02
7.948091078532265596e-02
7.933086774094802451e-02
7.886735344484348265e-02
7.398120945300939999e-02
7.527419475048451047e-02
8.104183428312118631e-02
7.268701897257803801e-02
6.615298867614857747e-02
7.162171317835158701e-02
6.764178277076270118e-02
7.007780232142749033e-02
6.609976536264453029e-02
7.241850292929487287e-02
6.405270422633241312e-02
6.693260489392427459e-02
6.878510036292134755e-02
6.658605239351936267e-02
6.728808187914302186e-02
7.417477038364138353e-02
6.677067566419520039e-02
6.330504462450303738e-02
6.587106180198940009e-02
7.306782200480793632e-02
6.929611569372648439e-02
7.202674939492501038e-02
6.470427347091523007e-02
6.260026749307813498e-02
6.644847985719110062e-02
7.223569825294863522e-02
6.526147301577536752e-02
6.001317398431332134e-02
6.135289791905917944e-02
6.082771737740717832e-02
6.362658674716351048e-02
7.295215933643435513e-02
7.953712347951627515e-02
7.436151693848797040e-02
6.092136627372092550e-02
6.512582580095706286e-02
6.962280723517479120e-02
8.185816702663614719e-02
6.617794186013235824e-02
5.954951052477042844e-02
5.544459000041709884e-02
6.409181607162027505e-02
6.025095356324020046e-02
6.424431789584351959e-02
8.332844692866615832e-02
9.391317264338577830e-02
1.100242659012319463e-01
7.073906115168540620e-02
6.772013762210801757e-02
1.121297235085564059e-01
1.057022901417017102e-01
9.579145864723927206e-02
7.750216089005992903e-02
1.038855135077649955e-01
8.547857422482769973e-02
5.881542745107772030e-02
5.065982615498923480e-02
4.908150573719931298e-02
6.080225024121013733e-02
5.546023115989181379e-02
4.811141050994354601e-02
6.050223419214365017e-02
9.249890756047737805e-02
6.198662687012491262e-02
5.585539232378673030e-02
5.608458233434451129e-02
5.733750593384612237e-02
7.301393163431633970e-02
6.085650958783584558e-02
5.826339545499693851e-02
5.498034957521225757e-02
6.474625611875985121e-02
6.525650450183564932e-02
5.182610712892472826e-02
4.586385158660877953e-02
4.702079094266391895e-02
4.855118258403220283e-02
5.449389371686901018e-02
5.339346308189366758e-02
5.151809167675103218e-02
5.515131137760671820e-02
5.071328766288630413e-02
5.070370881932487195e-02
5.334258061568349779e-02
5.884602841971545151e-02
4.612374339346668461e-02
4.935064731547012667e-02
4.732393292190696654e-02
4.550829809881366816e-02
4.395500895171992883e-02
4.415541381922881425e-02
4.200147064159461680e-02
4.229023936645396470e-02
4.279234536192580429e-02
4.575234506041395144e-02
4.514066285023086988e-02
4.426784924723630582e-02
4.564724091889246077e-02
4.911089027497997361e-02
4.665986005102307904e-02
4.445303799748281937e-02
4.188066471007576008e-02
4.157811011533880247e-02
4.146531719848851189e-02
4.458343148776315601e-02
4.429400746876332312e-02
4.287428783026043383e-02
5.526209066085345512e-02
4.305919852264905590e-02
4.237926750248414282e-02
3.932026792511222890e-02
3.977751931114111017e-02
3.816697961427473890e-02
3.713721508045208369e-02
3.786188438963488528e-02
3.633832099721901604e-02
3.757152695066764969e-02
3.962333233643726416e-02
4.016201614813477705e-02
4.469506300744797989e-02
4.599218402663143856e-02
5.149685661004624326e-02
4.889635789096213186e-02
3.940779653049596848e-02
4.436337024324472217e-02
5.054576224024358300e-02
4.470788995204186267e-02
4.061936801039532641e-02
4.380427373684327164e-02
4.111928584948720128e-02
4.352022047036267077e-02
3.887748365581591981e-02
3.573206908904742740e-02
4.294743626217614740e-02
7.477109436433752865e-02
7.537097756396450576e-02
8.621074600459605053e-02
3.948178013515755980e-02
4.857906610310625678e-02
5.354669925066339597e-02
4.172624153370870642e-02
3.982127080254864449e-02
3.739245086975616361e-02
4.032188360313233161e-02
3.952450403427991421e-02
4.258858531632081501e-02
3.370600987838662937e-02
4.056406716065944634e-02
4.220692254436576168e-02
4.905405448034256405e-02
4.402787892853205626e-02
4.379570642989598361e-02
4.863657531414563445e-02
3.927068886127198927e-02
4.254816933320596656e-02
4.055730243178400779e-02
4.732375332667304590e-02
6.494630171030547905e-02
6.963704225708217121e-02
5.876497765981388705e-02
4.197242229326219459e-02
4.049650640180957328e-02
4.600973693694820205e-02
4.384944164522697196e-02
4.286514512225893248e-02
4.649761552038314538e-02
6.959629925641924730e-02
1.033362433967080773e-01
4.818603311276757895e-01
4.235144490555667884e-01
2.907280113436146451e-01
1.863472814959314661e-01
1.453505460957326967e-01
7.304108408533881158e-02
4.608418870441477466e-02
3.643724490099904678e-02
3.921555319000873119e-02
3.362405496058702009e-02
3.282074893072253752e-02
3.251206418121192765e-02
3.080317098923435887e-02
2.949661128432728291e-02
3.075370815811769368e-02
3.058253453949578288e-02
3.287074684997179363e-02
2.880172673762110974e-02
2.907879338350611437e-02
2.865279189251163441e-02
2.989700484510411996e-02
2.884526053517729588e-02
2.926583541118799037e-02
2.912917438272078635e-02
3.185376546288588850e-02
3.086706196211674857e-02
3.037291582780195925e-02
2.849675003231149847e-02
2.790301138516772250e-02
2.818466547864446892e-02
2.941354238935616622e-02
2.858586144871011134e-02
3.018522833782538023e-02
2.925768549117378423e-02
3.503628265409637621e-02
3.274234145217894132e-02
3.372128157987078212e-02
2.903800633947868637e-02
3.197433248286497137e-02
3.197566296104506489e-02
2.809487519028762079e-02
2.842674074744536497e-02
3.450485750651790390e-02
3.480468472709431077e-02
3.640368988021341207e-02
2.974736776054901985e-02
3.504855651967823255e-02
3.053781233498486375e-02
3.455250193390200369e-02
3.585258746339414077e-02
3.081542316657980007e-02
2.863335037615441156e-02
3.167869719960201419e-02
2.724141003491590066e-02
2.934714655809370770e-02
2.742132162891585886e-02
2.706438651290860725e-02
2.852592983453550515e-02
3.439818690504482801e-02
3.545021503392191409e-02
3.927181976467189473e-02
3.098835153884083385e-02
5.916288595694210728e-02
6.776929794054779854e-02
6.639069918116759228e-02
5.842994236098881383e-02
4.154367971671994730e-02
5.165938648181599840e-02
3.437696311791355736e-02
2.778987346670460518e-02
2.894652373358754666e-02
2.764077337799996509e-02
2.650971973467028051e-02
3.137763753291787638e-02
2.998282762357329378e-02
3.158135799380241276e-02
2.805176891518086635e-02
2.700299108863854838e-02
2.645442048138545860e-02
3.381060397501172571e-02
3.377755530842940779e-02
3.686611362681458531e-02
3.365718659723088840e-02
3.781597642299729112e-02
3.187325138414602577e-02
3.753507820338894407e-02
6.345856386309974007e-02
5.109663291858557166e-02
4.030218094220842928e-02
3.436184323083808084e-02
3.136524429705255662e-02
2.867848492949471445e-02
2.721103761174853072e-02
3.178443243358138742e-02
2.933434655217142389e-02
3.245244313677207726e-02
2.730797000389239421e-02
2.777382525548460768e-02
2.866263124356621325e-02
2.717216039574254713e-02
3.049608821541321263e-02
2.830266672602091763e-02
3.709783493891517098e-02
4.841676028304171819e-02
4.370861091051822522e-02
4.940802005769339561e-02
7.737755215507628737e-02
9.442318963550658251e-02
8.462957271708831941e-02
4.869582649297980043e-02
4.083928533515156917e-02
3.216815206421000384e-02
2.804289756470005474e-02
2.680535898368557185e-02
3.054611266523678953e-02
3.131605777826509951e-02
2.956811384651801544e-02
2.851318442548279875e-02
2.675725806529121592e-02
3.209229612656544495e-02
2.592682271094404536e-02
2.485417784333844929e-02
2.705570102412833272e-02
2.482457551049193495e-02
2.779121698019621292e-02
2.723364770135912327e-02
2.698426668621654173e-02
2.976003304290238127e-02
3.524519433631284615e-02
4.284072494554017757e-02
3.825715887660026404e-02
2.790412461153627885e-02
2.764123770771575658e-02
2.748638907048622099e-02
2.903014372688297526e-02
2.721137679658652830e-02
2.379156981517249747e-02
3.912857939192274787e-02
3.937724941066123030e-02
3.826120279811069669e-02
3.025203950368147640e-02
3.358427465054589917e-02
2.955501354200670144e-02
2.545677966037947909e-02
2.478554035573023867e-02
2.754810949728300415e-02
2.998398428901322826e-02
3.442215642245295693e-02
2.950637483856118418e-02
3.485354656664767237e-02
3.585479709191134734e-02
2.970014568469443728e-02
2.888566599092219633e-02
2.919953469095937920e-02
2.609966526962718969e-02
2.340370599505400134e-02
2.466115672637862744e-02
2.279413302461031493e-02
2.518830916597925018e-02
2.784579347039731895e-02
5.181065417148512237e-02
7.894920944887434677e-02
9.191302073860178889e-02
7.813758938072518090e-02
1.316215198639347495e-01
9.255864522783646686e-02
5.172338789747153720e-02
7.661157730182048542e-02
8.149863317639124971e-02
5.566416336765213357e-02
5.005362124472788332e-02
3.652994178243202522e-02
3.321837555339478970e-02
2.972234825083516427e-02
2.390449414338361583e-02
2.379882528896657898e-02
2.341537119750862136e-02
2.362763572997984840e-02
2.539285942418224168e-02
2.267562075336987740e-02
2.240406111461056005e-02
2.181474336301258282e-02
2.416085384857836332e-02
2.167606200591160048e-02
2.499390177409685151e-02
2.485391643031185926e-02
2.608325286861006009e-02
2.259945655319266916e-02
2.166822763480750341e-02
2.219251553625159815e-02
2.161197240667569672e-02
2.084324378620273227e-02
2.336031389576820327e-02
2.391357321177155215e-02
2.069139479241896909e-02
2.230340100834199424e-02
2.113577820363225779e-02
2.262432253221155140e-02
2.274823648473897966e-02
2.194712696400710414e-02
2.174152159460019176e-02
2.316645224984951665e-02
2.686263252774044250e-02
2.952614123979590416e-02
4.209434645495709754e-02
3.340634463191842485e-02
3.186148956377753833e-02
3.605616943442439826e-02
4.310884165536313373e-02
3.050352175636980231e-02
2.665964928827203179e-02
3.146703027700303162e-02
3.144336171239887207e-02
2.649279423755155141e-02
2.689238425383779288e-02
2.543733635122615369e-02
2.905523383184803465e-02
2.859196861517195390e-02
2.763010208082066974e-02
3.511097861733835507e-02
2.691391697818481740e-02
2.445256442386364165e-02
2.518493404049744477e-02
3.735229538489131390e-02
2.473803748782303288e-02
2.277863653422777107e-02
2.442206411495997584e-02
2.176012825218662933e-02
2.174306777243959973e-02
2.602404792651404758e-02
2.470129967138646326e-02
2.898611207261553996e-02
2.210163075474014249e-02
1.924959109806829993e-02
2.191494874644454166e-02
2.366357111075480246e-02
2.321505686630542103e-02
3.006224365976454399e-02
2.517518788708091731e-02
3.197855224613532082e-02
2.155462900615751076e-02
2.525277534346333577e-02
2.541923552067545250e-02
2.821008560466659390e-02
2.906158333045566478e-02
3.805868729710107368e-02
3.389322672784523399e-02
3.553621867953019042e-02
2.859480197269740828e-02
3.002862363296597212e-02
3.115803402511639619e-02
3.153862364568808807e-02
7.501902052431114187e-02
1.530785722730254317e-01
1.316655237534720968e-01
1.190633003263419365e-01
8.149141298322945537e-02
5.492629393315307668e-02
8.395505880019522860e-02
1.014558149059180125e-01
1.128706942093126581e-01
1.946859531255372422e-01
8.004359733830467005e-02
7.153738577494803130e-02
3.813745442920257051e-02
3.313131207403325479e-02
2.373287208759653280e-02
2.975777337893864907e-02
2.755503362322309080e-02
2.483132584947509228e-02
2.025678016382587848e-02
2.304387778845625942e-02
2.208067156432573161e-02
2.270865619219591958e-02
2.277453905590291414e-02
2.265861967592163947e-02
2.183145253159068239e-02
2.546677653142001216e-02
2.299168387456777124e-02
2.289054678973961171e-02
2.576365865995611237e-02
2.211061135511330558e-02
2.083277264810664414e-02
1.937712496120765418e-02
2.288671858344683632e-02
3.732456540897892416e-02
2.867007040127991443e-02
2.793905340778738214e-02
2.698160503623824730e-02
2.657875074670047050e-02
2.381954079024853690e-02
2.076956281588982628e-02
2.083563413915207399e-02
1.903747436933971027e-02
2.464775666756303940e-02
2.125849655915761083e-02
1.977823508158157648e-02
2.450442402977431877e-02
2.242045348136328595e-02
2.721959488177346301e-02
2.819108341683083246e-02
2.467814081191163286e-02
2.333360423709649259e-02
2.276108263458586842e-02
2.113256777272296688e-02
2.633334503109680674e-02
2.836753866169691371e-02
2.487849268010392315e-02
2.406148836281437470e-02
2.202845144706586447e-02
1.774587889189263579e-02
2.552714881525552579e-02
2.326313283287283207e-02
2.195660274350591870e-02
2.063198678700215241e-02
2.068143840423794858e-02
2.652764710658224792e-02
2.450338120520966639e-02
2.474471387059127073e-02
3.654884040129555839e-02
3.909414510028162704e-02
2.243064173560254532e-02
2.162556998082798554e-02
2.100179170534232850e-02
1.942312145973565732e-02
2.033478837514948387e-02
2.266657420752879112e-02
2.274275130052642174e-02
2.533455893492370450e-02
2.448059670232279050e-02
2.490634296730187894e-02
2.609218060690884217e-02
2.607389968732598887e-02
2.773794016083788380e-02
1.970943326280938726e-02
1.836725564487255366e-02
1.914553562810976037e-02
2.390540377169919975e-02
2.008380582316455013e-02
2.075225795030374160e-02
2.976435348922088983e-02
2.516219008938901103e-02
2.789819677970868661e-02
4.600551210669025226e-02
8.743730126719534423e-02
8.553705147398646402e-02
6.026081708553442801e-02
5.279367934624552144e-02
4.265698261161683658e-02
3.102558413800336409e-02
2.965399721812337838e-02
6.316764272311754802e-02
4.002603563465008396e-02
5.186164108763598179e-02
7.355248168465436387e-02
1.953795980390422571e-01
1.122592131132661847e-01
1.286805556699334163e-01
8.839416415754691725e-02
5.852352430959671670e-02
4.949311860182591810e-02
9.544112162749197881e-02
5.087322610673870871e-02
5.203723901030790633e-02
4.906189417357395555e-02
5.177399251567225968e-02
2.527644835494452513e-02
2.764057106874615727e-02
2.696510676379014135e-02
2.744532597931279710e-02
1.967914699153394328e-02
1.776814201055267745e-02
1.758978836097971690e-02
1.990011478657377833e-02
1.888009665647262525e-02
1.863616395709571591e-02
1.921636144278659336e-02
1.795295655202697530e-02
1.670022808957170868e-02
1.733658434437507917e-02
1.866116282504854187e-02
1.731300194813429477e-02
1.825483867207125174e-02
1.606559743449109331e-02
1.927410307561767955e-02
1.672603592363260810e-02
1.643453512146396400e-02
1.693918487722268634e-02
1.709454021952070205e-02
1.818195209592319769e-02
1.811438266999251465e-02
1.902873819493901275e-02
1.624746132682187635e-02
1.723113655100412187e-02
1.703464908853196888e-02
1.646662740390089988e-02
1.633355864996444487e-02
1.647063881229965041e-02
1.784158199677135861e-02
1.613277447711205376e-02
1.600829971462901929e-02
1.659578634589158747e-02
1.677121959290017728e-02
1.889592306476098674e-02
1.600604619718901805e-02
1.717384391994027787e-02
1.722628960854172275e-02
1.732479502913927133e-02
1.667793781612575410e-02
1.866881033815984484e-02
2.089253407379883937e-02
2.371387638552814592e-02
3.192836831771923151e-02
2.591290284798469443e-02
2.447313181235933124e-02
2.035600519593311689e-02
1.801644400325258868e-02
1.796995066602985122e-02
2.129514583828934562e-02
2.115081385370853884e-02
1.745807581327016300e-02
2.076712213240148111e-02
2.356968494967954381e-02
2.920359245655809038e-02
2.364600317596780854e-02
2.580483541316210341e-02
2.651485864299241504e-02
3.107212476451561359e-02
2.762942234708485809e-02
3.355829211173123189e-02
2.823138507163077196e-02
2.476332403550359981e-02
2.414275192465131087e-02
2.444657855440294722e-02
2.332061003301186958e-02
2.505395466127552026e-02
2.667231583772843029e-02
2.401157621125177971e-02
2.033283692748159496e-02
2.000038405163078944e-02
2.644268350198000425e-02
1.955246546683830217e-02
1.788267969602385862e-02
1.856990748310319989e-02
1.710159159176147595e-02
1.673813633422389577e-02
1.776635182121494641e-02
1.965855734818811040e-02
1.885219439878400849e-02
1.984179679243565364e-02
2.426112618899490397e-02
2.234716606121243954e-02
1.825792230694312651e-02
2.201645531377965925e-02
2.283767389129453748e-02
1.861145553558361462e-02
1.854136623445180876e-02
2.166878456022810692e-02
2.406067343741114667e-02
2.500923232948252042e-02
2.820704707680222328e-02
3.448856631496652336e-02
3.166005896126259517e-02
2.432607753909381276e-02
2.311333668636961561e-02
2.513740228758724188e-02
3.954312273877716444e-02
4.370677316894062275e-02
5.541053878726924509e-02
6.968596838329653431e-02
5.469114523181108078e-02
2.852481323355717316e-02
3.136599063729172965e-02
2.862109593262782831e-02
3.669382503534764778e-02
5.191522312628850389e-02
4.744281401247930907e-02
6.347062241098927471e-02
5.768788645141160326e-02
1.004138103081456540e-01
5.591036154495394872e-02
6.090266250946869964e-02
6.667143652861887149e-02
6.527626599059757617e-02
9.910144243852728185e-02
7.455158172689785312e-02
7.224238243493572020e-02
4.438702880602077294e-02
4.062329199961833837e-02
3.301493347940621242e-02
2.267939352286280769e-02
1.993040508479950595e-02
1.922286178631493064e-02
1.818383996979816911e-02
1.571600510950509066e-02
1.564024646376021774e-02
1.675867618763254158e-02
1.756800655180123377e-02
1.857396437541035047e-02
1.825860028939381430e-02
1.687963186385437950e-02
1.610744647917631070e-02
1.666978080651724051e-02
1.533702019471927178e-02
1.566623628849652880e-02
1.523034184276185130e-02
1.785025124598920571e-02
1.765331584134489928e-02
1.670052461227291077e-02
1.722003385856252927e-02
1.670664121377072459e-02
1.573519555022290239e-02
1.540906397851187631e-02
1.416563649918003813e-02
1.647648327622071654e-02
1.608313360885513937e-02
1.668760863790169288e-02
1.606465966949162036e-02
1.537484583790554166e-02
1.540267557527337690e-02
1.450892392755099604e-02
1.461298616170617418e-02
1.543093540726628125e-02
1.658482665713372980e-02
2.313820018975847742e-02
2.506231495909240839e-02
1.950278662347060959e-02
3.804323108383921709e-02
3.438063313864002379e-02
6.372609502688288130e-02
3.799302975852256181e-02
3.584545841382510978e-02
2.456150306178187664e-02
2.101314618532782244e-02
2.509167003887683572e-02
1.943820891943648724e-02
2.302594365575425309e-02
1.896151356027757015e-02
2.210437533333010213e-02
2.088707997246836215e-02
1.914638713480101492e-02
1.669457961787617836e-02
1.937131918604119776e-02
1.724238484743319602e-02
1.759198727542910304e-02
1.757922825677942641e-02
1.674347331501415889e-02
1.500293965434287662e-02
1.601048561677061166e-02
1.525981959112830341e-02
1.685818320413826066e-02
1.823261995858001250e-02
1.666792476740828338e-02
1.462828666662088599e-02
1.394755554663530510e-02
1.594983860746165133e-02
1.757399384418164429e-02
1.511531323286353749e-02
1.677168041269949672e-02
1.526065374251258169e-02
1.690530314392560754e-02
1.959922470755139784e-02
4.370306009918198398e-02
5.005479689668469040e-02
5.233854750467210187e-02
3.255117339590193198e-02
6.824458287838795767e-02
3.993720254372034456e-02
3.301101505756548482e-02
2.415712312733372599e-02
2.162958053285625806e-02
1.954129027346473632e-02
1.622130238778492564e-02
1.455406047229885688e-02
1.710375266053045656e-02
1.718186948120426633e-02
1.524813859062019474e-02
1.530969609549424557e-02
1.577189349953921765e-02
1.833341075743557744e-02
1.645783028330150347e-02
1.595368123901125604e-02
1.749531977478269856e-02
2.283039138927167588e-02
3.340780508548080868e-02
4.441528957603196187e-02
5.424276184852776933e-02
3.238874919843259814e-02
2.953902177787351771e-02
2.535728527816438066e-02
2.292981192414457470e-02
2.121594508770710888e-02
1.949140623014206097e-02
1.877372726321145310e-02
1.855467434886201236e-02
2.640843617225288945e-02
2.129140066916112781e-02
2.020494846006163844e-02
2.347559460724655753e-02
1.667394257422118511e-02
1.694722885702014403e-02
2.575618594261347080e-02
2.685395997050883665e-02
3.739444088828255269e-02
3.195983189332624042e-02
2.371586079104461356e-02
3.351427430126399654e-02
2.282338011602622410e-02
2.988972735923966714e-02
2.644188236834265834e-02
2.306780078219086358e-02
2.063832137624627833e-02
1.951525117347134228e-02
1.922655065896638343e-02
1.863654361008086624e-02
1.784447808797362187e-02
2.121298694832039755e-02
1.947440587301733569e-02
1.794968477930137044e-02
1.767941379239650057e-02
1.705423645964181112e-02
1.826215517350491743e-02
1.764951739203930031e-02
2.731381674657202413e-02
3.750280826445372140e-02
2.555995542864675577e-02
3.340338676304571014e-02
2.920033433798897848e-02
2.826095282714964629e-02
2.792939977208276636e-02
2.686113211290955954e-02
3.957762864299580602e-02
2.988750072722499290e-02
3.681385910118852023e-02
2.831681524345178863e-02
3.062525613221962068e-02
2.124880371286643962e-02
2.036004591687470486e-02
1.635021272848868196e-02
1.509983289929645728e-02
1.558649612709742810e-02
1.614673542136654469e-02
1.654494232141064461e-02
1.665073078852338101e-02
1.533197120069725375e-02
1.530469747417251627e-02
1.676212208803403922e-02
1.811904503347299897e-02
1.468625125413865022e-02
1.892668263167904610e-02
2.158488499311806558e-02
1.939162648778327766e-02
2.231320866309533316e-02
2.493437797707535875e-02
1.817110007397287549e-02
2.872798361897255237e-02
2.402292934951204967e-02
2.009352535373954210e-02
1.918598735926921664e-02
2.073340186785203529e-02
1.536815746828297004e-02
1.856168553408204733e-02
2.902821149234385487e-02
4.671565079239404367e-02
3.466091961928295662e-02
2.641171594231678590e-02
2.576473087841889276e-02
1.717447181727089003e-02
2.645409405452312304e-02
2.944787932283953955e-02
2.034892465949474788e-02
2.399436862071758006e-02
1.987901776366155643e-02
1.881853463725249170e-02
1.854524845839398972e-02
2.032762737001727119e-02
1.833137172418982871e-02
2.386371093313470124e-02
3.373316755724389132e-02
2.327528353233480549e-02
7.210319392038325170e-02
8.004923797476842795e-02
4.306340013241028580e-02
5.710772915702781727e-02
3.750474720451056621e-02
2.447275125845836674e-02
2.127767859223836724e-02
2.522389156671435775e-02
2.773033293651184367e-02
2.831431585349065971e-02
2.997895190989776151e-02
4.649992987721374149e-02
8.051345813884076830e-02
4.574982985098669658e-02
2.656780227053172350e-02
2.034648939130425174e-02
1.675897479718262140e-02
1.853764888507462155e-02
1.891021001951983041e-02
1.572615490970951518e-02
1.637686771625707777e-02
1.486379629479308434e-02
1.515191227785500985e-02
1.552420818889710570e-02
1.758871523586529040e-02
1.758593948727920839e-02
1.880644260751145741e-02
1.489282314598230211e-02
1.541022353268644250e-02
1.794747874771843860e-02
1.542371218525875887e-02
1.360251060227949185e-02
1.415427539666678537e-02
1.614614952987041691e-02
1.400832315396319423e-02
1.464469595153225327e-02
1.679503549795858391e-02
1.441939641398036140e-02
1.414992174967771854e-02
1.515816730017768149e-02
2.146966437949417855e-02
1.697844379789061400e-02
2.413678572521230775e-02
3.662437932451709233e-02
3.580701984045221026e-02
5.918650134174477384e-02
5.549205673407806017e-02
5.018155974121697727e-02
2.804727374825241246e-02
2.925942706031014681e-02
3.706802093501337242e-02
2.759922643039233389e-02
2.244638027010135983e-02
2.176108154148406054e-02
2.195210985521164546e-02
1.665746533641381324e-02
1.804156919467082842e-02
1.653711867031123703e-02
1.605717624591870493e-02
1.506465729072618137e-02
1.641146279408404671e-02
1.588410200383467280e-02
1.448147659876001907e-02
1.456860936854294936e-02
1.314287564284725290e-02
1.415761130187297330e-02
1.496796770750377821e-02
2.099656729824473517e-02
4.648675212328076678e-02
3.658837905624404141e-02
2.842855483266155947e-02
3.107930625081608417e-02
3.117639395386994500e-02
3.585770759058461155e-02
4.020766576935637382e-02
3.500223351789729515e-02
2.023937936743368943e-02
1.988734090697376333e-02
2.678287056116681469e-02
1.885599976441267728e-02
1.436473283543163344e-02
1.452695434464938880e-02
1.784156992661636507e-02
1.569312293948965306e-02
1.494434746920213046e-02
1.444060502209410825e-02
1.595986341989135901e-02
1.750359567252215628e-02
1.404256298609042435e-02
1.285392863364788994e-02
1.338971406704316316e-02
1.451181303425448307e-02
1.388562853786473247e-02
1.515012241135587842e-02
2.263761704785695328e-02
1.968872420216977864e-02
2.203941812710883200e-02
2.678078955128641511e-02
1.801772981072266577e-02
2.035703673964340057e-02
2.123881978464150361e-02
3.035431867965744657e-02
2.706251255546458442e-02
2.355222186910274976e-02
1.503104774450519585e-02
1.924067328525211687e-02
1.807713234472281549e-02
1.662782199526416024e-02
1.695965736294254358e-02
1.453119874341768369e-02
1.415056890804776944e-02
1.325404071339521608e-02
1.741737082944388657e-02
1.634892865639630752e-02
2.179452043354007315e-02
1.841715543132405736e-02
2.189495478859650179e-02
3.333859948166390669e-02
3.832099408928589523e-02
5.970282967315417716e-02
7.939997765400144680e-02
4.099810102963955677e-02
5.728777720500038279e-02
6.390890200470250582e-02
7.137113053254202921e-02
4.350218285505291077e-02
3.325081747799971121e-02
2.720123387118423414e-02
1.871048614507552985e-02
1.813627241799157033e-02
1.443220019222508574e-02
1.438488323193884595e-02
1.560428831084919102e-02
1.407086974034207211e-02
1.468678770611852973e-02
1.302977597663798788e-02
1.490392392747325392e-02
1.304985073017490144e-02
1.443124828557817638e-02
1.747881345562415922e-02
1.774827814748166852e-02
1.870995878648662111e-02
2.121224012736840775e-02
1.840340568416215170e-02
1.652960829717701335e-02
1.288252337716715330e-02
1.548440009200691310e-02
1.421414675739995914e-02
1.453990084364647703e-02
1.314820531732429146e-02
1.772170662645373290e-02
1.713890709145298938e-02
1.648432880410345691e-02
2.045852372909486364e-02
1.662681203803334853e-02
2.271166632089759163e-02
2.570150799713825929e-02
2.160674531297181872e-02
1.937472257426568062e-02
1.522459132472793290e-02
1.825749462580454271e-02
2.548933645707912934e-02
1.678545840357499944e-02
1.730935777723768484e-02
2.052977235715735399e-02
1.991732380810329328e-02
2.555898910864280726e-02
2.081095483198587906e-02
2.097018091501486395e-02
1.484381226110907150e-02
2.252752927084622492e-02
2.124982971840861171e-02
1.874164507139150851e-02
1.652051985990765290e-02
1.726746089362923495e-02
1.873497983805239367e-02
1.471131041967445666e-02
1.642976636428163106e-02
1.391732645363657345e-02
1.608896205658450276e-02
2.225001387057921540e-02
1.609248934102654183e-02
2.660129293890728039e-02
3.392157523988969386e-02
2.741133589205111201e-02
2.539667518184593811e-02
2.794897937019915485e-02
4.931765312989463967e-02
8.527736367377157511e-02
7.300262495405039631e-02
1.047268412305120827e-01
7.409834515985960768e-02
3.573588453530966713e-02
3.979640630959088710e-02
2.929601000486154599e-02
3.485975561746351009e-02
2.441268413752045729e-02
2.241671300001804243e-02
2.073883251636983796e-02
1.743269876343637309e-02
1.478105195887068589e-02
1.393819778294233883e-02
1.565839340271643620e-02
1.470990342428135471e-02
1.495218510101445526e-02
1.336618070378179507e-02
1.248826261471071980e-02
1.293522750872187418e-02
1.257910677610492994e-02
1.284380081522086027e-02
1.298636761082725202e-02
1.231949447883163087e-02
1.269775500740906622e-02
1.275126973122359467e-02
1.547713764981337344e-02
1.372339464625270053e-02
1.371998320160311251e-02
1.245221901503970781e-02
1.203148221991483073e-02
1.302547489257372196e-02
1.353339412591456244e-02
1.295118198808432701e-02
1.212465349255727534e-02
1.275999124684208327e-02
1.374257485815187467e-02
1.539411714741014368e-02
1.456505275945407449e-02
1.471963861938507465e-02
1.559152862076456508e-02
1.460191370592006481e-02
1.317150850171003307e-02
1.369871734371967166e-02
1.520870858478895644e-02
1.470947348736497892e-02
1.595347837982326669e-02
4.336672430396721484e-02
3.710041106493780494e-02
3.375183803821895506e-02
2.558843624545958928e-02
2.104067832962186121e-02
1.750393447572472921e-02
2.645253261309615453e-02
2.920084344060332182e-02
1.693068243085676938e-02
1.400258235794213206e-02
1.598989325956488503e-02
1.385458365630273803e-02
1.514922309392175218e-02
1.521724598930820037e-02
1.610717470652073963e-02
2.612765705553661902e-02
1.704402385336269490e-02
1.617315204884075056e-02
1.375569923664974985e-02
1.379407018800166314e-02
1.489685979225643768e-02
1.364384796060395637e-02
1.396166232506624444e-02
1.397934631057702257e-02
1.259963272925585832e-02
1.750751092258848521e-02
2.014724149028426087e-02
4.923482039784717046e-02
7.257722742469233101e-02
8.255037200164241917e-02
3.120331608671461990e-02
2.308694067383612256e-02
1.829247189609742308e-02
1.447786870980684142e-02
1.351863595088921913e-02
1.336562932123805045e-02
1.363637263643144998e-02
1.265689701759934935e-02
1.319515195416549706e-02
1.488116985670796290e-02
1.467533638861686501e-02
1.439400487609114945e-02
1.457277938161895096e-02
1.384853838432685905e-02
1.596137552793884182e-02
1.686014888215654761e-02
2.190965311410335986e-02
1.410106690672301502e-02
1.593514808989288101e-02
1.910622323765827357e-02
1.807514835265062320e-02
2.185710193111119193e-02
4.840274700470360847e-02
4.809585520109994211e-02
9.433243583915060237e-02
1.250872939282559881e-01
1.231178499255315556e-01
4.446292811567553044e-02
4.267673422553522333e-02
2.284541769062894273e-02
1.592771975679192417e-02
2.163865077301576831e-02
2.034545432022845726e-02
1.617004151836524961e-02
1.720881814397049597e-02
1.925859401886917746e-02
2.212409233382316848e-02
1.688508239351697859e-02
1.511842258904057962e-02
1.524525124225427873e-02
1.339478666983690697e-02
1.385659781901809814e-02
1.213107054402506012e-02
1.128580663742708920e-02
1.220373954849943154e-02
1.283725194776145703e-02
1.267176882092862882e-02
1.315305368329094948e-02
1.400415659134630723e-02
1.281672501894587715e-02
1.125044310250397986e-02
1.362780382668634868e-02
1.230815711109364483e-02
1.315856767152232855e-02
1.234959333072680084e-02
1.108737728234496060e-02
1.250129871652607555e-02
1.247141749941824834e-02
1.255611910271037940e-02
1.356272406559421925e-02
1.152222207192740017e-02
1.176717333093402554e-02
1.318540251336980038e-02
1.661818116440893708e-02
1.536309805333422804e-02
1.542003613872031803e-02
1.598438202468575875e-02
2.610852495233630804e-02
2.610954624677106276e-02
2.809584257741276972e-02
4.907833631595654583e-02
4.166114250943499242e-02
4.336757994980403735e-02
2.739519239076200832e-02
3.212908278384642158e-02
2.067480774284820300e-02
1.914181782919291766e-02
1.787333829300053953e-02
1.504281228965239151e-02
1.357758214753410075e-02
1.520276003777350574e-02
1.744377638090514188e-02
1.941818109470003564e-02
1.390715540953571874e-02
1.525744729456758424e-02
2.351289245062606476e-02
2.054209047150111489e-02
2.013653106294860731e-02
2.229830849570598947e-02
1.593506095084593760e-02
1.652476249286371351e-02
2.370131354158229800e-02
2.304482520263504211e-02
1.441660160220372029e-02
1.638383843862278172e-02
1.351617936025350034e-02
1.318248689374938547e-02
1.326106435717358360e-02
1.243723492096292411e-02
1.102779790135471026e-02
1.204367795516307106e-02
1.203962378919951927e-02
1.094862726195891707e-02
1.101677826550436293e-02
1.215750647110226852e-02
1.112143403951735415e-02
1.152723274819050965e-02
1.072670068327507761e-02
1.133366806501081951e-02
1.185585830778875666e-02
1.061718765054294258e-02
1.046876025372685606e-02
1.219728635055601293e-02
1.341432745425253162e-02
1.254533615172835799e-02
1.472572861073407659e-02
1.389147786488373511e-02
1.408356532974204892e-02
1.411568625572803999e-02
1.725753086428528926e-02
1.343019864215884950e-02
1.289300065607883010e-02
1.417081562192194430e-02
1.302368650093945097e-02
1.235443841065716856e-02
1.103814538760548684e-02
1.056182099985547573e-02
1.177056855784944234e-02
1.096359878359987224e-02
1.202925499370579437e-02
1.353896784492179990e-02
1.104259958492951645e-02
1.197137578824504674e-02
1.469493762412574928e-02
1.284780825662434033e-02
1.272023358657885760e-02
1.365145263468883936e-02
1.262855794277683782e-02
1.197629839291011744e-02
1.718905220534614961e-02
1.884397090289880242e-02
2.535645873564265282e-02
3.106318769413337483e-02
3.336826405650819560e-02
7.072892390050297684e-02
8.237735137792594198e-02
9.731254738729336329e-02
4.295198549799667670e-02
2.371834450225204088e-02
2.852545357059788761e-02
4.025556873458557144e-02
3.309998941464099842e-02
3.190794451834069734e-02
2.725495273867059934e-02
4.433660701802700360e-02
2.305144474884849096e-02
1.400842106907053755e-02
1.790884526995681000e-02
3.317781677082681097e-02
2.595124333329167782e-02
3.899794784739211984e-02
2.856603552899167342e-02
2.456664224679467115e-02
1.886915391003975845e-02
1.777488137159137851e-02
1.382439376994559939e-02
1.437061702210896443e-02
1.370617821739182271e-02
2.018002088203992711e-02
1.514470675249166183e-02
1.355029082375403156e-02
2.396057787867818256e-02
1.634806084509690324e-02
1.301717352166781652e-02
1.101857041865706745e-02
1.176098799781379392e-02
1.262532361363936581e-02
1.047392723597809390e-02
1.070385665233691656e-02
1.255098621716642729e-02
1.276451135184624060e-02
1.273144247902736718e-02
1.260850263308158255e-02
1.258963042600250506e-02
1.362801435584684411e-02
1.107927267697959156e-02
1.037389178675526651e-02
1.141290343050423498e-02
1.241021089352181694e-02
1.395572758671032032e-02
1.372753321114334076e-02
1.926551104044536486e-02
1.443445039096950128e-02
1.748513542470011770e-02
1.971823228325742319e-02
1.296499125082452471e-02
1.341218072516848527e-02
1.171432787042163068e-02
1.165604481483292591e-02
1.132629283589570851e-02
1.361782429002708801e-02
1.411910348916068855e-02
1.587259611488696029e-02
1.424170054822703965e-02
1.330750736922583187e-02
1.369189191490026956e-02
1.320158948546291781e-02
1.171005242962790474e-02
1.185908555785519097e-02
1.198214796792041251e-02
1.667792265320607731e-02
2.118436868904686327e-02
2.022962044606083434e-02
2.620941246534580493e-02
2.637854290928402096e-02
2.238455544010565026e-02
2.919468571305199739e-02
2.526342307138900595e-02
1.795440260415616385e-02
2.163075632991514133e-02
2.602178972794559619e-02
2.617615489915346358e-02
2.933972524105634902e-02
2.971090063194083142e-02
5.649773882867566849e-02
3.129919713956503396e-02
3.748509187865775583e-02
3.290004419372907774e-02
3.400200141115623104e-02
3.913764918681499061e-02
2.134820314396238330e-02
2.724300673382786669e-02
5.675550127691769003e-02
6.145879615577785893e-02
6.305223360697433110e-02
4.376422364877313037e-02
3.246386250296962733e-02
2.389338817576851237e-02
2.830194233309377486e-02
2.783367516023376939e-02
1.823423023527058484e-02
1.557095723255387705e-02
1.510815341005146938e-02
1.382806266811296633e-02
1.331764898288480617e-02
1.558832420795444422e-02
1.232091921132345488e-02
1.237735308853940563e-02
1.215002463082362136e-02
1.092114456497540222e-02
1.258601718154444757e-02
1.767564885726573276e-02
1.483663322763311213e-02
1.072353333779479771e-02
1.052918525863213821e-02
1.018180880809186825e-02
1.050493395604739852e-02
1.092636536069703339e-02
1.104943143887409870e-02
1.172342621940596248e-02
1.114478037335527201e-02
1.200362773295412383e-02
1.117439779686524998e-02
1.202685985246149461e-02
1.073365446636815809e-02
9.906073573132842883e-03
1.267485644284009269e-02
1.009540813117719774e-02
1.282875709273846934e-02
1.078909462407355233e-02
1.085384973965829343e-02
1.585106275627716499e-02
1.719689974858276335e-02
2.028568985146250725e-02
4.880790432819267360e-02
5.464861706490545257e-02
4.922623534842329729e-02
5.226157985645060039e-02
5.910233240407717498e-02
5.327783823768205557e-02
8.787802390933577290e-02
1.175017944416578419e-01
6.584627282225700984e-02
4.734278882958552204e-02
3.008612914024491256e-02
3.176773274661760099e-02
1.704544123765147287e-02
1.552002989125165350e-02
1.273273834354725007e-02
1.096237419353538779e-02
1.282689390845744189e-02
1.193914829276967841e-02
1.355763807763526660e-02
1.434605771519232437e-02
1.109293666999946852e-02
1.275692534978054363e-02
1.134713396165405903e-02
1.154240693704531619e-02
1.186140294073208604e-02
1.076103123504974432e-02
1.056450577932944307e-02
1.051693262475270930e-02
9.786365159660056004e-03
1.025468279140165015e-02
1.096490250069939894e-02
9.936413017297236402e-03
1.120809526432596688e-02
9.663885892689759449e-03
9.984771309914671975e-03
1.012944591636629615e-02
1.167205388342255727e-02
1.502570008686830889e-02
1.678152730212956190e-02
1.383202917719906361e-02
1.153232196669663062e-02
1.140021611150534263e-02
1.164656988869172335e-02
1.099705725667130853e-02
1.158512665448774293e-02
1.048448035817119324e-02
1.113147151800356061e-02
1.114173956681836081e-02
1.075888361455267644e-02
1.154266908652199115e-02
1.043164381813721509e-02
9.734239059542845046e-03
1.087806061780961092e-02
1.136315609198586089e-02
1.250457506669646994e-02
1.131489538567307003e-02
1.570422615629760849e-02
1.122310406341830991e-02
1.185828990473505699e-02
1.247966325476299217e-02
1.440961520788582202e-02
1.220284618014494740e-02
1.718398400721015198e-02
1.283365038093635044e-02
1.494743128218927082e-02
1.207642591319841446e-02
1.186124400128647435e-02
1.197896395070834237e-02
1.002084149604605921e-02
1.120290232164271836e-02
1.003733778784855930e-02
1.018521694709897084e-02
1.146551584071457512e-02
1.143698107284547155e-02
1.013677048069509291e-02
1.062941786754479680e-02
1.139100592681045569e-02
1.313451161682832428e-02
1.468153396105558416e-02
1.449709326058974158e-02
1.501431415097145491e-02
1.259803370559877886e-02
1.465045486723735163e-02
1.262194733175384283e-02
1.242478458380660497e-02
1.243473391705780633e-02
1.768038396074898475e-02
1.713795338279156671e-02
2.247789690136679439e-02
2.488920135889857027e-02
2.285576006595709322e-02
2.804178306393327602e-02
3.219308210550156368e-02
2.456831179829847833e-02
3.487206959928124822e-02
2.473306055408360307e-02
2.337066884004787917e-02
1.415044281463657266e-02
1.339749391526029801e-02
1.555605851590441228e-02
2.464829521975660243e-02
3.077295738118765792e-02
2.635516986673720058e-02
2.279186871605785522e-02
3.270825635910044882e-02
2.601587225736908676e-02
2.188121086048924399e-02
2.034230330204562370e-02
2.332910725194201410e-02
1.807291501362544295e-02
1.362538553987560457e-02
1.812458404544433493e-02
1.335865517483904655e-02
1.278607804101005406e-02
1.125912212483185307e-02
1.249059528795367843e-02
1.184669344846106358e-02
1.163401779687623511e-02
1.322225839738674046e-02
1.222086656863541690e-02
1.116671413871136651e-02
1.058585046936933935e-02
1.218328660536999002e-02
1.303108014878639857e-02
1.334195503863244703e-02
1.236163164351288674e-02
1.127488924486465087e-02
1.009482880167383509e-02
1.083794266498855526e-02
1.125350916876021942e-02
1.168459457703256883e-02
1.377720916850052116e-02
1.627334128412821421e-02
1.740850649432671218e-02
1.229158594686867619e-02
1.150060439076639601e-02
1.193974533121789500e-02
1.506106588912188050e-02
1.633615689246981431e-02
2.959327906833723182e-02
3.136135433855869598e-02
2.863581016145237690e-02
3.087606170472025763e-02
3.213000060996556301e-02
2.275411154593840954e-02
2.938216129222285047e-02
2.341637257170615938e-02
1.427843692394132648e-02
1.438928706319101899e-02
2.015552109819587073e-02
1.180848658755476524e-02
1.496084878540337830e-02
1.299206593320629058e-02
1.400771854180361993e-02
1.426215243964195321e-02
1.712192408956949435e-02
1.369987085302488625e-02
1.509038603779571004e-02
1.414395530316625745e-02
1.249775770524619301e-02
1.854445609014366420e-02
1.878261826704860291e-02
1.750655864791106700e-02
1.612663188993309835e-02
1.568541432205704939e-02
2.311213448775128673e-02
2.159968722939384009e-02
2.748581716904898928e-02
2.665533946373042570e-02
1.473786331463541530e-02
1.861922867678698218e-02
1.444202715358906992e-02
1.194197660084915687e-02
1.382492087653035620e-02
1.761775516867284883e-02
1.980541542320995649e-02
1.406106580481146680e-02
1.635153774983047481e-02
2.331366270094630683e-02
2.103726214781087220e-02
1.345096186409331686e-02
1.216062333077513012e-02
1.182225814893480415e-02
1.078309949062900355e-02
1.038145390383748111e-02
9.641703312707293819e-03
9.402856041585954533e-03
1.054110514510136001e-02
8.625638361494207540e-03
9.046196238999017897e-03
8.453700065301501809e-03
8.713204860275682723e-03
9.174060781177969040e-03
9.610996355457221071e-03
8.746104212065898900e-03
8.540823738895348891e-03
9.031623814982552706e-03
8.404353894780570641e-03
8.770937003524626255e-03
8.834243621217287984e-03
8.536351399708267534e-03
8.563387009953822918e-03
8.712499349260979797e-03
8.716179153769806898e-03
8.822134478521089646e-03
8.887595637981183377e-03
8.556147680498053798e-03
9.230409308701562759e-03
9.608387904378642638e-03
8.803269685082892176e-03
8.617261485952034880e-03
8.581156702302352932e-03
8.680941018083910415e-03
9.562704226270672334e-03
8.768497625853778621e-03
9.020830801081196684e-03
8.639782182224655868e-03
8.562121445565283248e-03
8.611460982347180632e-03
8.422282641234140124e-03
8.794972888117716381e-03
8.584132319296210525e-03
9.787285586796371645e-03
9.615161614936593507e-03
8.778303592420981516e-03
8.820780017823855526e-03
8.723742109055885458e-03
8.883042846884705440e-03
9.473414374203549537e-03
9.896917025768451476e-03
8.583522027589569198e-03
8.622298140229148200e-03
9.443662362125002097e-03
8.535807119040209404e-03
8.642488609852942705e-03
8.678525353290746785e-03
8.807191938499702236e-03
8.787412196496202643e-03
8.589450619299526801e-03
8.759485535534629677e-03
1.002757377884727803e-02
8.969446670479736677e-03
8.722153998882932815e-03
8.516157748260415328e-03
1.002657607424628332e-02
8.827961097073268315e-03
8.691210094929228969e-03
9.071088352471331356e-03
8.743675805621204528e-03
8.848614361626762695e-03
8.520079891203624634e-03
9.831933523014769680e-03
8.372110089049740120e-03
8.189264978512701340e-03
8.545315387217092967e-03
8.965628017768125305e-03
8.807068944787518547e-03
8.817708382392021316e-03
9.005295981575888245e-03
8.681076626819135902e-03
9.212156708956425674e-03
1.023801965692038365e-02
9.860078292869202399e-03
8.998406529163328199e-03
1.076283534252047910e-02
9.680198429482339550e-03
8.851293207607961733e-03
1.005957968037924158e-02
8.501475901269095470e-03
8.966418752448180457e-03
8.806321298495388764e-03
8.708765992279264220e-03
9.871768738523301057e-03
8.962375772639870342e-03
1.053019837818259911e-02
1.018004471392023810e-02
9.200498934367539600e-03
8.787732579839198713e-03
9.664611546224961131e-03
8.507296698902879276e-03
8.918314715609686194e-03
8.236561449747237598e-03
8.113813353899924224e-03
8.297083638561115679e-03
8.463517450134570505e-03
8.691967347743394939e-03
8.629023615182801824e-03
9.691422505721688369e-03
1.061415165056153916e-02
9.828925131940974280e-03
9.047027329379418725e-03
8.715663576179415173e-03
9.589788701539349314e-03
