1.470453686138672444e-01
3.480993341584111972e-02
7.114690830907231811e-02
7.497458844893661878e-02
5.947156557951552985e-02
8.258128627863457749e-02
2.230333652881722473e-01
7.236442380216613346e-01
1.514376437589986635e+00
1.731456302083085097e+00
1.717321196039655273e+00
1.533656286747940189e+00
1.765348076649187137e+00
1.976905805434449936e+00
1.747219541210103699e+00
1.683479453481544486e+00
1.489121717744384066e+00
1.732257743651708815e+00
1.848500777263642592e+00
1.823636410182128964e+00
1.617169138910371062e+00
1.401444336652228895e+00
1.405893416791947903e+00
1.355141151137882360e+00
1.469123620372857264e+00
1.550241397246624464e+00
1.529729278421321226e+00
1.662455671882157704e+00
1.548322290990789218e+00
1.703180079425969939e+00
1.515650727408150322e+00
1.735732012942918123e+00
1.709952024079894661e+00
1.576872257092222451e+00
1.492260596534006112e+00
1.782556290931150977e+00
1.421648000985460847e+00
1.477623407169771363e+00
1.385524004651936814e+00
1.415342403162978435e+00
1.387819454556385335e+00
1.197722696172804469e+00
1.061772973684800059e+00
8.631063198260016112e-01
8.915918723450785288e-01
8.511360280721026461e-01
7.571124543649081495e-01
7.441930521452313485e-01
8.487054675203385967e-01
9.251627118916042614e-01
1.049907240445972834e+00
7.665368734256466920e-01
1.070352946767949120e+00
6.396439168462058067e-01
9.140986187173822941e-01
9.296585878307366269e-01
8.522656250387156129e-01
6.671259508266533800e-01
6.509641868288220667e-01
6.493933769906703457e-01
5.406037440289531704e-01
6.197783266093732646e-01
5.300511631861399842e-01
7.277621369066870072e-01
6.467634770924780563e-01
4.775868995773193126e-01
5.428521684342700881e-01
4.263921968601568913e-01
4.590406923033570896e-01
4.993607800952684084e-01
7.379897565552652194e-01
5.597595118457528995e-01
6.357603794033919176e-01
4.342127978179280423e-01
5.518989276804064925e-01
5.860017346965816776e-01
3.705144388810115430e-01
4.418835404132759326e-01
3.630478425738108972e-01
3.353629125967432789e-01
3.694603493232971325e-01
3.321267200855218538e-01
3.097746802464080296e-01
3.232793709324046083e-01
2.400541168478753373e-01
2.514354219349642094e-01
2.965267774076656426e-01
3.624938496113329078e-01
4.248530773651806314e-01
3.295578018299608614e-01
3.535613396216686355e-01
3.010523831622972102e-01
3.533759306878972994e-01
2.683541356775783759e-01
2.539366982119564686e-01
2.428770883137136849e-01
2.153840780952739065e-01
1.823295365004137247e-01
2.277850409652845132e-01
2.937036744895284435e-01
3.140669962190434372e-01
3.696389242175784351e-01
2.739963095669840087e-01
2.528430549041054132e-01
2.130901795840405843e-01
2.529291607717640833e-01
1.916523560753548017e-01
1.692617700429156491e-01
1.598037315292679950e-01
1.633536158690646611e-01
5.269490217069340288e-01
2.005567007015459924e-01
3.041297252774495252e-01
2.974146982621697632e-01
3.005625971355020964e-01
2.684025181064489951e-01
2.527375743523277429e-01
1.382489988416855942e-01
1.700170946767836644e-01
1.812596139085279057e-01
2.046429362302346344e-01
1.596895664536044646e-01
1.724275284426632637e-01
1.355136047765772567e-01
1.544522481436084171e-01
1.584563598926378714e-01
2.284684288949872799e-01
2.819810610777704896e-01
4.280872653422722607e-01
4.778353657369531771e-01
2.147748097317668248e-01
2.547116919723790285e-01
2.798606533534543361e-01
1.745946246985041472e-01
1.646846871414795743e-01
1.189893091651263168e-01
1.395455903253062513e-01
1.118989910684010797e-01
1.368933556316639377e-01
1.041779853942934458e-01
1.751048317410241473e-01
1.941675071759281779e-01
1.214989752139062351e-01
1.199016269616920288e-01
1.164200878047446930e-01
8.682536090015494090e-02
9.074439038231493782e-02
1.075106505312561911e-01
1.715794149807524649e-01
1.353079978619372847e-01
1.015352531484270265e-01
1.399583111208336783e-01
1.481150927658244909e-01
1.200428857091315610e-01
1.545847021383912057e-01
1.017886136567158900e-01
1.328432489179483533e-01
1.509512673718505504e-01
1.141897830616067366e-01
9.355949919098213718e-02
1.380653501607481126e-01
1.094797322299005671e-01
1.290870992348007451e-01
9.760710071910934371e-02
1.421013370742074677e-01
1.766115595680468608e-01
2.015268382693879701e-01
1.982210720708905416e-01
1.278112378611273581e-01
1.721947842470485657e-01
1.950867867939888867e-01
2.077869942648407631e-01
8.134141207949477370e-02
1.205058487277965162e-01
1.149439753853952334e-01
1.826705269972982715e-01
1.763993664552757357e-01
9.332845115427820804e-02
1.379322890040473315e-01
1.506290729541504558e-01
2.007392235194774555e-01
3.033190076550054126e-01
3.148314557624602439e-01
1.573802610045250683e-01
1.082912644248308631e-01
9.306920739430914191e-02
1.246827212888689806e-01
1.030852046480761064e-01
9.583436031241833464e-02
1.559294938454114932e-01
1.220584220126830488e-01
1.516120885891958092e-01
1.068101031062037992e-01
6.050467490932558146e-02
1.108242633696623347e-01
9.753991100942324688e-02
1.013783053747683849e-01
8.215360078163246038e-02
1.302866826313122117e-01
2.103031249045313467e-01
2.255621719549688320e-01
1.286298360748671932e-01
1.594962522788072878e-01
1.596070057394519959e-01
2.306321820064130002e-01
1.959992452342865510e-01
1.201302576714229492e-01
1.328717713323469551e-01
1.600402955810027172e-01
1.179526972517998540e-01
9.651968353985444782e-02
8.059851616138585806e-02
9.934576206130128762e-02
7.201008303343452155e-02
8.620156502202222515e-02
1.093155341415862070e-01
1.452130421761511636e-01
1.440145517060550662e-01
1.308666187671608250e-01
1.123949495924144309e-01
1.384397603372330976e-01
1.543317251499721765e-01
1.021004229775135108e-01
1.720188627132175907e-01
2.435782291219156515e-01
1.013472927323488260e-01
1.211297064442748289e-01
1.020095820061023423e-01
1.060677102492717655e-01
1.062240637719146508e-01
1.004500605834684479e-01
1.125740192531700656e-01
9.629030222321406651e-02
1.157311200320219058e-01
1.047280822493603519e-01
9.128535111443114580e-02
1.267017957247093263e-01
7.550565842491387125e-02
1.005473093761259790e-01
1.082375371889860161e-01
1.238260982934945992e-01
8.081204805356093090e-02
9.350957674712322143e-02
7.276500291520693331e-02
6.447658532348012062e-02
8.321846521396313034e-02
7.362530044821218034e-02
9.918764391204655528e-02
1.091508705158896059e-01
1.493681500738815171e-01
1.619348401488284184e-01
9.300829109253973270e-02
1.381866321895904026e-01
1.436782196393608935e-01
8.995322976349316713e-02
9.011344335075782697e-02
9.667370573118588828e-02
6.358956702464307886e-02
6.610925364026304374e-02
7.004947631309990652e-02
9.400227673144130602e-02
8.128244763368853987e-02
7.409531023412782580e-02
7.867622524463367684e-02
1.321218995912652738e-01
8.388024618059046478e-02
5.679947581331441092e-02
4.556418088861249882e-02
6.014359532682460319e-02
5.329090506897197349e-02
8.505834592007285866e-02
8.017992968504786266e-02
8.868738659605215902e-02
9.159750681099999847e-02
5.997034739068118903e-02
5.175331339893018967e-02
5.306787264757607120e-02
8.304112183641615408e-02
4.391277164943997724e-02
9.009557857359876132e-02
2.248621982928478424e-01
2.114121655961681834e-01
1.552197361713013313e-01
1.383466883779320700e-01
7.141364571025130004e-02
8.448553297265593010e-02
1.694545893364584888e-01
1.172172095381844165e-01
9.719575677660247104e-02
1.776792966348028913e-01
2.049950954222260757e-01
1.653063531880554216e-01
1.157108464051152946e-01
1.145211854896937553e-01
6.739961699897151215e-02
9.682531764144471087e-02
1.052535343500251852e-01
1.930517409026787090e-01
8.722655670626149049e-02
1.233440982787643719e-01
1.234797316793058569e-01
1.028862076441553058e-01
5.297941824786685239e-02
4.450587918809544019e-02
5.384987038753442923e-02
7.138948316441938446e-02
6.464811463588696072e-02
7.322732071227834594e-02
7.909391288288003530e-02
6.399867937682487962e-02
6.464575599865375610e-02
6.693408152494637053e-02
8.604341609694124426e-02
6.642508132540016208e-02
6.441020157624605114e-02
9.667574834322374688e-02
9.466884097424252409e-02
9.917316226367371701e-02
8.853881978096592165e-02
6.315235621428474944e-02
6.207155717190622479e-02
8.256273499504084012e-02
9.988958179246577862e-02
1.180181982783477662e-01
5.842271369804862696e-02
4.834989974249766231e-02
5.323309187801425479e-02
6.669610878381213026e-02
1.002161742280444634e-01
1.236679207717321788e-01
8.883734816967413239e-02
5.654956566546136959e-02
5.183849703684564880e-02
4.919604224011887850e-02
4.821675618724377554e-02
2.952610119367268457e-02
4.210560478159548065e-02
5.627042534900250637e-02
1.271259692230532756e-01
1.035472845425215171e-01
6.887953551245126760e-02
1.001778054742591823e-01
1.044384883353042387e-01
7.699333959900547808e-02
7.387725393372347737e-02
1.092075758583651163e-01
1.353860535661063347e-01
5.742832380765398870e-02
4.722096667370716261e-02
5.335904216296204899e-02
4.736641883097886946e-02
6.254091683675656876e-02
1.023358171382124787e-01
8.215002595508290317e-02
1.056124798221825256e-01
8.219525326428121781e-02
1.051171268587254432e-01
1.785614473978446026e-01
1.042286840190842362e-01
9.039135739229135769e-02
7.847384102430228492e-02
7.788065599255314386e-02
1.488916374944735665e-01
1.213439895492831044e-01
1.079302669719270358e-01
1.209018314658944770e-01
1.748891228364294337e-01
3.008535860107227067e-01
2.551102907266820097e-01
3.162369519186861155e-01
5.340757856958617822e-01
6.796830356367367099e-01
4.700096594118660653e-01
4.479520908908904975e-01
2.456180612936753049e-01
8.723783046112097705e-02
1.394818060047187946e-01
2.389992504013944141e-01
1.731274207062599713e-01
9.210668053130220689e-02
7.992354997613801415e-02
7.907775120479117181e-02
1.649602701675488559e-01
9.052235577069704664e-02
7.555213276389399768e-02
7.068968339329309569e-02
6.669298513979916854e-02
1.019331908984415780e-01
1.415583710914557480e-01
9.905141245617166135e-02
6.990843783698709457e-02
9.364735199185404702e-02
1.688053578405725730e-01
6.660135174100970112e-02
1.104988297022381771e-01
9.368611282360489456e-02
7.936807086013837609e-02
8.168393911730771617e-02
8.350022176360162585e-02
7.372385281396655332e-02
6.755011052106885128e-02
5.057100313905964206e-02
4.567598248020005719e-02
4.260977497537885017e-02
7.220644380543644880e-02
7.983780404511829631e-02
8.645118896177519940e-02
6.304568022523304727e-02
5.260923481799018725e-02
4.851806984831012748e-02
5.437627736404782725e-02
5.003490382450104940e-02
5.638693889986080843e-02
4.252663097886327098e-02
3.302383378328658387e-02
3.763990129806097512e-02
3.400995617379222458e-02
3.108331767046316335e-02
3.867462412254343840e-02
8.906269127331567503e-02
4.904247354681840615e-02
4.020086288203576080e-02
4.380427210406159788e-02
6.894838444384343568e-02
5.105321515624932499e-02
5.596826959272994256e-02
4.482106213425142427e-02
6.215433133385395159e-02
4.590328617580900078e-02
3.201102571510403699e-02
3.072876784587965510e-02
5.897662691886219194e-02
4.874443126247908487e-02
3.847876866285263042e-02
4.784871493214327975e-02
3.510046302636564419e-02
3.156330609445356233e-02
3.879605011759498095e-02
4.312123647445658542e-02
5.563384205043762909e-02
5.046178533153041629e-02
6.763037238268596041e-02
3.543443424581281531e-02
4.669904316533725341e-02
4.275705490965872602e-02
6.318962229309992018e-02
4.722254557972246913e-02
5.964448333070222069e-02
5.335207714251932742e-02
4.897704704494088707e-02
6.030513634103010223e-02
5.097071509599648831e-02
4.881268038389077746e-02
5.502872594714734722e-02
9.995725537843898334e-02
1.953636233906977382e-01
2.003834974635395616e-01
8.759706777140860434e-02
9.877821396243129104e-02
1.172495485510926250e-01
1.019971521841428752e-01
5.846988077537284417e-02
2.937181745956933543e-02
4.358080936994539190e-02
7.142469275095703063e-02
4.721309317747146572e-02
4.558220132386348045e-02
4.818031120641967646e-02
5.174535855507478993e-02
4.702965699273371075e-02
7.266460572549303387e-02
7.767574856631992430e-02
5.386789190949780454e-02
7.252123566389796772e-02
5.965327663493854432e-02
5.761892128898412485e-02
6.667072160879829179e-02
6.381104938391818360e-02
1.028258106093946911e-01
9.705844336333718791e-02
1.056299474905293689e-01
6.550039438768825995e-02
6.292602361417407031e-02
7.959786145415564951e-02
9.446115505701688231e-02
8.407935249361385421e-02
1.196779518944295073e-01
2.160500293667036720e-01
1.150472721696484513e+00
1.676684253511833589e+00
1.757536845051116181e+00
9.321317488314891930e-01
4.442292464276667574e-01
2.363421258126459923e-01
1.081428218237585337e-01
4.312498917532640863e-02
4.531467213915574277e-02
3.837609925829940649e-02
3.377669775084513742e-02
3.345115958172894394e-02
2.476884222113593520e-02
2.770519806387940903e-02
2.239005013364678970e-02
2.287074889865062938e-02
2.216350056661164566e-02
2.688907002502160387e-02
2.734162936515477718e-02
3.123234431277119652e-02
2.175486223254789742e-02
2.920463921020093057e-02
3.810785963678055971e-02
2.262864412246966273e-02
2.203152195204082647e-02
2.337039519047039160e-02
2.441274948692001220e-02
1.960282203504195089e-02
2.021910525480272516e-02
2.561932087661109719e-02
1.696182115614056421e-02
1.716818642547648238e-02
1.972655507868002062e-02
2.122666972497422658e-02
2.868113203749469639e-02
4.935245234597329667e-02
4.635900676785337932e-02
2.521205460962349862e-02
2.644146353977690905e-02
2.312673824673485562e-02
2.509454810007330852e-02
2.072202835315758648e-02
3.015907128415640237e-02
4.648516469678050378e-02
3.182856477110910381e-02
2.045458502742215218e-02
3.859267857227217935e-02
3.444298102598671724e-02
3.218416140807782433e-02
3.826068740364273191e-02
3.191613581879653577e-02
2.686408784540281897e-02
2.650616896972257663e-02
1.944992791673540861e-02
1.678116934387407361e-02
1.647065123237444889e-02
1.484232421943398189e-02
2.099611190154554788e-02
2.216192630280269457e-02
3.452837145526037321e-02
6.221055791567120519e-02
6.298783101160414233e-02
9.295717979020499955e-02
2.161036239719812679e-01
3.290930375160728283e-01
1.752117030699920641e-01
1.272507841953192387e-01
6.915535108859618973e-02
3.194907309563552178e-02
3.119381730881332776e-02
2.240059044942923488e-02
3.195268507783891043e-02
2.417821532250693378e-02
3.388631106154098294e-02
3.487693569996866416e-02
2.966104078296562946e-02
2.921005167087400642e-02
2.605564850081552170e-02
1.977267136102739756e-02
3.387569119251315070e-02
6.443693477222808830e-02
5.769629746828779104e-02
5.385072422125754266e-02
4.500072652708772547e-02
8.875514087807614971e-02
6.847772542246650940e-02
1.237052574508158836e-01
1.715227371616841190e-01
1.132733657210233530e-01
9.092922487439090984e-02
6.485136938033039811e-02
3.653375048973435402e-02
4.496185190379264895e-02
3.472131273073534447e-02
5.528705756983701841e-02
5.924990951726905042e-02
4.052554085009640178e-02
2.954684984547236229e-02
2.350485500009744447e-02
3.844626110043113110e-02
5.254298332063297994e-02
3.748768287515861358e-02
5.140626158068498791e-02
8.693746571394722622e-02
1.948734403824962103e-01
1.616029461699558245e-01
2.660038351350167418e-01
2.284996605979952022e-01
1.799216184518942219e-01
8.915276773241287422e-02
8.460698965943716510e-02
4.403475542193679981e-02
3.851894146739249375e-02
3.173742616342824230e-02
2.449645772752008857e-02
3.440448944600285608e-02
3.820894602111210570e-02
3.598992592764097692e-02
1.899756552624867409e-02
2.750533873168865134e-02
3.255416681079120050e-02
5.159251552403671531e-02
4.472033284346375870e-02
3.329759251131063358e-02
2.134898407900251080e-02
2.594828004361377297e-02
2.325858443115780966e-02
2.736805508319221578e-02
4.505960914187364524e-02
5.921986205063596576e-02
6.141880424305024705e-02
3.619663168142796261e-02
2.857029720986616408e-02
2.955069624220707514e-02
3.226126665884117284e-02
2.692377893645698031e-02
2.157003705801029125e-02
4.312153827646446336e-02
9.170809408141543384e-02
7.830331479743787848e-02
5.163834269284382772e-02
4.265908367598787027e-02
3.233535995319943013e-02
3.930607518544926293e-02
3.620841628607891771e-02
4.659275916615793905e-02
3.008110713420484791e-02
4.322009209778305411e-02
3.032857710357901582e-02
8.766334116154658740e-02
1.055230593404666573e-01
5.723083806482088393e-02
5.401448717425423596e-02
3.390413473234436814e-02
2.060824157795685535e-02
2.552024642807235524e-02
1.962891347704564388e-02
1.889069280325810299e-02
3.582153344866163824e-02
3.132674841668874749e-02
8.565729016463248524e-02
2.391535255876492405e-01
2.830281951146758623e-01
3.952281291466518409e-01
3.761743377578862790e-01
2.709520075961601160e-01
3.299917363924318447e-01
2.030975304910332679e-01
2.070637267946047744e-01
1.818597168134223618e-01
1.180494099039197803e-01
1.093985502136797655e-01
7.851957797678013606e-02
4.858084920500518877e-02
3.656750367655627054e-02
3.202958382653720015e-02
1.733452014186622619e-02
1.933575317014627967e-02
2.585951210120032012e-02
1.439241294040234306e-02
1.445363524255804076e-02
2.546212681969378319e-02
1.949538200239888872e-02
1.465218933492076769e-02
1.524467993175693606e-02
1.421337650153462785e-02
1.076241332463879520e-02
1.391404837685799104e-02
1.540300076221600561e-02
1.545145412801743681e-02
1.446116228917950115e-02
1.550362397010934465e-02
1.954832484211673632e-02
1.859784665833490863e-02
1.880800330959960659e-02
3.082274330453703415e-02
2.870661116554914724e-02
1.743355524538836923e-02
1.495442835401509900e-02
2.561529772839644253e-02
2.841269331406529389e-02
1.736430583491902629e-02
3.307758438767704340e-02
2.905401870597105335e-02
6.911174183602458720e-02
5.567084198549809154e-02
5.908760536713613537e-02
5.768415350675611813e-02
5.352134397566564450e-02
4.712505530251602515e-02
4.167072120949943254e-02
3.929655400423762851e-02
3.086832932753129019e-02
3.435832032970176364e-02
4.578322350096046545e-02
4.534846625268854070e-02
4.826579410862730235e-02
5.062185008481689258e-02
3.796597164659414048e-02
8.059538514391398345e-02
3.784962047176558542e-02
2.564793973527209128e-02
2.736829851895887164e-02
7.608194763586456633e-02
3.204670715002701231e-02
2.168560559450058087e-02
3.949080554239588203e-02
3.022108098624171763e-02
2.868528372853952971e-02
3.175668837393832294e-02
2.478205041561270736e-02
1.703692391946044771e-02
2.614530415933915414e-02
1.674371180139727980e-02
3.222676063360597337e-02
4.057278122264926234e-02
3.674303234321286971e-02
3.975373161654233850e-02
2.389166775545809029e-02
2.908643622197822076e-02
2.446976707649525448e-02
2.330102260602022121e-02
2.402031520536433359e-02
5.718869986371622610e-02
3.203481161146612410e-02
4.014500199331104413e-02
7.568866515871841560e-02
7.535966632477159033e-02
5.433078966862604775e-02
4.936153686994590450e-02
6.636093477514719285e-02
5.474355005862831247e-02
1.662246349585237426e-01
5.681487353831342624e-01
3.405231962688813341e-01
3.142351148037584863e-01
2.154056320261601154e-01
2.212605983484437211e-01
1.794264581504911582e-01
4.986682647536191393e-01
5.478540045652415813e-01
6.675167878141808897e-01
4.575382378849272014e-01
1.883676813928463756e-01
1.819860474211751622e-01
7.077415691245966811e-02
3.416392548978520322e-02
2.795406391750738032e-02
4.285058731037512392e-02
4.013880015469540458e-02
2.351705948681459199e-02
2.854880010608296104e-02
2.238856416687624862e-02
1.567553293901056966e-02
1.691274663032235268e-02
1.611700056515417978e-02
2.073455210751437225e-02
3.087461852178716507e-02
3.250661482417331605e-02
1.944216392374518987e-02
2.426948324815542124e-02
2.314068679387724578e-02
1.540689988646599257e-02
1.303582634462282716e-02
2.368302483379462059e-02
5.557512033795396211e-02
8.498010640009973082e-02
8.122027286498251231e-02
6.243591726122368901e-02
4.218200471193830903e-02
2.775554123623966488e-02
2.102953042357502342e-02
1.054976387702765382e-02
1.339077326628149330e-02
2.227377020601258722e-02
3.244624848814858104e-02
2.964302074406591561e-02
1.830491915991703383e-02
2.199310649757158301e-02
3.963630179063794279e-02
3.100172146685604285e-02
2.687133843970048244e-02
2.426048117446217428e-02
2.517688904036427186e-02
5.342756120884566834e-02
5.308951793122285157e-02
6.516888028014528045e-02
4.742034128227896883e-02
3.926777282250318302e-02
2.404083478046411051e-02
1.998835043541411643e-02
4.352251700780451066e-02
2.947722277344587416e-02
2.060988853214937647e-02
1.319427841297367461e-02
1.728674233782113295e-02
2.560512276067607521e-02
4.444475592923902152e-02
3.083502803324344316e-02
1.028203051056902628e-01
4.882068930187935529e-02
4.302871059940460013e-02
3.681537341859437984e-02
2.161131596777019631e-02
1.298277695597498463e-02
1.811103563422822652e-02
1.877330138104693624e-02
2.654932173803350309e-02
4.703034808833124469e-02
6.377999200410816583e-02
3.254692637499780050e-02
3.125781057260722945e-02
6.692740487907275493e-02
2.847253455704677055e-02
2.518916782286379635e-02
2.006434869075278057e-02
1.751995405510966067e-02
3.298429552078067928e-02
2.298234241703098896e-02
3.044940436519546698e-02
4.405796665150219643e-02
3.656132309122130802e-02
4.131188726353110519e-02
1.062434046304114588e-01
3.990346145842859071e-01
3.272339090649919457e-01
2.778975653953713598e-01
1.039455015168386232e-01
1.744524082936870502e-01
1.764367122656902154e-01
7.999030734824638667e-02
1.250452459290890550e-01
1.422021942316528953e-01
1.249082919245805279e-01
2.103147393684781652e-01
4.253090673368667418e-01
7.050347042197752101e-01
6.259265440161707605e-01
3.229735416594020081e-01
1.363253426799361234e-01
8.992191317701851705e-02
2.354078075970845452e-01
2.451243883123339351e-01
1.155139293540972251e-01
1.078954319570097770e-01
1.064103376636918591e-01
4.688090669190825982e-02
4.381338195596798379e-02
5.143882142677611014e-02
4.963261048583379742e-02
2.529507822289859056e-02
1.549339428277953477e-02
1.083850551947534123e-02
1.245550650458717573e-02
1.502072907527538838e-02
1.673059743700220509e-02
1.944097239512072167e-02
1.805634634071343753e-02
1.047947471703568681e-02
1.498859691571887039e-02
9.322021960698801540e-03
7.741625436184534047e-03
1.144667301292506649e-02
1.029975408360681022e-02
7.749917550727432672e-03
9.042374179712247412e-03
8.649180243009646496e-03
9.761805340037614520e-03
1.785167534900423611e-02
1.878641763483625271e-02
1.835178914486117890e-02
1.365691702024754255e-02
1.101793272584686290e-02
8.918852890006354756e-03
9.564887118817290423e-03
7.412390775682296644e-03
8.796917139298348481e-03
1.024112381454976919e-02
1.154159626632583931e-02
8.833030132813744773e-03
9.318789406786570639e-03
1.010370086300457770e-02
9.248489430800371433e-03
8.981210445869520012e-03
7.541309142034584995e-03
7.361351333766257173e-03
8.583923206166270067e-03
1.420949921051729327e-02
1.271970226207487856e-02
1.907732676952789835e-02
3.128537539714180971e-02
5.368452882786060171e-02
6.543041767646837203e-02
5.008027011048137717e-02
2.939510438551695345e-02
2.337990816944829006e-02
1.758305559134257234e-02
1.734109602240869324e-02
2.064296354389109911e-02
1.983729797332616646e-02
3.233489998060071202e-02
3.662468671134354314e-02
6.770301816185497756e-02
1.147226948325478640e-01
8.440559607267159037e-02
1.361010067404289370e-01
8.751412045743497958e-02
9.739239218263794073e-02
1.819385794095239317e-01
8.814333729886426883e-02
7.679108439888415738e-02
6.719295567441770090e-02
5.249912367564105869e-02
3.930531957409036381e-02
3.427796947039995351e-02
2.702434526117802188e-02
7.572787717304893529e-02
5.871206791371159223e-02
3.434077729429534098e-02
2.441672085116721944e-02
3.009307564524963188e-02
2.668929709468585362e-02
2.039803362395662539e-02
1.976601057593549080e-02
1.390198763956121582e-02
2.456315552809838418e-02
1.381863155909039340e-02
1.781021777745510348e-02
2.841466908946023787e-02
2.563329280515062869e-02
3.045442641369335360e-02
1.864829494723187903e-02
2.164631009131006908e-02
4.124071766547018902e-02
3.184773320447217143e-02
2.650149441568845979e-02
1.903428274437984555e-02
3.383449248895570999e-02
5.213515976283993741e-02
5.572351471105601445e-02
6.350569609251735526e-02
6.590616626324120875e-02
7.084698261740897396e-02
7.423665147679378573e-02
7.083441788186591037e-02
5.422195546871981520e-02
6.553787283855978807e-02
6.866644720708044158e-02
1.124480379655796447e-01
1.534391784332913844e-01
2.693270632443348078e-01
1.362793320170206379e-01
1.495946784213225966e-01
1.176175887885344690e-01
8.797062051330326038e-02
1.205311531952523996e-01
1.314340872912026503e-01
1.461985126921145628e-01
2.175860389291661423e-01
1.877701059935266703e-01
1.368425674227884414e-01
1.109492990688236008e-01
1.768609426266756490e-01
2.051973964624807523e-01
3.230605704957645874e-01
3.735069450763084387e-01
1.991602240720819483e-01
1.230794464924722109e-01
1.204868279575084244e-01
6.160083057300520804e-02
3.518184841067016622e-02
1.686481166215096292e-02
1.578053639213554404e-02
2.076417979183257587e-02
1.485456188563371270e-02
1.462149365697856980e-02
1.347903978098110959e-02
1.568837858919039721e-02
1.608922861345809738e-02
2.114669589766047728e-02
1.295937612754739614e-02
1.291394863052955019e-02
1.292581139085348906e-02
7.352755626855269830e-03
1.077981137943455001e-02
8.703463910134569964e-03
9.202857407390531083e-03
1.743450601255246493e-02
1.075903560950671259e-02
1.256596789440005656e-02
2.245460179436904041e-02
1.696379147101367835e-02
1.031906197933378684e-02
8.621299848361175383e-03
8.088625046169157368e-03
1.083309941094874260e-02
1.031173962393713665e-02
1.075105805423973333e-02
6.088192792915723614e-03
1.252043489790474577e-02
1.123689810181014229e-02
8.178099882495525746e-03
7.142957886661375523e-03
1.098570996108719049e-02
3.412116856964526879e-02
4.484304212612959251e-02
3.906431712523807109e-02
5.431095365219755500e-02
9.462457985862399168e-02
1.803827787962910822e-01
1.793653831031828405e-01
1.296061459367444102e-01
6.377878522858734800e-02
2.964559687912419680e-02
4.659349425765799135e-02
3.406564211749480570e-02
4.126304465882150996e-02
2.718150832175942472e-02
3.015518343991572744e-02
1.881208869783789969e-02
1.776329129308356833e-02
2.114455491509148813e-02
2.512212912079579696e-02
2.406131165896635907e-02
2.623104236187881813e-02
1.350820182701592542e-02
1.889682185006247989e-02
1.346054590134079798e-02
1.009819905979938114e-02
1.238350865137802237e-02
2.069236256468215754e-02
1.628108962875122676e-02
1.619775966342789850e-02
8.914683117187353206e-03
1.121236174867507214e-02
1.572207788522492211e-02
1.867092718922351222e-02
8.087555096395053142e-03
1.463548356228077350e-02
1.421344727716502936e-02
1.195478633531616916e-02
2.728427898106001309e-02
7.889767145635290246e-02
1.594820185411653379e-01
1.780384226700238159e-01
1.425510619950276781e-01
3.438503138818886362e-01
2.713714301755058012e-01
1.209409483561950105e-01
4.063200079117555708e-02
4.288765616694412836e-02
6.774374650219781857e-02
4.373477166484407430e-02
2.279705092922675036e-02
1.214158019647848703e-02
1.256753123363256799e-02
1.071580742666632287e-02
1.263509953317687798e-02
1.056063692787140122e-02
9.235177090846589595e-03
1.694809145402459069e-02
1.586032974635099430e-02
1.174953075129188049e-02
2.445019457504820498e-02
5.808622395939676275e-02
8.837961864301681347e-02
1.128054012731646849e-01
7.464225752077223441e-02
5.144378674936146700e-02
4.636389526622090862e-02
4.663207842585260360e-02
2.813997170229659908e-02
2.696600486783895523e-02
2.288066369823186369e-02
2.133567371469585056e-02
4.816263658212853460e-02
3.213804036357088834e-02
3.838294304573774962e-02
2.893093261989971091e-02
1.836614320353023924e-02
2.489863296325336289e-02
4.030673880786646290e-02
1.012249588688342167e-01
9.753083371639793830e-02
4.446277035758065821e-02
2.793615452705286092e-02
6.540982547276209813e-02
3.806037828112340121e-02
3.607515923899378557e-02
4.642708001104813020e-02
3.068736822237783102e-02
3.537076341062850987e-02
2.882908664677370086e-02
3.221401045892222093e-02
3.513599856020391959e-02
3.912507563870881722e-02
3.274427763410665826e-02
2.192579916114564473e-02
2.187135823049955741e-02
1.448932153669121523e-02
2.124990480515864116e-02
2.402429828163794162e-02
1.877178749909934677e-02
3.783290581029991745e-02
6.857032023579648361e-02
4.301777662080325665e-02
1.416335296103900798e-01
1.582052905508690988e-01
1.126840877202712199e-01
1.186867670672074049e-01
8.748071687423639164e-02
1.137398804259717178e-01
1.148106445481115456e-01
7.846478481441929165e-02
5.133036300547425684e-02
2.994469221153963495e-02
2.912685002399163087e-02
2.103157754541462934e-02
1.337809268744700845e-02
1.505832419728209137e-02
1.936278132959839623e-02
1.814001920263750081e-02
1.672828143980723339e-02
2.471490965836395035e-02
1.789144962879330586e-02
1.468863873658119920e-02
1.453993860889882597e-02
1.790157196250125385e-02
2.007030314827613904e-02
1.392690156869434183e-02
3.292430405767345081e-02
2.735593957244404975e-02
3.764995110297322811e-02
4.466180847514089614e-02
2.626960626533707266e-02
4.530390134995711249e-02
5.985286822863592621e-02
4.133571541891124801e-02
3.508054219510772787e-02
2.575260466154511568e-02
1.349135726091654081e-02
2.835569162469977686e-02
4.609965637203317090e-02
7.664337700416137822e-02
6.062698909241364537e-02
6.532156221054537248e-02
6.029648112649211439e-02
7.212915270690826997e-02
8.899338804464224095e-02
4.495680474832348256e-02
4.060172786167330627e-02
5.150105224107859314e-02
3.470494139110975873e-02
2.186680226684855829e-02
2.326784311101881553e-02
3.055494121075289643e-02
2.561531111396201515e-02
4.331336055019244929e-02
5.255898296808530351e-02
5.365718864897880969e-02
1.993034421149750546e-01
2.098015367736857650e-01
1.996412419995355902e-01
2.264243697256432819e-01
1.237261862912109323e-01
6.598290792015992778e-02
6.479180706918068189e-02
4.653115452039024991e-02
8.178418538796129733e-02
6.236657864119405509e-02
6.570473981447898237e-02
7.019183011523019711e-02
1.662628993806113953e-01
1.410797302452497792e-01
1.143548716631356127e-01
6.147322442466178483e-02
4.866122368792039771e-02
4.899995597742066999e-02
4.174844298226838141e-02
2.865335908085899636e-02
1.702728192648464769e-02
1.675824394699082856e-02
1.284144951342888058e-02
1.568608150863974246e-02
2.671478821538392223e-02
2.349051240029046903e-02
2.122676010364116933e-02
1.224925030403153058e-02
1.841844096457085495e-02
1.477556655852511718e-02
1.050542880731539057e-02
9.055873673787755498e-03
7.701293640388310636e-03
9.799183921822156307e-03
8.566668978097618029e-03
7.587472951071340226e-03
1.223466884541778328e-02
1.640410773175177486e-02
1.050502996974627019e-02
1.752666567226061900e-02
2.447673472144372073e-02
2.194525794709662261e-02
3.536848623173767525e-02
6.794800903768744016e-02
1.094960802389380594e-01
1.428972755545992457e-01
1.385179197840440968e-01
1.582011343010186200e-01
1.477644457865740779e-01
1.912123400198544876e-01
2.249282004117406086e-01
1.370124006915089954e-01
9.656645819052930846e-02
5.282296105462620794e-02
2.713928693594874070e-02
3.937234059581289775e-02
2.772752129017206496e-02
1.767993659114590332e-02
1.776015639093197346e-02
3.936990717236043408e-02
2.888130308575268326e-02
1.826929235515581049e-02
8.046582489774460611e-03
9.190715490018751613e-03
9.878020842659849393e-03
1.351364546874024401e-02
1.826466760123029304e-02
2.904002923782470630e-02
1.509631195785809954e-01
9.496263153384905398e-02
9.842047004398428445e-02
7.370646271292802254e-02
6.810067100690533892e-02
5.690188691988160019e-02
6.154579185729729118e-02
8.653548453864225165e-02
3.911734563616654087e-02
6.820025885091042517e-02
6.435427906710192159e-02
5.142885534511754814e-02
2.258406766882364858e-02
2.322791695846739696e-02
1.967025546429006927e-02
1.049368428218268486e-02
1.858453879035213557e-02
1.165144543187211432e-02
1.806900918305744119e-02
1.628820561521648891e-02
1.171830715062724231e-02
5.734828769990324079e-03
6.356325714709570515e-03
1.028760474142151327e-02
1.305098522875507844e-02
1.652023862140716837e-02
2.228653235214701073e-02
3.304175202324933364e-02
3.421248382487923623e-02
5.065599856552553681e-02
3.044284659954251543e-02
2.647533630333905041e-02
3.720960350405318195e-02
7.755459079427191871e-02
5.292138182694169912e-02
5.146895157047867014e-02
1.902074897756080712e-02
3.216785831561108644e-02
3.200606358039380372e-02
2.314395883706838256e-02
2.708773344578943240e-02
1.268876328322657634e-02
1.304007728056796010e-02
2.189872831363282382e-02
2.864798951948777442e-02
2.044176680437687771e-02
3.346227137448974653e-02
3.369661853287703179e-02
4.865894553285527585e-02
8.804465702288198636e-02
1.228840783336829917e-01
2.816191900278376958e-01
2.010043377598150216e-01
1.009295866330182367e-01
1.646161981971302479e-01
1.449180509251294380e-01
2.174071857611049596e-01
1.283855492599368930e-01
1.917828628029347171e-01
7.281207977599600534e-02
5.702960609866081221e-02
2.765657801184634793e-02
1.295683437948045094e-02
1.943978628662238264e-02
4.272402352799804792e-02
2.413730871966473721e-02
2.404031077777285530e-02
1.524968367705081124e-02
2.459221236463833560e-02
1.534035982408452764e-02
1.875368964013717984e-02
2.380351468260993864e-02
3.461398065809009189e-02
3.415852600509438480e-02
3.398604133840144037e-02
3.333058552524798684e-02
1.827104346501757029e-02
1.247714107707639450e-02
1.134653492561910060e-02
1.710047018248726791e-02
1.063301508351072004e-02
9.561026794555822425e-03
1.238095420150839288e-02
2.315538773097602573e-02
2.600554025853257442e-02
2.884507522587900427e-02
2.880776157036621030e-02
3.909853726791792661e-02
5.246437586939605574e-02
6.354360962100538690e-02
2.926274689615598543e-02
2.346627860048988712e-02
3.183560058880571114e-02
3.413291883932827175e-02
2.432675378590142684e-02
3.193984689450742043e-02
2.010554560411822664e-02
2.134591772660569126e-02
5.575494627174954615e-02
2.908450940517575897e-02
3.303506227557770347e-02
2.431411570274536263e-02
4.255742685973101097e-02
5.380433059885885577e-02
4.554659208392966563e-02
3.637255386313959643e-02
1.743522105552617815e-02
2.499712242510793506e-02
1.662954494235840269e-02
1.315338018935268034e-02
1.041737708136316470e-02
1.321483421557712035e-02
3.726384202705427390e-02
2.396266724664123868e-02
5.882083781891589425e-02
1.002612603302904248e-01
6.477251649453776017e-02
7.353183618035162572e-02
7.402614095394052796e-02
1.389822894682350429e-01
2.480778484162147468e-01
2.507964384907359623e-01
2.640526651453502516e-01
2.765225599815152591e-01
1.479639967979668458e-01
1.186233088632912824e-01
1.276623698810172014e-01
7.360463149926978199e-02
4.391451737249795623e-02
4.987187285298133599e-02
2.938820654161141896e-02
4.181697596450625193e-02
1.403938629205378312e-02
1.189406710866031981e-02
1.578104953198862168e-02
1.860469860795516822e-02
1.389003503772961653e-02
9.378805555309961683e-03
9.505819939103004115e-03
7.753416109410684459e-03
8.448937248387813903e-03
1.153353871081991104e-02
1.176285642035433850e-02
8.935805162240070126e-03
6.400332461000509364e-03
6.939927561493515994e-03
8.722498371907829590e-03
1.087849925272879256e-02
8.803002478400956746e-03
9.709870801064279799e-03
5.992961781310239371e-03
9.369566116805052788e-03
1.557559885213638876e-02
6.844977849280359933e-03
5.929485009539146347e-03
8.657427528203696585e-03
1.241129442209828321e-02
2.856601585778854868e-02
1.242451593126342631e-02
1.589292460821673664e-02
2.104552571769273059e-02
1.325582020042895270e-02
1.535496805317184375e-02
1.362055052992436344e-02
2.050918026826213658e-02
1.774801089310269059e-02
1.967847708512005661e-02
6.987539759857597232e-02
1.387294068454853480e-01
1.056711986967054373e-01
6.930843138095178768e-02
4.576393489445037405e-02
5.531601278437941333e-02
3.504741379462845974e-02
5.678395472760051910e-02
2.720930701202524740e-02
2.308414929402781424e-02
1.510456191788315042e-02
8.980451347750890989e-03
1.865025521071508180e-02
1.732353787911063842e-02
1.753309396689414074e-02
6.380154941880603059e-02
3.881339909416632594e-02
2.604860810262171755e-02
1.812625752650061373e-02
1.943605961157424122e-02
1.479313607262414294e-02
1.611556628094846372e-02
1.894466451322050771e-02
1.233334392875754665e-02
1.184495598471664232e-02
2.622600445994494392e-02
4.575528174420646216e-02
1.297520558760551779e-01
1.794537154274782886e-01
1.807970781879526534e-01
1.457202601979026013e-01
1.458133330716146481e-01
6.791885467550184963e-02
4.464536922445645761e-02
2.389365424435422117e-02
1.657156049594701863e-02
1.322010116341412050e-02
1.285192624509338792e-02
2.423090642304506423e-02
1.997509151564871507e-02
1.460458812973200807e-02
1.371019407172318835e-02
1.577753446726944467e-02
1.955438691149148991e-02
1.500462748995397798e-02
2.987322948087700950e-02
4.218983556309637700e-02
3.255222784530008989e-02
2.961644551059344072e-02
2.483465935269695696e-02
4.579571662414515937e-02
5.014492260087291542e-02
1.411611025829745958e-01
1.934938641969393136e-01
4.329944479287488046e-01
3.056127056530585362e-01
2.891241322726331164e-01
1.999536908906610899e-01
1.002605000860579826e-01
4.473925755359368234e-02
4.303463653450564225e-02
5.603835469221156440e-02
5.246737874770427551e-02
2.833993588584904355e-02
3.265317834783648676e-02
2.811475477797478056e-02
2.456573673261908120e-02
2.227065822882933963e-02
1.179183073937235988e-02
1.119357076530539015e-02
9.351912694461570266e-03
6.873372955001408671e-03
7.826161180141587292e-03
7.245530291521550849e-03
8.898059327387684500e-03
1.135157614902982011e-02
1.787225341639196718e-02
1.694775197184826554e-02
1.001406208813556895e-02
1.087595843895157975e-02
7.221353659990294854e-03
9.116177592286488565e-03
7.686462192167699964e-03
1.145660519510635807e-02
1.103043534757105343e-02
1.894652724180709291e-02
7.086669661229482928e-03
1.168259116468471984e-02
1.241607721728906627e-02
1.483243637981096832e-02
1.237573574117026114e-02
6.569898954480372574e-03
1.447855839846247036e-02
2.842396268261191197e-02
2.625548004649690820e-02
2.100813778631348272e-02
1.708371357673312690e-02
4.096636115933575961e-02
8.204496579942201218e-02
8.401343385299497868e-02
8.009746576546844521e-02
1.270574985114580058e-01
1.224707626578247222e-01
4.225939967881917059e-02
6.876344394083672151e-02
3.937269417772008839e-02
2.974084233190078114e-02
3.284612073001503402e-02
1.750672554177051463e-02
1.128171876266633421e-02
2.089625794363982395e-02
2.607040466063733145e-02
2.952902641140027484e-02
3.208861721137409861e-02
1.842996740157723870e-02
5.071125605516808160e-02
5.311425863122336277e-02
1.851534620860947541e-02
2.618782183172433178e-02
2.755598069415951187e-02
4.422419167993630468e-02
4.133466165261482500e-02
4.355560439766678615e-02
2.978045904555218920e-02
2.612909472699428276e-02
1.661728216108769585e-02
1.525913422559495476e-02
1.254137069297581869e-02
1.850288032063288762e-02
1.512509551088055473e-02
1.505315237019138122e-02
8.769650363436428883e-03
7.283745753931129656e-03
7.356606230803459587e-03
8.138351058383768571e-03
4.265138942331979724e-03
7.758065657431810133e-03
4.515370869262732428e-03
5.390349602644983404e-03
7.451616516953136864e-03
5.329602238919230010e-03
4.284076128121082697e-03
8.870719568346528694e-03
1.143539715952903053e-02
1.027125553808793182e-02
1.491548817092779554e-02
2.032510010084002949e-02
1.782349093159595055e-02
2.850696393695843420e-02
2.260808125625626136e-02
1.899104238401191566e-02
1.430081851752576516e-02
1.734996110405550782e-02
2.107019681956693452e-02
1.001840115430021119e-02
9.119580439864384894e-03
8.349506780815968768e-03
1.083832487429403461e-02
1.485244963795494949e-02
1.353145672572681098e-02
1.325541647383757064e-02
1.310271113850749840e-02
1.504748034622479039e-02
2.545298530473583121e-02
4.265755119253474004e-02
3.016298536136236691e-02
1.687234191892550764e-02
8.574825545692691883e-03
1.232670049726223085e-02
2.449268028287849078e-02
2.721876069453554176e-02
4.167376230650659402e-02
9.669736714277871181e-02
8.259809059815445553e-02
1.413374693538997362e-01
1.736958262394394104e-01
2.084916746667583309e-01
2.055623972792036125e-01
1.480350340457616543e-01
9.520269152533450407e-02
1.796659023195231741e-01
9.741064998349752146e-02
1.008568365950935769e-01
1.053439677698639609e-01
1.263171063931612381e-01
5.536900976238109950e-02
3.313901339933281176e-02
3.591035252946503387e-02
5.993348777476244921e-02
7.531053592287102749e-02
8.212660706815826106e-02
8.332362052860253776e-02
6.568514077782999783e-02
3.338416902525166707e-02
1.629248858627038027e-02
1.738361080831973826e-02
1.329762812877454022e-02
1.832245504348632009e-02
2.585163806390713623e-02
1.922134327579427121e-02
1.971529102223312790e-02
4.195417936073223691e-02
2.471066720901992503e-02
2.290501123708667611e-02
1.226112324214166313e-02
1.072498248519623137e-02
1.291438641609698665e-02
7.417033552878090491e-03
6.339231676467649984e-03
8.622846855967305699e-03
1.025565010911135520e-02
1.266958599221723950e-02
1.466943089393631626e-02
1.629557698549406741e-02
2.164023245584725461e-02
7.948133944037786766e-03
1.144890756173182027e-02
1.219992434379893118e-02
9.123117391253656241e-03
1.854971588626038934e-02
2.494269260578491770e-02
3.173044205743466573e-02
2.034844621768848449e-02
2.643233285116581080e-02
4.351753730952833549e-02
4.136808621026047406e-02
2.456228028193454746e-02
1.806279194046451347e-02
1.308423003673286553e-02
1.783177483109529837e-02
1.281573685632402156e-02
1.244370907466182778e-02
2.233605785399104746e-02
2.271409431271331075e-02
1.764093103426341361e-02
2.601134006857465722e-02
1.465485704169164002e-02
1.250698351819124789e-02
1.357046643684754056e-02
1.348566993165379972e-02
2.167217877212465268e-02
3.011770572465632262e-02
3.576003138213026955e-02
6.194781189948361105e-02
6.611260433076404652e-02
4.599262926980068195e-02
7.011604764362415476e-02
8.031565462880897732e-02
3.656024052584158635e-02
3.195455697254943883e-02
5.244779814726501649e-02
8.171208770375154584e-02
6.878613217495564702e-02
4.887979042663975066e-02
1.400242629359114976e-01
8.518898416132375528e-02
1.277628992887716863e-01
9.961564309425524621e-02
1.076825161756610749e-01
1.230516118517235025e-01
6.451451841709654467e-02
4.866111962745015007e-02
1.347341583151704936e-01
2.266124305104507963e-01
1.905430530269666134e-01
2.974645913072136438e-01
1.703990943942076952e-01
1.110209703637841661e-01
1.009570241215160535e-01
7.438259293459810462e-02
3.380446268593213094e-02
2.248288884576284119e-02
1.155377724358278187e-02
1.504762774682967021e-02
1.339930600310027670e-02
1.370243104256485892e-02
1.073350179917703477e-02
1.052082861056205521e-02
8.930951835474671557e-03
7.104881346091731185e-03
8.065556109164777679e-03
1.669622678673073415e-02
1.368737916394871350e-02
9.287344852572109594e-03
9.119859613768760767e-03
7.832268931872273660e-03
3.504758944942578357e-03
4.753520378949356931e-03
6.897967290620129165e-03
7.105388775953410709e-03
6.968497956390166427e-03
6.135306318337850097e-03
7.615929705734774020e-03
5.740289820957551921e-03
4.130768370628142699e-03
7.171565120416588564e-03
6.220844332629081944e-03
9.577561058207551686e-03
6.168526084532035582e-03
9.669354807897890744e-03
4.615925974881016081e-03
1.401499111836354734e-02
2.540041260129492426e-02
2.409866119272877777e-02
9.070765419695235587e-02
1.785028096709314338e-01
2.198547823691699710e-01
1.570508727097229273e-01
1.101885425495013615e-01
1.369048979086473772e-01
2.157106536454403145e-01
2.998990161718504410e-01
2.883648449227149135e-01
2.840933026737467726e-01
7.499581168923220853e-02
3.690105626407819833e-02
2.823495420284599308e-02
1.752396653810279689e-02
1.351878939647443295e-02
1.135131398785566188e-02
9.984730683250413533e-03
9.665372069240544053e-03
1.127477666972747858e-02
1.493898712326320426e-02
8.904068845272766070e-03
1.149634896193790085e-02
1.439691875855117660e-02
9.415834416191658923e-03
6.890314303715824873e-03
8.835545250935872980e-03
6.564780671908396203e-03
8.316045596290897943e-03
9.837036996296781577e-03
5.378924532589159611e-03
4.220946367986627007e-03
4.640153259843079504e-03
4.650142450010494484e-03
4.868495378785231073e-03
5.888536116719375255e-03
4.046560000726690670e-03
7.160744029869089110e-03
1.073910447262632802e-02
3.340217631342552035e-02
1.840013902294948198e-02
1.553843133362223065e-02
1.544040840767029951e-02
1.451105664702744685e-02
9.521526936719662548e-03
1.402240794680577850e-02
7.323152826919089933e-03
7.646514687195783005e-03
1.163075675991000549e-02
1.314083913989049467e-02
1.299705667511443993e-02
9.149293735548430506e-03
1.685451435444619561e-02
1.453249170372675377e-02
2.105634373187479855e-02
2.260548847703376663e-02
1.794213122564189758e-02
3.269626025258302870e-02
1.187612204018010688e-02
1.316503250204992259e-02
8.622297450766385277e-03
1.594319707588321561e-02
1.437136002750544553e-02
2.524116973638684119e-02
1.343448504085207121e-02
1.547029797747382848e-02
1.887646880783139594e-02
2.000321946499376141e-02
1.205374611758366216e-02
4.755625806140955508e-03
4.445414130568790985e-03
5.190258001065224842e-03
7.614404775228232267e-03
7.050232721422513768e-03
1.368427717093663280e-02
1.125142910570794616e-02
8.647591825993341044e-03
1.153541735960414080e-02
1.573076648662263127e-02
2.557199970539388717e-02
2.970918402606579148e-02
2.567329544776332864e-02
3.824794719025314399e-02
3.386708124034810974e-02
4.038177641111811295e-02
2.934684454229928227e-02
1.618106600533765482e-02
3.531933125558527065e-02
3.155484821659264305e-02
2.846046846491760013e-02
7.154382255932281720e-02
4.793960371444702662e-02
1.547009330234524749e-01
1.436746717702162002e-01
6.026012260861011993e-02
9.395553688877021636e-02
4.078971745497162599e-02
4.743577456183808994e-02
3.693628938940188983e-02
1.913028348560408265e-02
2.104071919614694877e-02
6.284271540970201575e-02
7.399141569950132280e-02
5.620108314746786321e-02
5.633093782205290251e-02
7.364136648255299733e-02
7.534711511822975161e-02
6.480105090587444383e-02
5.384888182968181058e-02
5.736989235816462862e-02
2.166234230441339143e-02
1.277135294670114600e-02
1.782616820083013018e-02
3.227247208246365739e-02
3.760731309571496012e-02
1.576135861820600684e-02
2.240038536575674269e-02
2.289417401912893085e-02
1.409101473051506057e-02
1.641582476259994747e-02
2.125316376664676543e-02
2.505330745897099698e-02
1.599804010143713456e-02
1.555993597685372334e-02
2.002675478879131429e-02
2.571419396084682896e-02
1.757866247631787587e-02
9.834357268227702370e-03
1.118443890979260377e-02
8.280485463657890483e-03
1.340410052164639487e-02
1.226852261662807024e-02
1.864430766300961134e-02
2.738716565874620840e-02
3.975535908032228755e-02
2.365788872859241054e-02
2.399252800883363776e-02
2.635025090003855971e-02
2.141805314348969175e-02
2.479232441266180503e-02
4.795521617344499637e-02
7.117161733991914097e-02
6.864581899323589365e-02
1.171699276570452725e-01
1.468108744806350674e-01
8.396002667806629072e-02
9.142811705995899929e-02
9.386891002058192490e-02
5.031604474972883878e-02
3.576429672922570163e-02
2.905085141388768361e-02
1.828093799315915965e-02
2.400082938017766843e-02
1.802687637564166778e-02
2.786111646215677293e-02
2.715818689129391797e-02
4.244419701818692714e-02
2.299725986929136018e-02
1.655290041287028890e-02
2.042057552316543789e-02
1.364892597977417250e-02
2.486440377343578784e-02
4.064212232118669804e-02
4.564201930864824480e-02
2.572524515705027631e-02
2.968783444245105124e-02
4.283722170913479427e-02
5.705350088473688103e-02
6.144402822990051999e-02
6.245551958591481767e-02
4.466216048723739562e-02
2.888519362176800165e-02
1.968673916198330001e-02
1.408585828034139738e-02
1.710773316484585915e-02
3.258606303870965892e-02
3.751875002765212019e-02
2.397373044336547493e-02
2.574175226402068348e-02
3.891441769418662461e-02
8.098407494328024869e-02
4.335733849977692345e-02
2.943173903226801655e-02
2.095122647242209785e-02
1.169398842985378689e-02
4.442695644454274645e-03
5.627618337480037002e-03
3.050256439969453986e-03
2.311964122078851054e-03
2.464845947089435753e-03
2.022329300810004737e-03
1.888543993033373319e-03
1.903006225937644734e-03
2.943347880268377091e-03
3.425176288912520906e-03
2.458514758728489943e-03
2.466162976956434195e-03
2.310397734399374705e-03
1.902354823300885346e-03
1.763684900792294443e-03
2.614913449783066654e-03
1.643781258675023000e-03
1.807599744124902550e-03
1.622750316037091523e-03
1.790084910622855713e-03
2.289216810804533923e-03
2.255985475016944897e-03
2.770240997127265507e-03
3.567850554717278203e-03
3.786966151078990147e-03
2.740691387351059608e-03
2.596848960053182477e-03
1.928483618302956728e-03
1.690246342036329230e-03
1.909712834711585917e-03
1.636014718327477883e-03
4.153984267690338100e-03
2.753068871170861586e-03
2.143832726821868779e-03
2.596637760539964937e-03
2.121879410871915176e-03
3.359276224581559962e-03
2.455376197100203779e-03
2.300370935819007288e-03
3.289091855005091096e-03
3.220379818608976388e-03
2.771209470400530332e-03
2.417885277121478368e-03
3.005303454953609475e-03
3.955084444192983814e-03
2.584288340910387283e-03
2.400050478956048793e-03
3.332062479289992461e-03
2.604872173537328868e-03
1.962516356849043457e-03
2.600503592443179253e-03
3.114983311044850888e-03
2.736712263776617821e-03
3.464455120505276729e-03
3.878102105155275137e-03
3.711539747887591945e-03
3.226897891610567767e-03
3.969542256271928540e-03
3.515952733070205373e-03
4.137931003612433344e-03
5.234474471462806540e-03
4.894144804674251288e-03
2.864723727648476204e-03
2.741130978301785110e-03
2.249995014756776390e-03
2.101281078879023087e-03
2.711360443246761676e-03
3.265784027461924536e-03
2.110136141606430878e-03
2.356495775371827625e-03
3.146725691373039070e-03
2.744141909813924141e-03
3.242841449447371460e-03
3.370340449667211767e-03
3.206895047179064446e-03
2.758834134565799848e-03
3.921397751003532009e-03
1.217808773912719585e-02
1.076503823620051682e-02
6.352957494270680162e-03
5.934312933514802532e-03
4.470849732472931964e-03
6.095148905294629944e-03
5.246734023869552462e-03
3.543691085668360715e-03
2.810500369046254124e-03
3.050160993059457260e-03
3.017253198811672109e-03
4.600019981763871918e-03
4.874901365861496541e-03
5.422086983696798937e-03
4.330134855158243937e-03
5.471223859483616975e-03
4.385598632209190481e-03
4.860712223758808029e-03
2.945547678942018674e-03
4.295505998447148553e-03
4.200476526309017931e-03
2.580889011260084284e-03
2.686219245451290042e-03
2.736212854248199541e-03
2.720086161305722717e-03
3.630127827272626190e-03
6.317888276182802992e-03
4.968749027865483094e-03
7.595028715175366173e-03
7.574289327894972133e-03
5.680354953341227447e-03
8.661569927052225823e-03
