1.780406695189043148e+03
1.791326889039040225e+03
1.768564752642749454e+03
1.750045492091434426e+03
1.777447089477509053e+03
1.751743869840747038e+03
1.626386481852414136e+03
1.417076029725045146e+03
1.192815592722625070e+03
1.076758101934810384e+03
9.372280251673577141e+02
8.382206097726794951e+02
7.744927414051960568e+02
7.021168645881825796e+02
6.461704023392019280e+02
5.692141021070148099e+02
5.232963522122895483e+02
4.755598061677632131e+02
4.135837135350673179e+02
3.603495275685299362e+02
2.946715476912796134e+02
2.584485381088661597e+02
2.125362723607377688e+02
1.676912775187327895e+02
1.322486036731153547e+02
1.050631576026338934e+02
8.998195221882588157e+01
7.389160810483984676e+01
5.991136980389178746e+01
5.883775946802746404e+01
5.359500041728569641e+01
4.689511864765426452e+01
4.634893307875653079e+01
4.314226843448666671e+01
3.666540445865229714e+01
3.642514932212029066e+01
3.468686190263020563e+01
3.371394417110604280e+01
2.875932902483756237e+01
2.967279161813555888e+01
2.709717239682648682e+01
2.376119707299492845e+01
2.318322800338726353e+01
2.012123903715545481e+01
1.953749292978979923e+01
1.858691700593306351e+01
1.780457004023465117e+01
1.765509339219881113e+01
1.752457210991694581e+01
1.791485045116331420e+01
1.442056675317276948e+01
1.318726015454914346e+01
1.387469754845898962e+01
1.255336530571582010e+01
1.228760824014285191e+01
1.154376776719930398e+01
1.134297443684394402e+01
1.064152128916563811e+01
1.021626266880207368e+01
9.950967542908065511e+00
9.325221930110771495e+00
9.120372637976945640e+00
9.046517590219112392e+00
8.191680489137663557e+00
9.071246682537129402e+00
8.351048533988221223e+00
7.354233231565112661e+00
7.795811814877227519e+00
6.978874187108005778e+00
6.910076646139113876e+00
6.897981860970536339e+00
6.254896594095486151e+00
6.133218548931411718e+00
5.884874361284559541e+00
7.030374997039127827e+00
5.847199036894693336e+00
5.294873200655811019e+00
5.699373428222196836e+00
5.111574209992853390e+00
4.979963131376601737e+00
4.973359495844325018e+00
5.015792600583361960e+00
4.213891303161524604e+00
4.132731281066043039e+00
4.053903452070237279e+00
4.474757594608485434e+00
4.180878201020982843e+00
4.045663730078549847e+00
4.216119222569385983e+00
3.814127327501203535e+00
3.672169507185060855e+00
3.521120672110327199e+00
3.330309517859967094e+00
3.332877860405114134e+00
3.547167368820482114e+00
3.032266376692033027e+00
3.086665707573442941e+00
3.107620848005620662e+00
2.901050399007521818e+00
3.069945467005958495e+00
3.415695560771998096e+00
2.720984521748035512e+00
2.708913935652605964e+00
2.536707538785839766e+00
2.542197302435181605e+00
2.516333173119337463e+00
2.438262547229618882e+00
2.330273494394953460e+00
2.343955735930351114e+00
2.524322255789568814e+00
2.421530341895392624e+00
2.730513201752577501e+00
2.225642968842109770e+00
2.213569228076361028e+00
2.079580984114925091e+00
2.135592738543901969e+00
1.984249245140322415e+00
1.888173899970224001e+00
1.884438282661844877e+00
1.841462155674733703e+00
2.111471615602745988e+00
1.834558821989952238e+00
1.809419148348617057e+00
1.839382418763836569e+00
1.765071086091301034e+00
2.042958557609629189e+00
2.058982159791245881e+00
1.781108184488497503e+00
1.763453483994484206e+00
1.992068697897686258e+00
1.889778499726142647e+00
1.632493962798349685e+00
1.514341691345981067e+00
1.564156966598999166e+00
1.456865159744378690e+00
1.563240350205968188e+00
1.384967288025442889e+00
1.508640036528302364e+00
1.444850684193549561e+00
1.488169916665833536e+00
1.629070062453252143e+00
1.502544078741695266e+00
1.245156741026001601e+00
1.262462638939475079e+00
1.162829051202148190e+00
1.154339695530894883e+00
1.256225750629339277e+00
1.378959773090549845e+00
1.313474852601505649e+00
1.149999179371178126e+00
1.271273019048100528e+00
1.435160816148565610e+00
1.139611041622152321e+00
1.052261422538565139e+00
1.112573572030004510e+00
1.009329050766150981e+00
1.087824313840766388e+00
1.082251288430170266e+00
1.169170511365515752e+00
9.909128750723511514e-01
1.130003710949674334e+00
1.035566393547661113e+00
9.384800929393695146e-01
9.438811840380204599e-01
8.608491958467735516e-01
9.766376199857873530e-01
9.586717053819396872e-01
9.213149652581035243e-01
9.432968284221030508e-01
1.090666578172985401e+00
9.739157456482588904e-01
8.606248791795260145e-01
8.768269950724381090e-01
1.017135291495021132e+00
8.822747219865166857e-01
8.502550732456738425e-01
8.424905158717443943e-01
7.639438349255710525e-01
8.342080069827741973e-01
8.235846681291653093e-01
7.795733355189127245e-01
9.437001105631351860e-01
7.985704386019156775e-01
8.985004120921649129e-01
8.548913520176437686e-01
7.476306460749431171e-01
7.594131208264941479e-01
6.408885881944507146e-01
7.137159189105892754e-01
6.870924881283720920e-01
7.369528030502383587e-01
6.992954997460005817e-01
6.390633917283664589e-01
6.574435351751597434e-01
7.075118591390212597e-01
6.895277965623176630e-01
6.479234160666641484e-01
5.791960062128265196e-01
6.797748947067402403e-01
7.294444411810138140e-01
7.303085815774850165e-01
6.631555191748432776e-01
5.835341741217473510e-01
9.747933596019274782e-01
1.197366082332571136e+00
8.741828211356730272e-01
7.511300998061012368e-01
7.961081552062180267e-01
7.863629914435219526e-01
8.324092988382226777e-01
7.138705495907085030e-01
6.159948996807537158e-01
5.129922288742314596e-01
5.074885790787967421e-01
6.346267435882689822e-01
7.200771258498182004e-01
5.256188641892244329e-01
6.545434530087518299e-01
4.508523999189348874e-01
4.953135356317586169e-01
5.399454754226894471e-01
4.750127259945314817e-01
4.558330753583182404e-01
4.536125982301513204e-01
5.539708699263481417e-01
4.393728897539362910e-01
4.945435899957604797e-01
5.138559205038498723e-01
4.836747711437586195e-01
5.831373209192733942e-01
5.039853804204651455e-01
5.614178088562233881e-01
5.999542272122249109e-01
5.216067433702118450e-01
5.792589354521779921e-01
4.778121903461398090e-01
3.858690191602522357e-01
5.016661557578128150e-01
3.728838335581324825e-01
4.055233690199337437e-01
5.673022363808327695e-01
5.023374489305235668e-01
4.181038946407865664e-01
5.108367136409566189e-01
4.893553916312041729e-01
4.076314609877319528e-01
4.651293532241480566e-01
4.997656925525566507e-01
6.613456231691927645e-01
7.333432936143441383e-01
5.536028273160540358e-01
4.065974176995498235e-01
5.587155103598022698e-01
5.893594383430915684e-01
4.480180309231923119e-01
4.602560963337299915e-01
4.218553388933902748e-01
4.713538507063393390e-01
3.872469046806717996e-01
3.193829181822283592e-01
2.927886644672441085e-01
3.154589323745146112e-01
3.434787898849800958e-01
2.973513632230959658e-01
3.423909845535424434e-01
3.271933345914519453e-01
3.506458834550968406e-01
2.592722409809241624e-01
2.513883278301214386e-01
2.556104460187417771e-01
3.296195347654304886e-01
3.357614837262110630e-01
3.275055211044271553e-01
3.296212127299147365e-01
3.565243338926281647e-01
2.848442593994927607e-01
2.656944770197913752e-01
3.263987517081547995e-01
2.791492348916786437e-01
2.810814233658381900e-01
5.074095743135983438e-01
4.816556742103239031e-01
4.454597945682964855e-01
3.939822118170885346e-01
3.381633672066853280e-01
3.930092526781286399e-01
4.411739382199754700e-01
3.617133026951112051e-01
2.807658661089897922e-01
5.783011067772638736e-01
6.894897649583053845e-01
4.847265165090447470e-01
4.999720811614113414e-01
4.201015797410111996e-01
3.419159898709489553e-01
6.102394317676421709e-01
6.274424654980724769e-01
4.682547290697768871e-01
4.001294941614794154e-01
4.070813461060026062e-01
4.973532400019143318e-01
6.034918673353317775e-01
4.358564353682171655e-01
3.305046412513897303e-01
2.206717167261096069e-01
2.338353239158650898e-01
3.673262676034667606e-01
3.417396268218615418e-01
3.044552395469162231e-01
1.885085020837128367e-01
2.484000416718754323e-01
3.461846712201882004e-01
2.572320752126847077e-01
3.901495146539212810e-01
3.397557149424741407e-01
2.791834551665217656e-01
2.771453021671276273e-01
2.184152380187275866e-01
2.395433388259728957e-01
2.317678755444805005e-01
3.753723522182068617e-01
3.363987465599637683e-01
2.935597054604638378e-01
2.209892137753591002e-01
1.698662051244169691e-01
1.651823184927914412e-01
1.433117682393095782e-01
2.078826970817426456e-01
2.236970352627158654e-01
2.207593229902586884e-01
1.728781377486962589e-01
2.036165471494613965e-01
1.884259167869218599e-01
1.521270431497010744e-01
1.813765700563655658e-01
1.819225317899180738e-01
1.313958192997400909e-01
2.417013150957421364e-01
2.229110894178506219e-01
1.894859732521740059e-01
2.007823682555837097e-01
2.357808071653246240e-01
2.539062847720173766e-01
1.607541003728729656e-01
3.844278807183175717e-01
5.146923399936341736e-01
2.859802049602290230e-01
2.016943863141248960e-01
1.606521265140951060e-01
1.744094553527019142e-01
1.738451637524735527e-01
5.048658380150584657e-01
3.700291603023384557e-01
2.774648696424099059e-01
2.405534172762864575e-01
2.442994932389549456e-01
4.094882275183370779e-01
7.327043327018689656e-01
4.794365032390820458e-01
2.433892368249555294e-01
2.113687273578697678e-01
2.638320746063640421e-01
2.440037757613383040e-01
4.874773490747117966e-01
7.904756306391527154e-01
7.898723294531427852e-01
1.077977870139701588e+00
1.136563994637207475e+00
7.146180213076491761e-01
9.699971146361183738e-01
1.137433316699277608e+00
7.200619379159507449e-01
7.918012437881747356e-01
1.449828079729346797e+00
4.368114689965371111e-01
3.403824382741009180e-01
2.531817795224954315e-01
2.607877915137865599e-01
4.216706550333201298e-01
3.059967835524562974e-01
3.579403220410552477e-01
3.864150176109766854e-01
8.120971028991920138e-01
5.510834058190950957e-01
4.016179562692665517e-01
3.032508269401063550e-01
6.063051215562732521e-01
7.394656727747063174e-01
5.414058574640409072e-01
4.021335118146238674e-01
4.165476116151292652e-01
6.077952195737663654e-01
5.737626209958113233e-01
3.014031667778339640e-01
2.105810534888535868e-01
1.994538038246468081e-01
2.123055271207950068e-01
4.343767697564258068e-01
2.950506056445981184e-01
4.844571165635835341e-01
3.692437356520210101e-01
2.154958224266692313e-01
2.736878930455405312e-01
2.542713695411246144e-01
3.754075742519585868e-01
2.262089393020853823e-01
2.316065630970024214e-01
1.641559888797457512e-01
1.783440001759434845e-01
1.828649805521176119e-01
1.573525609875527920e-01
1.618044234222159872e-01
1.556689121326776948e-01
1.591688888680508618e-01
1.311894997859241463e-01
1.318089491368371613e-01
1.790973090931043954e-01
2.089989022505602811e-01
2.683977809801376124e-01
2.661049051991217773e-01
2.430665325312985625e-01
1.351004010194118699e-01
1.095387329005374222e-01
1.227293184374630558e-01
1.934334714268604316e-01
2.010907411191184546e-01
2.066555658950930963e-01
3.824025975080685980e-01
1.760023885206328520e-01
1.158600889509209114e-01
1.048467610685421963e-01
1.295722216418185857e-01
8.154496078433350059e-02
9.022188973486520991e-02
9.268113388628020088e-02
8.130838905553677831e-02
8.281025070072874084e-02
1.070212904092658623e-01
1.259837818124723285e-01
2.090840265177830171e-01
2.167381819911879393e-01
3.456838152367663897e-01
1.850498020507601316e-01
2.074265962753683579e-01
2.976847836274604253e-01
2.626170930148053473e-01
2.049754098745405206e-01
1.755693851723341414e-01
2.463156784954375067e-01
1.613286099979370503e-01
2.321660042966334492e-01
1.231569349014810383e-01
9.307457663348556176e-02
2.131251278523457193e-01
8.602040107201566199e-01
1.035150395420499914e+00
7.307927934594741215e-01
2.374156958271636253e-01
3.250676970875802652e-01
6.196993709176241705e-01
3.204922272759278545e-01
2.133432300696014861e-01
1.641024257353715654e-01
1.735343883388045516e-01
1.684873727621146178e-01
2.496796149978547374e-01
1.600027574961645493e-01
1.741762701159766391e-01
2.301246591965147581e-01
2.712473950592607652e-01
3.708563640052065513e-01
3.150098804597731839e-01
2.714220956975376131e-01
1.944329513146204613e-01
2.845170531690295879e-01
2.119876528110043734e-01
4.034526448005908983e-01
4.832381859163866200e-01
4.598768302029501154e-01
6.138018081341463095e-01
3.446194124881639120e-01
2.958859875246976356e-01
2.052814733391946644e-01
2.480215514067474758e-01
3.438050873822522946e-01
4.322251398267435429e-01
6.469483295075956208e-01
1.651701473782844598e+00
1.208200796497832030e+01
1.024835031347644332e+01
4.322734670559910342e+00
2.836892335675246901e+00
1.754265530201953194e+00
8.499461717991603216e-01
3.473289956136789147e-01
1.946642483727848982e-01
1.900269446398542283e-01
1.292112559274472550e-01
1.809923997964965614e-01
9.596212306991093455e-02
7.674649111563193460e-02
7.376399773357474043e-02
9.647633264546937037e-02
7.829302774095207862e-02
7.249351632394114564e-02
6.031424741530883732e-02
5.936957447510002317e-02
6.380595987657852741e-02
5.416655956358472357e-02
5.454608311370095358e-02
5.092440239275428104e-02
6.495477336774799215e-02
6.297081200772475240e-02
7.302867164410141443e-02
5.711423795436908896e-02
5.144718016831616864e-02
5.702434074049079343e-02
6.744412935347209037e-02
6.437415742691579568e-02
6.445573004182982013e-02
8.050215739192717601e-02
7.615664636377422747e-02
1.363383332968027273e-01
1.715014875620036738e-01
1.569791050120384890e-01
8.451601522158366797e-02
7.759980995983814522e-02
5.492207577671039120e-02
4.712774270932520992e-02
5.686786033383951777e-02
1.912554861566250763e-01
1.664193097815364619e-01
1.342006244947356874e-01
8.933261712434935331e-02
1.451520402611823912e-01
1.175141754698677682e-01
1.322109981116733890e-01
1.226540275039563893e-01
7.762469590940342112e-02
9.984676759614881381e-02
9.401097809433314745e-02
4.896617684137538618e-02
4.865238257459428284e-02
5.359908826166826651e-02
5.419859843660003451e-02
9.318913760314126438e-02
1.190200067694892200e-01
1.329477265944742637e-01
2.779325151469465016e-01
1.980723132369015260e-01
9.990653753205587240e-01
1.160023742731867813e+00
7.332622466708197395e-01
6.651964428981679278e-01
2.494003459194576167e-01
3.055287781308090311e-01
2.216086847176397812e-01
1.453093344069619763e-01
1.214174048312080673e-01
1.031874721294200881e-01
5.514917256498363257e-02
9.826327603821340129e-02
9.991768725376289073e-02
1.460910713637757485e-01
1.024733679636894851e-01
7.506256971503021125e-02
7.879761564144717456e-02
2.266544067325017842e-01
2.571148131089332489e-01
2.545463078919533162e-01
1.761084404466783937e-01
3.731244233729680837e-01
2.135245577106375525e-01
2.623810541799801999e-01
9.806264481339846961e-01
7.902893457044313230e-01
5.078199003644999765e-01
2.508187967346826031e-01
1.478197117740327748e-01
1.794534886773839211e-01
1.124314125686058929e-01
1.426570113287588260e-01
1.661048312035206254e-01
1.479882413354022819e-01
9.616956113519263549e-02
1.028149687461455408e-01
1.227395534407980104e-01
1.006603360727696544e-01
7.668228071550507730e-02
1.299364457373730075e-01
4.414341616197440810e-01
4.887400990435332715e-01
5.778933876586010987e-01
7.433072820926190927e-01
1.548481794586344495e+00
1.291081019802872820e+00
7.168868230306290057e-01
5.225253458161340792e-01
4.893782951734971798e-01
1.709033955697104867e-01
1.194020764981654353e-01
5.899468269398129572e-02
1.623015106009825237e-01
2.624132207723842702e-01
1.770103209812822487e-01
9.522894000444155627e-02
1.042214171918672688e-01
1.680546655135383705e-01
1.817877109304191496e-01
1.347403685826851771e-01
9.611050706892863837e-02
1.196189800316731638e-01
1.231233974265265180e-01
1.282546898334236685e-01
1.018997615532517276e-01
2.084704388439934108e-01
3.200205482149636182e-01
6.133165432341887158e-01
3.241682291627268619e-01
1.675888110595434022e-01
1.270472926168600691e-01
1.250075384728194239e-01
1.519743932194984604e-01
9.962693294265520527e-02
8.648964683180764002e-02
3.030321928890912231e-01
4.345376816049172364e-01
3.489953177304523368e-01
3.334364397962877868e-01
1.827521771509434956e-01
1.168588801755193196e-01
9.658199158050188859e-02
1.150475968078403521e-01
9.947216131295329167e-02
1.585665523028139678e-01
3.120812568103159546e-01
1.913489381802654377e-01
3.674827543071155223e-01
2.994432692214058500e-01
1.855589422725400783e-01
2.322390945355922165e-01
1.434462504883294021e-01
9.554099992452196044e-02
5.888249813525216203e-02
6.900487646606592862e-02
7.242805126779640335e-02
1.171511125735635039e-01
1.673113735787300493e-01
6.835812582726971121e-01
1.266736330922240805e+00
1.240009566427773047e+00
1.343889685981921378e+00
1.838928365240657836e+00
1.621811849493054902e+00
7.206031532349425062e-01
1.044611112283888144e+00
1.288948484986699450e+00
7.767468256836944640e-01
7.558875555737963881e-01
3.343601697424748997e-01
2.699914985641274079e-01
1.571238731267521893e-01
1.231537948451389836e-01
9.293830117956457249e-02
8.180336098996368599e-02
8.612356447998709141e-02
1.031303608129836569e-01
5.733498972680992067e-02
5.395240779624104616e-02
5.037790496482771885e-02
6.587198344336103739e-02
4.827365461514582928e-02
6.362870688213409509e-02
5.047861619862824972e-02
6.871795561931069718e-02
3.824164299139702627e-02
4.016255405069208556e-02
4.884995173377020689e-02
4.547275824396882632e-02
4.940280827355243015e-02
5.760817903929109363e-02
8.739866034563702202e-02
7.194931095256443254e-02
6.626520757407329543e-02
4.890467307063579849e-02
5.557523941327072864e-02
6.622057171889031424e-02
7.494048319773741196e-02
7.288571211050665077e-02
1.651952525278876371e-01
1.584763922453353568e-01
2.980295250936886853e-01
4.263927413585814064e-01
2.833249586854922342e-01
2.876788648647407576e-01
4.359970466513093945e-01
4.121476827438835810e-01
2.818075837721693011e-01
2.126927592683198198e-01
2.058300827505396002e-01
1.918963594753997914e-01
1.261188009515400721e-01
1.284241515093317854e-01
1.470470820167276704e-01
3.778077047218671991e-01
2.167637413610805364e-01
3.694908540858927726e-01
2.554014300970243734e-01
1.945117846809359674e-01
1.529329542424915367e-01
1.487594380313930764e-01
3.582937720601520604e-01
1.593744468358940236e-01
1.063356300881463795e-01
1.213397291270559009e-01
1.121138916814115316e-01
8.549848370227880467e-02
9.597189143562036284e-02
1.585309982539829798e-01
1.088283694853773576e-01
1.035478312196157907e-01
6.547305146634843642e-02
8.047524042752841889e-02
1.551026678449544394e-01
1.501868396250535809e-01
1.289820904270673474e-01
9.667316043645442225e-02
9.884084434994680479e-02
1.118107323394161856e-01
1.360470319391460514e-01
1.609138073400598334e-01
2.538909211287927459e-01
2.329938552125317142e-01
2.779714637546152334e-01
4.148630173232989993e-01
3.371423091948089756e-01
2.415892289198629250e-01
2.970581409272105566e-01
2.584437744476500987e-01
2.904485755066670283e-01
1.335220917756097414e+00
4.205081365175539432e+00
2.757069252177077434e+00
2.006454707489754963e+00
1.035826626964721386e+00
1.600244085000837035e+00
2.305771759533007170e+00
1.994056226453421621e+00
2.259942461218440002e+00
1.683576556037452487e+00
7.532300517006400575e-01
6.319725009669696636e-01
4.579346319915681973e-01
3.478820380054008510e-01
1.715654057113107089e-01
1.209629227249668787e-01
1.228358993390037956e-01
8.914245288177718995e-02
7.371190348861299257e-02
9.645448796437634809e-02
6.342730038454577612e-02
1.100858075830211669e-01
1.353675177550775488e-01
1.016685837481759447e-01
1.047764388974900401e-01
1.102841626005057890e-01
1.042666282454979554e-01
1.142402128035523989e-01
1.910335992971279873e-01
9.351902974791007073e-02
7.387670672902187097e-02
6.507057446945013757e-02
9.985603454282900027e-02
2.745841544357185970e-01
2.071484190193834951e-01
1.512967681703797640e-01
1.241605786457972288e-01
1.711837801596359510e-01
8.983336265732880244e-02
6.833919582901311351e-02
7.262982245261485892e-02
8.865433513107365271e-02
1.038148475529996062e-01
8.661160524283606499e-02
1.020508719310569412e-01
8.883743937624774545e-02
1.211644809292486968e-01
2.184845821471576577e-01
2.236914254234491084e-01
1.817050871470916595e-01
1.692362506169578507e-01
2.102741002908098122e-01
1.629698540878826707e-01
2.371034717943415193e-01
2.694186061232818341e-01
1.594132786268107893e-01
1.353818023990022712e-01
1.083253708739734533e-01
9.239874337977430074e-02
2.042882652567451496e-01
1.408128365329220366e-01
1.149163720621165924e-01
9.898257425196975434e-02
1.099292958632827749e-01
2.686904201764177547e-01
2.864439726126293273e-01
2.116926127912924782e-01
5.684109289559757805e-01
2.797402771051216153e-01
1.258744727284547005e-01
1.239828411972774130e-01
7.289711336453406909e-02
5.535093736289813798e-02
1.264101323469897786e-01
1.293100318901666546e-01
1.969228024704196556e-01
2.428249670966394214e-01
1.487680783682215346e-01
1.582862583873084206e-01
1.922698658890582279e-01
1.935310569430699346e-01
1.981765699214086685e-01
8.223499393057008555e-02
7.248109227776342034e-02
8.657683188456521961e-02
1.003028150765033488e-01
1.103968799462732575e-01
1.899542735046910180e-01
2.107544915261015950e-01
2.082533261341603936e-01
2.641135918970448082e-01
7.237483534876860691e-01
1.981851175402918663e+00
1.410399419424378298e+00
9.497215669158131091e-01
6.459266907487091203e-01
4.343264943740183237e-01
4.488839334629780575e-01
5.374455649690020875e-01
6.781111418707796989e-01
6.414859729004237510e-01
6.990642670930765634e-01
1.962994563149651928e+00
2.785438873384004310e+00
1.984972285190196084e+00
2.652718659324114991e+00
2.133953645929512533e+00
1.173804558916938134e+00
1.473971565784796045e+00
1.088276673193592448e+00
1.096916414383814153e+00
7.908605196392582970e-01
7.035482362106060261e-01
5.549630803404267398e-01
2.279068543825212845e-01
2.525259844536292264e-01
4.299620392815751146e-01
2.029092506769419879e-01
7.470504314554281267e-02
4.579184762881386567e-02
4.677045759470629255e-02
9.169339850937716085e-02
6.398880401881174018e-02
4.489663357682424638e-02
4.703639357284309513e-02
4.959420423980152870e-02
3.326829538482655585e-02
2.695212670483166165e-02
3.130625531489338725e-02
3.335753931822611762e-02
3.037261296450934414e-02
3.135756266245044027e-02
3.491301189427889473e-02
3.662797178834777123e-02
4.056617813390257093e-02
6.650884923909634872e-02
6.182483593231614949e-02
8.478873867933048314e-02
5.263963716359414124e-02
5.019903957237291381e-02
3.914461718396323314e-02
2.709020314288261566e-02
3.425232979403683431e-02
3.325439465025670227e-02
2.863752031386792435e-02
4.393696892725891534e-02
3.904558854340577784e-02
2.944145122637048181e-02
4.158981127997258415e-02
3.809290108757780458e-02
3.467416569200684751e-02
3.558482730207439965e-02
3.050876655112208860e-02
3.581093019268621891e-02
4.821909146957796544e-02
4.250196969466302904e-02
4.617782171918874412e-02
5.536269034744510653e-02
1.113638585440676482e-01
2.093157565501302941e-01
3.725847696242133300e-01
2.698772827374061323e-01
1.330948509133518531e-01
1.245990663584538721e-01
1.082953721518729318e-01
9.186120716944283504e-02
1.397851726716888843e-01
8.266740915052792071e-02
9.363209383791389062e-02
1.073345113388407684e-01
2.776712927046293689e-01
2.600716149005817268e-01
2.069744482669575447e-01
2.704002543043058648e-01
2.224094371778187473e-01
3.254800429037182918e-01
4.220106385505678070e-01
3.272710696420778609e-01
3.954150612017006683e-01
2.727639940006493235e-01
2.140652430175617738e-01
1.792011236163321974e-01
1.373726775047093562e-01
1.604278834089442052e-01
2.116707535502836413e-01
1.444696940031346410e-01
9.946194000379601774e-02
9.340891636679586607e-02
1.007937707041125786e-01
1.048608252227233723e-01
5.913871728565537472e-02
6.833851611540316118e-02
6.326954078812299653e-02
5.427967894051972941e-02
8.624812807885168242e-02
9.302370276360411028e-02
1.009098690663892267e-01
1.434389681379804604e-01
1.785224052077499790e-01
1.446930703261381235e-01
1.172716236308823240e-01
1.587788972628356443e-01
1.585422822662333753e-01
9.277854201612042995e-02
9.211726147869497838e-02
9.515761326213176274e-02
1.568620764542947854e-01
1.600059913430349756e-01
3.486876729645851380e-01
6.857195743285906531e-01
3.436489834154036194e-01
2.979688150734277063e-01
2.670817032529355095e-01
2.376136625717535644e-01
4.110658374699592277e-01
6.535494842311488917e-01
1.088500240154114174e+00
1.016344361009412944e+00
8.143870865658435765e-01
4.917456103501232634e-01
2.804490184570509470e-01
2.933371540908187303e-01
4.775507699746376344e-01
8.401551572258816325e-01
7.691991120426202588e-01
8.546352995356362170e-01
1.023082505267348674e+00
1.449589260155129455e+00
9.284170417513093465e-01
6.969548155545789436e-01
1.067380297395409627e+00
1.320078225468623634e+00
1.621921877354696839e+00
1.907733797504056472e+00
1.454603275027198883e+00
6.728302292000830631e-01
4.603447137195795791e-01
3.690823414228826538e-01
2.491512939465460041e-01
1.277042526123635946e-01
1.328149768058019542e-01
8.110824777600232627e-02
5.835953222089509951e-02
5.902851413533363734e-02
4.171851900710554784e-02
6.474355715425068880e-02
9.593255962430428940e-02
6.239166132933659376e-02
7.019609204264791458e-02
7.472182581798153533e-02
8.028969522725375174e-02
4.177449782794107058e-02
3.621350738512584683e-02
3.233876927403706719e-02
5.937313392716661586e-02
7.258117363809467315e-02
4.542307997946889997e-02
5.284484608139816686e-02
6.891054534750112870e-02
3.317784763260310521e-02
3.189261300082351508e-02
2.892640691646949230e-02
4.183697184486763476e-02
2.913504428595128232e-02
3.265488315740549402e-02
4.104298729460217204e-02
2.610254782084826808e-02
2.941190452362564545e-02
2.572751369141447822e-02
3.424268219106760269e-02
3.804066618361326424e-02
6.748891068571795382e-02
3.086706357913034382e-01
2.936733606438103883e-01
2.681952738554665427e-01
4.469864214734111107e-01
5.930254115445916518e-01
1.439953501321106888e+00
6.628530597147265224e-01
3.279240268448807005e-01
2.252622943968586033e-01
2.219119278424034336e-01
1.904610670201433709e-01
2.326152681953572998e-01
2.083607665828802191e-01
1.108708560677646171e-01
1.492367901070264236e-01
1.402034989562707112e-01
8.589884698186385503e-02
7.539004645234538560e-02
9.969503785801993312e-02
1.265081984525760483e-01
8.178925633892293601e-02
7.429546443643793296e-02
1.089900504445396323e-01
5.175010023440905493e-02
6.308810638106067403e-02
5.495147608660171795e-02
9.881232581424269357e-02
9.913626143954513970e-02
6.357585585286017194e-02
3.909549810368969508e-02
2.899040915281997366e-02
4.217021207113810788e-02
6.762339760502807107e-02
5.896384598510576863e-02
7.764650219603538850e-02
5.624700459800397595e-02
9.063634495203423680e-02
1.946945017151448798e-01
6.505671895779951974e-01
6.670733311613207261e-01
8.571003051453307542e-01
7.226809822591474530e-01
1.185893883728603271e+00
5.393301157773805476e-01
4.093419723853786163e-01
2.172882605378733678e-01
2.178896361308692853e-01
1.570823290499403779e-01
7.318331261453060732e-02
5.798013450498146898e-02
7.576102842374234092e-02
5.885994346474449773e-02
4.756133731983702012e-02
2.980401805847636074e-02
3.630531850742214905e-02
6.116556552756094445e-02
8.725541461420881217e-02
6.198933826408070669e-02
9.997247107529180776e-02
2.422391114154070213e-01
5.898379187880350427e-01
7.299875608382819792e-01
7.842261257658538209e-01
5.510466327117637952e-01
4.397388822052433199e-01
2.647236495566586134e-01
1.903639119370170441e-01
1.392463744616783405e-01
1.011630034896375818e-01
8.244475777004918460e-02
1.188598003972751449e-01
2.456509871351651442e-01
1.376134709037200032e-01
1.445998646752101879e-01
2.008241153335167117e-01
1.161965434948435266e-01
1.359002132924556627e-01
2.920214632524050224e-01
4.622336068073578663e-01
5.108448561565664958e-01
4.452388323637315182e-01
3.637664730431933169e-01
3.168506387127206780e-01
2.955169805102025316e-01
3.071243194363982854e-01
3.363929068162332947e-01
1.936356117281362865e-01
1.406835759500021932e-01
1.357942510044470030e-01
2.083205304906101674e-01
1.746476525445856409e-01
1.661965165637966091e-01
1.775952586514044917e-01
1.797971158475636932e-01
1.315419902779188799e-01
1.069709970881320971e-01
9.236688064371514906e-02
9.586970843717303181e-02
1.399423604566016333e-01
4.206406966770019906e-01
5.112781459212683011e-01
4.366412267088772281e-01
5.736737778529092946e-01
4.047160705348661347e-01
3.319403929871577175e-01
3.855563982839494419e-01
4.489675368642874753e-01
6.033761825145943503e-01
6.247677566689885387e-01
6.389326056835987755e-01
4.190170868807699400e-01
2.968718758610394692e-01
2.142731315662203262e-01
1.757740353615348250e-01
6.411866410377604908e-02
5.985888885174472235e-02
8.315351187780274655e-02
9.060317683098897956e-02
1.033116826796629528e-01
9.039237493465965279e-02
8.423810428103004067e-02
5.119405453702047942e-02
1.016040351383738771e-01
8.986585295046484179e-02
7.092769376524010738e-02
1.259226147225746828e-01
1.056733674227843256e-01
2.194962881381737896e-01
2.545388624499897445e-01
2.622027064720034439e-01
2.359307199202967109e-01
2.344355370193832999e-01
3.169030126460946617e-01
2.155191903304570222e-01
1.437822212108478270e-01
1.683730069166356480e-01
8.954656971334837290e-02
1.321014528693548185e-01
4.299773909893357393e-01
6.471646970597156878e-01
4.635604984928300420e-01
3.271503710732762138e-01
2.907004113474948026e-01
2.195133904823902415e-01
2.801549107280539852e-01
2.360549488292062181e-01
1.939847091018397918e-01
3.741224644864456494e-01
1.491381837513116593e-01
1.253873782092209399e-01
1.383276883487220832e-01
1.939480536114341347e-01
2.665706505509717328e-01
3.408798412250840237e-01
4.307023480308210805e-01
3.012043588724199195e-01
1.678926714895444983e+00
1.606842754083503744e+00
1.364362399592054853e+00
1.047916522089738844e+00
6.789863604217625248e-01
2.968265254437324474e-01
1.859221528388455835e-01
2.703705606814073015e-01
3.439866836628342472e-01
4.189984770526499203e-01
4.102024995293951926e-01
1.045126280241366779e+00
1.455242755157396095e+00
8.743646603163046649e-01
4.046413093753043477e-01
3.759954222377859256e-01
2.473628679905394423e-01
1.851127352923606362e-01
1.759593574657352943e-01
7.180840434623537993e-02
7.396460605236759855e-02
7.150652177528785125e-02
5.664773859754948515e-02
9.508616406105813157e-02
7.564667569669596137e-02
1.127585148129893605e-01
1.137913621918883733e-01
6.743462640484622350e-02
6.713990896115841489e-02
9.073790061775849347e-02
5.781971454324571352e-02
4.210998729487126779e-02
3.654268291648020417e-02
6.161682274557004485e-02
5.173613600265480200e-02
3.357073403903799297e-02
4.275945378008156467e-02
3.925493383504693318e-02
3.890076404824237971e-02
9.023640400586925570e-02
1.627334296291792770e-01
1.025432029027378428e-01
3.298515796909284314e-01
8.481420103359723628e-01
4.322737486867255230e-01
9.030193055924150558e-01
1.267060565752153867e+00
9.831921319765318801e-01
4.935063948745871398e-01
2.704058296081470192e-01
3.970037020666389860e-01
2.862092208599631982e-01
2.139695462511012614e-01
1.883496903202420969e-01
2.077114693585389582e-01
1.125316198679150725e-01
1.144097515780235497e-01
9.585825941057085631e-02
1.019679332343674250e-01
1.055780560705585208e-01
1.162733670420334486e-01
7.746970391434118697e-02
5.239817426732547301e-02
3.154961947887636314e-02
3.107659212401549589e-02
5.770611915169847339e-02
8.811580301571231288e-02
2.997784600090000473e-01
5.952586976840705812e-01
5.613464137667458775e-01
3.935522536211193967e-01
5.518770735252350734e-01
5.455372384336535374e-01
4.951595182663273698e-01
5.289656414975500986e-01
4.007749473227688597e-01
1.720777023517379156e-01
2.019579301244207870e-01
2.696874510623738508e-01
1.764514318652770364e-01
1.082346821848678836e-01
4.995826032760117275e-02
1.000694205931079855e-01
6.523499734845748799e-02
8.140252967074783352e-02
7.372683108209544811e-02
7.074143454869007142e-02
8.360360312569498076e-02
3.839915763922730624e-02
2.718115979504668114e-02
4.353720449559420752e-02
7.776338187723905171e-02
6.770392274653826148e-02
1.239772960608617469e-01
2.633143406302274614e-01
2.814663107493937111e-01
2.326354574912800621e-01
3.546974793572462703e-01
2.389293918296351849e-01
2.550090762280600165e-01
3.117785291323488805e-01
5.505640186569908945e-01
5.605666054711402335e-01
3.620333738528827561e-01
1.789119250261576588e-01
1.643783856727343007e-01
1.813403999844118430e-01
1.547412807145417402e-01
1.584458027739384101e-01
8.317458905251383372e-02
3.809514039993992102e-02
3.898233072051885545e-02
9.898594747650396597e-02
1.697766744294434416e-01
1.547470919605825057e-01
1.484438503736749682e-01
2.073188945569972574e-01
5.443908425418383379e-01
8.672434771907084894e-01
1.513004129904329975e+00
1.411936305901741129e+00
1.045438017777989170e+00
1.411701819736546293e+00
1.098487155966433537e+00
9.695560273326143674e-01
7.757824085852843554e-01
4.782769110495276310e-01
2.399452262810739811e-01
1.374049673606779487e-01
8.970731574676900355e-02
7.204415284905299477e-02
1.420189473339347752e-01
1.101290941443742177e-01
6.968315107716049894e-02
5.897950779035521229e-02
3.926137440996823463e-02
4.557638509849275960e-02
4.400534339978198761e-02
7.252877582969727288e-02
1.402473276314724349e-01
1.353080727129870597e-01
2.232015717921962128e-01
1.734639118718956929e-01
1.002210611787600902e-01
6.275001979545426212e-02
4.148466419509354991e-02
1.008923797554146240e-01
6.557724512932246175e-02
5.613149308559106654e-02
3.935140991476968053e-02
1.469903695966521540e-01
9.659541742034163936e-02
1.347732560800111723e-01
2.073906386475376507e-01
1.781508008360534467e-01
3.073828749990595299e-01
3.340363817807891489e-01
2.787424210077177889e-01
1.501166474827041464e-01
1.196071458836927698e-01
2.736856476121420911e-01
3.519637275462338954e-01
1.820885369231884932e-01
1.844149095207506250e-01
1.613961925178455659e-01
2.370874927899636053e-01
2.080655384068247349e-01
2.494907330046151062e-01
1.358371768070148200e-01
1.273237826961454433e-01
2.107235135859132358e-01
2.208549783953994150e-01
1.446076916151987080e-01
2.022806130129319313e-01
1.888294873492703529e-01
9.139382097790897663e-02
5.153849430958293287e-02
6.350558272992498643e-02
9.251615732925959346e-02
8.027891905157742702e-02
3.548240716602915068e-01
1.165643363138529620e-01
3.178223782055384916e-01
6.331747069765848446e-01
3.428922051977449370e-01
2.178532927281797427e-01
4.514452061201759681e-01
9.697681755277288707e-01
1.799157323416664234e+00
1.776360808165630356e+00
1.871757351175668882e+00
1.909880068175054735e+00
6.070057102331674059e-01
7.131760200646726222e-01
5.318218490679729182e-01
4.591466430209533156e-01
2.934693728685617842e-01
1.607242562931793517e-01
1.574552035971151787e-01
9.580360731550942310e-02
9.384145297124324436e-02
7.812462398833254495e-02
7.376655531698519952e-02
7.052690930813333703e-02
6.940482504870040814e-02
5.544708271206994638e-02
3.676140870863529170e-02
2.761081296128263182e-02
3.658561878041282495e-02
3.559861511915275722e-02
3.468356394493509604e-02
2.941597881297495706e-02
3.193652435074222778e-02
2.965939162865621412e-02
5.978560595609890005e-02
5.316243801864181662e-02
5.670283744529187181e-02
3.183427135606114317e-02
2.540384218622995099e-02
4.999559439232491298e-02
4.630011229933708727e-02
3.008866026964312698e-02
3.455118950692815522e-02
6.609374362063248631e-02
9.383172809090203903e-02
1.113353813020996480e-01
7.679455678722851841e-02
5.942893008837525637e-02
7.202288216922934916e-02
7.118560946783761278e-02
5.901174767250298714e-02
8.207436655281727389e-02
1.173910294539205201e-01
8.968779478824993878e-02
1.774083125176871834e-01
6.015019323494029679e-01
4.575812664090843085e-01
3.620563507810655723e-01
5.227471699356019963e-01
2.777742369313149218e-01
2.143908477917720046e-01
3.513842960543431260e-01
2.796152731225025057e-01
1.733955606905764335e-01
1.127455858025369628e-01
1.228722671999488425e-01
1.051094733724982078e-01
1.301731573122403840e-01
9.112287877546085268e-02
1.394562600932904572e-01
3.537925443172099116e-01
2.304545411750811013e-01
1.792906644157452045e-01
7.771654548584480682e-02
6.169663108758350473e-02
7.816848735654012559e-02
6.638062935530741893e-02
5.982374194596635358e-02
6.845020037918642108e-02
7.524545248873702741e-02
2.369133823039067110e-01
4.064425952023141830e-01
8.359133827047369181e-01
1.458101975882981405e+00
1.399064460344592531e+00
6.346071888410154127e-01
2.842881093838719453e-01
1.088085488363615405e-01
7.537240905970765681e-02
5.720615562665190557e-02
7.194445126133965085e-02
4.200033936855940980e-02
8.508184785428939134e-02
9.136673627757242733e-02
9.213643581004220262e-02
7.511037484145276222e-02
9.155516580589183329e-02
8.351373453448121542e-02
1.118905077995158426e-01
1.154655690877291474e-01
2.220185533586522542e-01
2.459457942010769282e-01
9.189105898477351042e-02
1.385090876711216890e-01
2.042114703018116095e-01
2.723589650959461483e-01
2.700948354350422576e-01
1.191136559408680018e+00
1.133716141944466127e+00
1.778854719581225874e+00
2.791965926874396153e+00
2.922599728455381740e+00
9.557625679207419900e-01
3.682973679800056188e-01
2.946232787690878929e-01
2.314117636966566693e-01
2.540540175166224324e-01
1.863318014905617492e-01
1.863580551799725871e-01
1.247024646729286423e-01
1.623169024107551928e-01
1.833747016406910846e-01
9.630479865835768483e-02
1.033858808375417992e-01
7.862307358125024404e-02
3.599830708953653813e-02
2.391780751108276218e-02
3.783328651989097818e-02
3.825873192185577643e-02
3.294569812406288045e-02
6.381743356800452516e-02
4.647101337689553413e-02
4.876683538520697886e-02
4.652071750569627268e-02
4.335600956137653644e-02
3.096049990336260244e-02
3.166920984979380155e-02
3.076395726862319116e-02
5.159549672889825883e-02
5.239699009236752775e-02
4.407709912459707030e-02
5.330644607676152807e-02
5.016226904658131758e-02
5.528817777201040090e-02
4.598457139579627262e-02
2.631146183568391222e-02
4.745261251168794714e-02
9.375601433661752415e-02
8.812893530261702024e-02
8.938485898464991475e-02
7.843941557204819892e-02
1.669044338453339049e-01
3.608371510584487685e-01
3.879293099866160666e-01
5.581168335260520141e-01
1.024069231219141951e+00
8.992756463272061351e-01
8.705553480244229148e-01
4.425843055954949978e-01
4.900077444633085810e-01
2.572294088773144916e-01
2.010468369896202534e-01
1.780601781985941545e-01
1.306888980411252954e-01
1.088188926748599183e-01
1.384906132292975378e-01
2.550169266192903739e-01
1.953014194486854260e-01
9.630666025227641036e-02
1.673434009212796947e-01
2.599009150087438491e-01
1.764206792409012958e-01
1.597754360469833546e-01
2.422766350577720273e-01
1.363608790843729712e-01
1.682656573261377131e-01
3.163917860506423319e-01
2.874960409445783127e-01
1.350985266185429079e-01
6.534305627568784414e-02
5.333884245850365607e-02
7.027056996611730222e-02
7.219229928384483796e-02
5.502817374481919904e-02
5.344277799934692152e-02
3.884008630262143769e-02
3.129230374307737095e-02
3.363309846898462907e-02
3.118858571227704768e-02
3.166139467551907366e-02
2.494569803818896467e-02
3.188957182737216234e-02
2.412326992475969864e-02
2.498960355109336104e-02
4.140662018596918265e-02
3.802651359778985718e-02
2.421032761282398971e-02
5.423038358396893577e-02
5.024352417541493726e-02
7.457036306158483507e-02
1.329844394631093385e-01
8.049053763005936668e-02
8.776461203194294014e-02
5.441927542866631384e-02
1.056143718620315836e-01
1.076862594788359773e-01
8.962310852526780836e-02
1.080914084806888498e-01
5.344660487262994225e-02
7.906728979360948262e-02
5.640502311095680482e-02
3.145926803404845706e-02
4.852263281637998055e-02
4.848958241527762808e-02
6.293089348069716427e-02
6.387156914417713161e-02
4.909752623225666773e-02
6.169170231055590148e-02
1.003915483545489290e-01
9.404869566966243821e-02
7.917911118695170059e-02
7.747249749677745378e-02
4.470437326091503127e-02
6.118348128458597768e-02
1.951637889324026875e-01
3.129755107040881890e-01
3.642080947553125725e-01
5.649259350469560959e-01
6.453957580809960293e-01
1.590362154446490539e+00
2.015064221980903625e+00
1.691643979740790282e+00
6.554462731955811305e-01
4.979961847684627463e-01
5.418866550565858420e-01
7.470779676141355852e-01
5.033844628261359144e-01
6.015999297826262193e-01
5.543059573390182182e-01
5.825818144113574792e-01
3.123101411706000197e-01
1.846026901636692585e-01
2.180449374800118578e-01
3.945304624086398704e-01
3.693771248379352778e-01
5.832290661101474649e-01
6.206882524393252387e-01
3.464182849970525724e-01
1.495287211584098164e-01
1.432788329694674456e-01
1.379950143297718479e-01
8.710264573902701257e-02
1.209412194723478856e-01
1.426137722376890904e-01
9.070143140798332670e-02
1.216869760276281659e-01
2.116076876463597600e-01
1.780773433636375913e-01
8.946519054031593088e-02
6.080286318662189715e-02
5.509228384477592860e-02
6.610423970101876601e-02
4.018304916806972327e-02
2.939883121493996887e-02
2.345334902956445686e-02
4.814144432960473091e-02
8.048644619776522402e-02
8.475274086227614634e-02
7.754952574337511950e-02
7.109028456405573626e-02
4.177614458771436445e-02
2.907934418149121791e-02
5.246959816362990747e-02
5.438215495131785288e-02
7.328712165343312379e-02
1.428049774217378942e-01
2.545118909703622534e-01
1.586492690974714292e-01
1.362123557796631745e-01
2.228688162347763901e-01
6.949001804797413917e-02
5.707793311398137726e-02
4.009590164947364477e-02
4.970553531581503592e-02
6.393662144772845057e-02
5.050329114975548456e-02
8.472964963586715470e-02
1.588203331011300290e-01
1.476907235238665295e-01
1.028707162928122615e-01
7.112808585918552196e-02
6.713257773310134235e-02
7.438303016442215920e-02
5.683579234345766812e-02
5.604986192814567780e-02
1.503437961028678549e-01
2.372465981424142223e-01
2.667885166597377400e-01
4.521587001834212471e-01
3.802230114899136093e-01
3.248628944184638878e-01
7.570167505732426916e-01
3.583806116195474289e-01
1.662541383459868460e-01
2.124884797504045797e-01
4.507195804024894392e-01
4.121378932739038214e-01
4.802242649354392934e-01
8.024914590095832967e-01
1.025937805743269537e+00
7.158541703339823536e-01
7.139990146058037279e-01
6.944251257415138268e-01
4.631067222942266692e-01
4.448605668943624303e-01
2.991552274716856030e-01
5.631464879477232621e-01
1.485656563856899703e+00
1.849684242025898095e+00
1.448151371822488764e+00
8.697698137183407230e-01
5.230248648346444984e-01
3.529761155494419711e-01
4.935248450990411540e-01
4.480054185619977147e-01
2.639134437526970411e-01
1.267395377914056487e-01
1.120769657506208022e-01
1.015572930141259850e-01
9.743479819611701453e-02
9.055715249587338589e-02
6.701047615357244580e-02
7.040085901748087405e-02
5.637947987490342372e-02
6.439696408235320857e-02
5.935149885664244701e-02
1.128076591346273000e-01
7.552244195166878116e-02
3.606567675863266847e-02
2.027703867167013341e-02
1.829483921806545482e-02
1.727344030897394120e-02
3.167522690346680214e-02
4.662558127094666022e-02
5.832814395000578828e-02
3.359705110805648320e-02
4.270882043779054837e-02
3.003762371212820997e-02
3.935772586853953509e-02
3.309116074388519790e-02
2.564787338665180938e-02
3.232567394530401483e-02
3.410882982323305140e-02
3.855805112015563141e-02
4.804530696221765568e-02
4.055090003445104008e-02
1.269739201997168165e-01
1.577040220010076932e-01
3.692137947666193631e-01
1.078449942323924216e+00
1.505970304854443942e+00
8.907782366041925304e-01
8.944943674203386097e-01
1.308062064306484418e+00
1.406617339849303372e+00
2.475835197422334932e+00
2.954221072737305498e+00
1.624370858480368662e+00
7.423041806604940840e-01
4.080530493107886736e-01
3.173963960471423151e-01
1.732617647044603360e-01
1.506061403785501074e-01
7.419030595511583170e-02
5.138489972638604630e-02
4.977965831700122828e-02
6.471756527715306906e-02
9.527703518977130581e-02
1.033958838245506440e-01
6.327747849894793664e-02
7.669115584358637827e-02
7.479198134326774106e-02
4.637058888335454654e-02
3.174287304856786285e-02
2.960485723634396354e-02
3.005293142674027307e-02
2.547967162662654120e-02
2.310100557345902764e-02
3.000428964896902084e-02
2.775614986226833392e-02
2.156254369829685436e-02
2.318227168534760935e-02
2.183554365428418825e-02
1.879186333370911136e-02
2.979374944849581819e-02
5.773822451049856475e-02
9.454090834853670633e-02
1.833404636352147510e-01
8.974161270908211085e-02
5.726172358456317613e-02
5.342610900237769467e-02
5.538325992618670784e-02
4.787718672932588654e-02
4.042118636249923680e-02
3.449603179993675911e-02
4.165550485137982373e-02
5.236393451913304992e-02
5.035405665617030679e-02
3.609096795776091382e-02
2.019007099468151170e-02
1.829023984988580737e-02
2.367754978785794467e-02
1.985722749201676920e-02
4.959344484358959443e-02
6.866673443945350841e-02
1.005550297930569853e-01
6.278146407067629331e-02
3.889888204850452946e-02
8.520113882254592985e-02
1.428004424955085228e-01
1.322337311992952680e-01
2.062345721249326247e-01
1.343518816660621007e-01
1.444182289096470062e-01
7.949883173807152648e-02
8.034689138458699087e-02
6.425146522895379408e-02
4.185425713197356290e-02
3.599093858538356117e-02
2.435876268091705446e-02
3.433069944161198928e-02
5.666562568680887091e-02
5.589180529705028988e-02
3.905102481817197824e-02
3.113274105284795368e-02
4.475138643434016517e-02
8.500775100532396988e-02
1.684691032183556758e-01
2.249660790344261418e-01
2.422553683065014618e-01
1.777744083506258843e-01
1.387736943450450233e-01
1.016048876908839521e-01
8.938890641962728145e-02
1.080764243443506772e-01
2.100759316318059067e-01
3.020938121730581405e-01
2.625380936528117215e-01
5.414684538424465732e-01
4.004530690309661134e-01
4.570086418452606325e-01
5.098877863088571161e-01
4.767142622822415632e-01
6.853438461771990120e-01
5.620761003008034606e-01
3.070849352070104676e-01
1.583447069772259685e-01
1.134896088398337499e-01
1.067875646618501179e-01
2.491721935860728432e-01
4.069475237614501584e-01
3.057683564228967921e-01
4.413466320862521330e-01
6.296317852760989764e-01
4.968977635995231457e-01
3.370040422448398743e-01
2.720192620322414712e-01
3.176184132049565956e-01
2.397339510359865478e-01
1.584987144333638298e-01
1.869378691014289828e-01
1.440854975938520299e-01
9.666940724421688169e-02
7.241469276013744183e-02
7.703897347295750320e-02
7.982030285780714052e-02
6.326947759858715659e-02
7.089267807427887536e-02
6.181573970677944896e-02
7.579546563410829996e-02
6.748886810394807978e-02
1.055772268975931905e-01
1.180820629437729363e-01
1.215751534816754270e-01
5.530839913697365579e-02
4.542637902884933548e-02
4.137861955591205787e-02
5.300947666390688068e-02
5.940698731743584288e-02
6.365038202063864892e-02
1.240185083965004431e-01
2.050181538975900941e-01
2.325791277482877062e-01
1.297499933075971501e-01
9.662667298755600598e-02
8.930400139865968256e-02
1.864649298758625229e-01
2.665169186861089945e-01
5.047444022067046898e-01
4.169391742343891982e-01
3.865881162088465883e-01
4.576681805232112321e-01
6.820465861154276777e-01
3.887920875164816437e-01
3.262867743658438568e-01
2.848910967939848882e-01
1.628888754077317536e-01
2.107224759504979228e-01
1.939618245043893685e-01
5.858437853558841335e-02
1.062973066360816954e-01
9.487392148350304311e-02
1.648451053350558082e-01
1.276261278573444791e-01
2.113133351914202041e-01
1.477053680077661524e-01
1.191047176671085200e-01
1.446914631564890086e-01
1.362633317963780621e-01
2.400160648175914679e-01
2.181435143982291547e-01
2.104861296135783488e-01
2.190774004260538643e-01
2.534639067095386666e-01
2.351971286530293304e-01
3.424470446595471174e-01
5.019489422575291737e-01
4.214433565459078102e-01
2.022803532402186188e-01
1.570753055805640119e-01
8.532211205899006834e-02
6.423264701232672680e-02
1.002122839377669605e-01
1.868456486605992450e-01
3.150979360339487556e-01
1.574536027826845264e-01
2.181442131480310354e-01
3.305422860396998730e-01
2.605276439715107362e-01
1.066144266611951524e-01
8.901050666730772609e-02
8.082774458659179595e-02
5.085653089196119636e-02
3.480842117862661955e-02
2.193541027485393022e-02
1.887521680563392437e-02
1.251819116160224343e-02
1.027751278929485944e-02
9.569112642914332292e-03
1.033099167294724598e-02
1.085101070445741028e-02
1.275272672628557750e-02
1.650208241983381480e-02
1.116374926914573233e-02
8.541385774248563129e-03
1.354963659098840437e-02
9.981880520507012758e-03
8.806259979653558237e-03
1.058092320169026594e-02
7.907570303853837107e-03
7.175136968352657102e-03
9.614575386934111692e-03
8.806078066324678558e-03
1.110716195184509140e-02
1.131831892616834770e-02
1.426804058321977028e-02
2.144588805909956181e-02
1.558578885615441445e-02
1.546759623037133498e-02
1.123396758496909668e-02
9.595611009798839242e-03
8.482221161458681352e-03
1.021773166394303149e-02
7.267809331682130621e-03
1.716897581875796719e-02
1.200698942086329997e-02
1.126738474628066582e-02
9.003244550536129362e-03
1.006855607292279214e-02
1.001755141213202076e-02
8.209080562221774888e-03
1.145150515074077821e-02
1.748026496126566659e-02
1.623723955461044838e-02
1.251362205787138679e-02
1.424328238454425702e-02
1.801412666686058248e-02
4.042568176534348801e-02
1.845890891184651800e-02
1.497827938446924176e-02
2.050838612249728660e-02
1.637536208111546598e-02
1.129504176241296481e-02
1.157172482813366259e-02
1.358422918077194924e-02
1.819972451181501097e-02
1.701170624894611516e-02
1.640966877935078408e-02
1.610170918287003039e-02
1.714023059601923679e-02
1.847362186895520203e-02
1.528486857563106892e-02
1.489737730464645721e-02
1.592707839042942219e-02
1.803504201583989996e-02
1.514213536333603935e-02
1.330077801077160851e-02
1.207574728189562269e-02
1.049507888314448086e-02
1.338867655154934652e-02
1.707047968816247444e-02
1.171026000861306350e-02
1.405723429477597972e-02
1.620714034599608777e-02
2.373486984104115211e-02
2.140395250030654659e-02
2.989091021005767235e-02
3.253204148048875755e-02
3.217154757729535214e-02
4.720537218936900897e-02
7.276513720863900248e-02
6.136747806705523250e-02
4.010962508974635909e-02
4.350870620250928827e-02
3.662174335569523542e-02
3.143634549619325758e-02
2.298389013004411424e-02
1.417076704589960781e-02
1.633918755582191781e-02
1.972749947859380945e-02
2.049906813985466134e-02
3.611034574175173151e-02
2.593110836838496969e-02
3.537961678364557466e-02
2.217528664985653902e-02
2.596494815392872899e-02
1.676737119696400033e-02
1.868437721677650154e-02
2.168526052709920590e-02
1.785045306293713344e-02
1.936131596076251862e-02
1.446718368009698198e-02
1.584452491216269479e-02
1.548746554303839090e-02
2.447203113841870184e-02
3.073361917733550067e-02
5.583675591300586716e-02
4.220155763640520002e-02
3.801453221629603335e-02
3.559905465377843220e-02
2.833566866277315022e-02
5.125544875423625191e-02
