9.473619800630177501e-01
1.151726206879677195e+00
1.342312370294465929e+00
1.386581530304706655e+00
1.406622702372986478e+00
1.469063753093754254e+00
1.681397212553122467e+00
2.265879482974845427e+00
4.505320646801776796e+00
7.108349160118761390e+00
1.135698081107443613e+01
1.337402356858485497e+01
1.216803815884347983e+01
1.081213498889708013e+01
9.309395684778269953e+00
9.029370743294974133e+00
8.985756460001233847e+00
9.773560146470002152e+00
8.564663474357121942e+00
8.158431444465737314e+00
9.441093865065633750e+00
1.004337659370673741e+01
9.871362702713831538e+00
1.018928391426872437e+01
9.920900265520808503e+00
1.038529639247055592e+01
1.186738054789949182e+01
1.120845864560067184e+01
1.168146690198616788e+01
1.111384123622157105e+01
1.112964240262580873e+01
1.091264417970505107e+01
1.011837620265336213e+01
9.803246178300422997e+00
9.610139349110053075e+00
8.789811871526737264e+00
8.835426219696966399e+00
8.041597010710225035e+00
8.206736668959615955e+00
7.690937670264455406e+00
7.198287295035843414e+00
7.316878984839393141e+00
7.040603118115230430e+00
6.630269960007094454e+00
6.489116691328669084e+00
6.375234140812212402e+00
6.034837208804578523e+00
6.006146908290000752e+00
5.810745027567888243e+00
5.731955948737692097e+00
5.250577257332450287e+00
5.083303142425545040e+00
4.973983928375269592e+00
4.954320478195819000e+00
4.722284513740805600e+00
4.605281447172024478e+00
4.567144505241587105e+00
4.415712839120617517e+00
4.371394815676627132e+00
4.087195673453448030e+00
4.073031420495931698e+00
4.153181065370731062e+00
3.976314293746866291e+00
3.814679858616582653e+00
3.826224600389282138e+00
3.603568959036614228e+00
3.660666143054632116e+00
3.390285978396622379e+00
3.511885283394547308e+00
3.392233357584475417e+00
3.370521038888090182e+00
3.153746960854447945e+00
3.098340645363112156e+00
3.102049278743786331e+00
3.172894481149901136e+00
3.051034317782276961e+00
3.049866774713716033e+00
2.950238227135918656e+00
2.958977061805810660e+00
2.991013385297899507e+00
2.760175785543319549e+00
2.842689486484753392e+00
2.838539403492108537e+00
2.741341301235495465e+00
2.695234472152157945e+00
2.710705367601553117e+00
2.697846510116174379e+00
2.576708780605812432e+00
2.620715558864086248e+00
2.602371868844917113e+00
2.620217803513596344e+00
2.727784472305793351e+00
2.555657662340596215e+00
2.462473513145883697e+00
2.508473988235749630e+00
2.533163837492256043e+00
2.481856732036002988e+00
2.430519164858039982e+00
2.482271164624904713e+00
2.477303701501808675e+00
2.464526218557962167e+00
2.467351871519696704e+00
2.404265075296671661e+00
2.309523323476963874e+00
2.353468224219708915e+00
2.329587175235731777e+00
2.364485458015288977e+00
2.349363012625049763e+00
2.277825928569937375e+00
2.308483965632332158e+00
2.197336851291009197e+00
2.163404825972981449e+00
2.152789059847055153e+00
2.154306196319264455e+00
2.137391705189221280e+00
2.104736707149155173e+00
2.136653084315133455e+00
2.137389190165575048e+00
2.043141695753305065e+00
2.016373938801613086e+00
2.104082524004017518e+00
1.967331364865837262e+00
2.052030018543621548e+00
1.952448190100324776e+00
1.918997816875086748e+00
1.895085335040939345e+00
1.860368179961195745e+00
1.847653867922895987e+00
1.773556703447120242e+00
1.806255129522376546e+00
1.732766679757781425e+00
1.751902621768050672e+00
1.684738593859637090e+00
1.693159799346087846e+00
1.648230754334795600e+00
1.598077625571520999e+00
1.558141528304623602e+00
1.605142153406425187e+00
1.527171977472113307e+00
1.554770670966696411e+00
1.480109172289312047e+00
1.483928074937588937e+00
1.456689027490691180e+00
1.390203252349195395e+00
1.394651082252482244e+00
1.367922922971011923e+00
1.356391316995633423e+00
1.321301959176440555e+00
1.320552163854325389e+00
1.281181515085030975e+00
1.298834584287815952e+00
1.279590091234350080e+00
1.229451365726542456e+00
1.258435452854867131e+00
1.257720196125872159e+00
1.164004105800202638e+00
1.188328568106564287e+00
1.113322440237375810e+00
1.170826202052577703e+00
1.118091468062351934e+00
1.096940563829468029e+00
1.110345466871093256e+00
1.075576190568340085e+00
1.080800433107498071e+00
1.066543409286873301e+00
1.036735050463084118e+00
1.021496119863701146e+00
9.873575299831021113e-01
1.001358949354033800e+00
9.893820256218823772e-01
9.309800357499921075e-01
9.730938886029384394e-01
9.503704048837952056e-01
9.707117049992528557e-01
9.087119929599539736e-01
8.910162838057568147e-01
9.030163781445705862e-01
8.850171252168882452e-01
8.682740184516778426e-01
8.703612573567583999e-01
8.238482260521997613e-01
8.723997102118385971e-01
8.171312251510134406e-01
8.151148275589924497e-01
8.216011041022562855e-01
7.768926798774813403e-01
7.727173954035670977e-01
7.473217511146054148e-01
7.709809303112294954e-01
7.206164628381677151e-01
7.048121218391459886e-01
7.050799098674102039e-01
6.869684895382820455e-01
6.899094454252862052e-01
6.660557766918610012e-01
6.674047322237068869e-01
6.505732936195565141e-01
6.389086899689797594e-01
6.208483240422317806e-01
6.477839010627686189e-01
6.204862615129405068e-01
6.242682173295771575e-01
5.857366559496568481e-01
6.035034369037156621e-01
5.756404372220986776e-01
6.063291306393259195e-01
5.653625195097410350e-01
5.490064831345227159e-01
5.477119314322720367e-01
5.348130784051536857e-01
5.518835468259899457e-01
5.173750152165903504e-01
5.227008401646130453e-01
5.081968006261861071e-01
5.114890733422906566e-01
5.000064072460074227e-01
5.083594968100612066e-01
4.923291463026103210e-01
4.833409231279043872e-01
4.610875728408683205e-01
4.550687764151444270e-01
4.451798755340342639e-01
4.260882988067606347e-01
4.157659381980016722e-01
4.182402971368138767e-01
4.207186754646847215e-01
4.048148938396923247e-01
4.242205001649634322e-01
4.130642576598412274e-01
3.868079759723390132e-01
3.713917698793450795e-01
3.794244991124834931e-01
3.772450287762220134e-01
3.947093211629081888e-01
3.957665300148140441e-01
3.553493173699380780e-01
3.481227176736408357e-01
3.438176029395521582e-01
3.395085113607633209e-01
3.200610509916458346e-01
3.190407439847788296e-01
3.108570555076599629e-01
3.198834546397725243e-01
3.104573180435400981e-01
3.053781445438475961e-01
2.971862781716297364e-01
2.910877753717543981e-01
2.767056095525651238e-01
2.961885229215602267e-01
3.020925889517424578e-01
2.677588013350197804e-01
2.727454988104033307e-01
2.663218732993374305e-01
2.578889706029124373e-01
2.522331000404236523e-01
2.588644120096355583e-01
2.462384761441726022e-01
2.287027402369622986e-01
2.312408156801865622e-01
2.255955005563407278e-01
2.279915595869445866e-01
2.146409365094161525e-01
2.142659562615802371e-01
2.109679936241856957e-01
1.973838605555119363e-01
2.122366245461145273e-01
1.973471791032472555e-01
1.961520685687441479e-01
1.884153776310701078e-01
1.967025099879800010e-01
1.804061488324838758e-01
1.869113015960959523e-01
1.679021149145203951e-01
1.771470486138881639e-01
1.760079785060094104e-01
1.660684502554911068e-01
1.679612450188755768e-01
1.693613758523216106e-01
1.690580116425643709e-01
1.541760386648290959e-01
1.543948878188775853e-01
1.513315149182273833e-01
1.440776344436614231e-01
1.545394698338708461e-01
1.492301143019766629e-01
1.382831942941044889e-01
1.370681415247220758e-01
1.410865622222457483e-01
1.335828117343244581e-01
1.249561421114092491e-01
1.293745149501656921e-01
1.299213082377911332e-01
1.260109280397485043e-01
1.323149936228327217e-01
1.193553096581332351e-01
1.265781651492514925e-01
1.230810466507864659e-01
1.162997632597713299e-01
1.090006410334111719e-01
1.104206953964544519e-01
1.140364253013426976e-01
1.050900716093066678e-01
1.076132121780375428e-01
1.016987716782997986e-01
9.463390542406138750e-02
9.332590916703976947e-02
9.447843977532431603e-02
9.556698280364665787e-02
9.242989424321269853e-02
8.743209246929081746e-02
8.544197184226523523e-02
8.408802112563139308e-02
8.950293298990366631e-02
8.471146295034127915e-02
8.584562755971264503e-02
8.512522406537657849e-02
7.734522480973103631e-02
7.323423153445926537e-02
7.449697591883505665e-02
7.689664050977086662e-02
7.371403755200131580e-02
7.777855667008200247e-02
7.187394238437073979e-02
7.080402910630585744e-02
7.274379689692805906e-02
7.117442544326890719e-02
6.697016619830574446e-02
6.365199412936282941e-02
6.790780498968269907e-02
6.255228668910306489e-02
6.407559511529932472e-02
6.235629591130317090e-02
5.680475279893519580e-02
5.776736692262211120e-02
5.381311160835595964e-02
5.320340945567492846e-02
5.378013730483958976e-02
5.608857617428446990e-02
5.521324806164892157e-02
5.097676652200314185e-02
5.252507790517867842e-02
5.319141888078057073e-02
4.814959899726534848e-02
4.863908935174384579e-02
4.921301071785710163e-02
4.741790247163836514e-02
4.743457530754486423e-02
4.388187110840102712e-02
4.501709914410526037e-02
4.448926434669616542e-02
4.431458961358369919e-02
4.664925159008934119e-02
4.478513188592286171e-02
4.225146819624946842e-02
4.171760300627539580e-02
4.435114859053855552e-02
4.224409973927128331e-02
4.166363038264485341e-02
3.962335650795956177e-02
4.194349370010390377e-02
3.609028931766211645e-02
3.668348231100469758e-02
3.770313918126569352e-02
3.785015259014974653e-02
3.980566050210430917e-02
4.369413736486162103e-02
3.331265065696342037e-02
3.644988050972294141e-02
4.291818963684666810e-02
3.545468006123041194e-02
4.055540621527654876e-02
3.937052188428059873e-02
4.337138813162585288e-02
4.503099316924368684e-02
3.624152980957655312e-02
3.463605922077254984e-02
3.517778542584669432e-02
3.721918762009902848e-02
3.399367590160758817e-02
3.339691638417969372e-02
3.378895684211884881e-02
3.100945788600888153e-02
3.225123548928769679e-02
3.646752858710666095e-02
3.286357724641020966e-02
2.911057087794476778e-02
2.673229040325800915e-02
3.120461899992469160e-02
3.230781435431193116e-02
2.900782901883595943e-02
2.982072797768914318e-02
2.774111131284225443e-02
2.817424006095994166e-02
2.810026190174414254e-02
2.554446745148064579e-02
2.597558821793231193e-02
2.303112702162455824e-02
2.699583398828957204e-02
2.872248299713413278e-02
2.571930599640946322e-02
2.656269624612414212e-02
2.436899515537154642e-02
2.301384342469984384e-02
2.213039616646368668e-02
2.240230083346570616e-02
2.199666612426150192e-02
2.360408132452357713e-02
2.465899969139488321e-02
2.137335723089498971e-02
2.097175729813131537e-02
2.230556665736647959e-02
2.178512698848353649e-02
2.137234490139845733e-02
2.221996970529909604e-02
2.061750946976479912e-02
2.099508563191558250e-02
2.012985158014254580e-02
1.964245196505769869e-02
2.018210567814915368e-02
2.061348363775367121e-02
2.162319417287100753e-02
2.071441999577905077e-02
1.877345311706375003e-02
1.911476584410250201e-02
1.870855211723768466e-02
1.984274376427613146e-02
1.988769476910343462e-02
1.981344941033398588e-02
1.853513444246276606e-02
1.757616991363383091e-02
1.903842548704096430e-02
1.862216223170540599e-02
1.852221070196447342e-02
1.812229443638094933e-02
1.828250541323702197e-02
1.707422524317240078e-02
1.629867330200699196e-02
1.605295452952675006e-02
1.784874868172710988e-02
1.869672516118245711e-02
1.680546197863950347e-02
1.748995298218180422e-02
1.912726445419905830e-02
1.683395632568527797e-02
1.779426343824385900e-02
1.728684959802136503e-02
1.611023992975253033e-02
1.637331523253544863e-02
1.533168612299907856e-02
1.668478893476898345e-02
1.788652658715769381e-02
1.670961328009858832e-02
1.665078853052848543e-02
1.690603727915667223e-02
1.657155789158668360e-02
1.475875135100813453e-02
1.639878270199718671e-02
1.661979984645921282e-02
1.690613369540337405e-02
1.617241472184222095e-02
1.719121859254236703e-02
1.632858060561474811e-02
1.609667078232430992e-02
1.474786100387009621e-02
1.611256417835310248e-02
1.481946199546780446e-02
1.558115185768059116e-02
1.540256253682127305e-02
1.568413881210358601e-02
1.548559645203263606e-02
1.602629310732454557e-02
1.305834299317201394e-02
1.794238258845356690e-02
1.437193736797892640e-02
1.468019920226571948e-02
1.594428306062570938e-02
1.541304557973708841e-02
1.392844857489032757e-02
1.640165468542753233e-02
1.604743177128796147e-02
1.540955901104546812e-02
1.587729674013360973e-02
1.418439745292589607e-02
1.531759489818450976e-02
1.367875897343706799e-02
1.543093713687382351e-02
1.409181790512371163e-02
1.407608719482738961e-02
2.704624421410000909e-02
2.768164091753971823e-02
4.997933031923799951e-02
4.868013940723187744e-02
4.185425003429429219e-02
4.313343573495546923e-02
2.856842616926024564e-02
2.809467511431257628e-02
2.260909233215413483e-02
2.073845404454882288e-02
1.871735666265204184e-02
1.651673274964188948e-02
1.667332513587301349e-02
1.452419040879472135e-02
1.398169821102147707e-02
1.412540492250427375e-02
1.432460197989494227e-02
1.360558857661603102e-02
1.292105064344424396e-02
1.246081684921295993e-02
1.270199801091127095e-02
1.259827940759940083e-02
1.228631956646616605e-02
1.327222707218297243e-02
1.330744523868310387e-02
1.187810971774245355e-02
1.184665538709528398e-02
1.314753945454785744e-02
1.177673453500593069e-02
1.156743997413103679e-02
1.207643326576368810e-02
1.152363187774216140e-02
1.154110517646171098e-02
1.131642280399814716e-02
1.120995471741215513e-02
1.237569802363654332e-02
1.262282036107940583e-02
1.096445887511120730e-02
1.200144342109255025e-02
1.226220910856876990e-02
1.257907515600718146e-02
1.133541782234696350e-02
1.117216195566977238e-02
1.134369938718955348e-02
1.121683409973639640e-02
1.073268943269376115e-02
1.213973822480514733e-02
1.112547483107618335e-02
1.106849432851072026e-02
1.125004809116836486e-02
1.149784187917549279e-02
1.026301035321091314e-02
1.057969971195448465e-02
1.145052439761328616e-02
1.086453743106828400e-02
1.060815159826383400e-02
1.070826322633658748e-02
1.036626258262913006e-02
1.090434719517425696e-02
1.075289142363330258e-02
1.094406855121149089e-02
1.144777494323072527e-02
1.169944156879079711e-02
1.187823955938214007e-02
1.611003486015768690e-02
1.823343339478583972e-02
1.189476392436599438e-02
1.207081379973574432e-02
1.155533012585220794e-02
1.143012116744932319e-02
1.032383198935276324e-02
1.063961251117070093e-02
1.088226755335877996e-02
1.091970532641488821e-02
1.097252594774670610e-02
1.049930375661436294e-02
1.119022206590314199e-02
1.038447747886067467e-02
1.025113433543829375e-02
1.070330318866897015e-02
9.769845197897449388e-03
1.190119989308550258e-02
1.442063873610677227e-02
1.076886354024633730e-02
1.103189591847904445e-02
1.102525490881572055e-02
1.104025507908397256e-02
1.399427340467349762e-02
1.100249459368616428e-02
1.099395575450766958e-02
1.001737832689353694e-02
1.029046521524920599e-02
9.964912688150076234e-03
9.998953589194392588e-03
8.964936008719209121e-03
1.088890291458737176e-02
9.419287032837096035e-03
1.009774791879702004e-02
1.023854291191798535e-02
9.272226510206789743e-03
9.408073255000554830e-03
9.705536994430564654e-03
1.031886832842019916e-02
9.469690589909656939e-03
9.319536530260168899e-03
1.332843591187125171e-02
1.596300598187582256e-02
1.246223945751047564e-02
1.342317313714992862e-02
1.129992794667842096e-02
1.123048756117008169e-02
1.001809426877397179e-02
8.965453564157168861e-03
1.134544254360037897e-02
1.109843269262854662e-02
9.845144108342088890e-03
7.979161448478048341e-03
9.824524474650929082e-03
9.404079136097349620e-03
8.435647073109132574e-03
8.682691981198888825e-03
9.252314497424736148e-03
9.945101160867107423e-03
9.214119472653516801e-03
1.083899630125435658e-02
8.813157937842165321e-03
8.868722307539763511e-03
9.021349199061712981e-03
9.175282641607123216e-03
9.638407451187712069e-03
9.132460575004592782e-03
9.605323203295259779e-03
9.875067190372370171e-03
9.122167448818347540e-03
8.777825620230862713e-03
8.728226615897156579e-03
9.505011458986233411e-03
1.025691529520205564e-02
1.040154100988956859e-02
1.026721342023100697e-02
9.456400317184348453e-03
9.023645070669343918e-03
1.009994618505172248e-02
8.567047911974486757e-03
9.495438505943393226e-03
9.491845669411518027e-03
8.653735713193262333e-03
1.063648410040133815e-02
9.417314836187280422e-03
9.025640598971384349e-03
1.026525289905339151e-02
9.025918410794442695e-03
9.308665699662781526e-03
8.167560540205622346e-03
8.004535767507776206e-03
8.140839636974477045e-03
8.683518091284597382e-03
8.251303348854563055e-03
8.577265044945233882e-03
8.317167492441381385e-03
9.756393362482518317e-03
1.101277605930096361e-02
1.011349177274164894e-02
1.038097404466757114e-02
1.311117932314112729e-02
1.635337747213035792e-02
1.374626832946678964e-02
1.361926111201803603e-02
1.564352565532187156e-02
1.167257362530227036e-02
1.124975998297579084e-02
1.229745106512794214e-02
1.063199757850196402e-02
8.904142593651720103e-03
9.200561151158768991e-03
8.491968255216779046e-03
8.125021185622608930e-03
7.992926534735827690e-03
8.471977496260095844e-03
8.549020979083298000e-03
7.997734734387041897e-03
8.124771741606220260e-03
7.839789498003148921e-03
7.930726307781091333e-03
7.645418836619770168e-03
8.163289708005826498e-03
9.669043006453142269e-03
7.843769265457153222e-03
7.809849839546357565e-03
8.538593093135357637e-03
7.646824496608205929e-03
8.050073193549691503e-03
7.818263276994535591e-03
8.258263482013921894e-03
7.567074160985957226e-03
7.515208400063424013e-03
7.574920415547553576e-03
7.667307188587189209e-03
7.839314450077980098e-03
7.426600106307238401e-03
7.453968990921973001e-03
7.749792430745389149e-03
7.884371441224325566e-03
8.259945494668369942e-03
9.120151047817565831e-03
9.123005403590549872e-03
8.006396470161075696e-03
8.778794486463977961e-03
8.695960350521796459e-03
8.681877280439743647e-03
8.842975854433781854e-03
7.676078408091095880e-03
8.183115872614317096e-03
7.993355078833129859e-03
7.875152841297106479e-03
7.439482117572334546e-03
8.469989288587314452e-03
7.863950609267601408e-03
7.737149409937090806e-03
8.491506827190943574e-03
7.204367752853230861e-03
7.020762864035588573e-03
8.490374954888451481e-03
8.482412379878258996e-03
8.278499148933275362e-03
7.329979583620530731e-03
8.228379172402435285e-03
7.307390083590706818e-03
7.463493334295884241e-03
8.975515492611416818e-03
8.306326850701695880e-03
7.587859801752334411e-03
7.371368883052786813e-03
7.750065332923706390e-03
7.326761406334993641e-03
7.784487463042292534e-03
6.600823246249005148e-03
7.905999202612154844e-03
8.068688970619297685e-03
7.305602967856214026e-03
6.677463869523708045e-03
6.982611793671147579e-03
7.673791924958242062e-03
8.255548507473123993e-03
7.422067747097540157e-03
7.473881810728080083e-03
8.022297032958909321e-03
7.349823005952703728e-03
7.959822178040528579e-03
7.922931024694582561e-03
9.912580976188585524e-03
1.024372800286816980e-02
1.048092546791567006e-02
1.138930190769615707e-02
1.696726326022673578e-02
2.119947912018172245e-02
1.904289589425980575e-02
1.268284783052479534e-02
1.414750335798818995e-02
1.805283288279261114e-02
1.810963058023640215e-02
1.523056474170181480e-02
1.169407588036533441e-02
1.074566103086928813e-02
1.138483113541197134e-02
1.020990666111426699e-02
9.868903760439954112e-03
8.326997829764147194e-03
7.898019172932075824e-03
7.189727446999257844e-03
7.142795582066772779e-03
7.303860420237758347e-03
7.315897751616077561e-03
6.805515694007632441e-03
7.436636542613140125e-03
6.355167529050752100e-03
6.987585050190735399e-03
6.597930810777983060e-03
7.002047519897454907e-03
6.823863771494399939e-03
8.371657380051866076e-03
6.799449242512912474e-03
7.314598880548617808e-03
6.927058518205524325e-03
7.372999484488167339e-03
7.355900821408606349e-03
6.565833425429842482e-03
6.919492748943541910e-03
7.302104859980826368e-03
7.314240567262052066e-03
6.960144584249776736e-03
6.700333827238724727e-03
6.524095885313441201e-03
6.178432628134011145e-03
7.800704824884419769e-03
6.445456778211348242e-03
6.207162513951381896e-03
7.098884756593112563e-03
6.855947857001781429e-03
6.519546848093266816e-03
7.362435718919492153e-03
7.255826384226560233e-03
6.577072158461308091e-03
6.809730446948513739e-03
8.152491581962253986e-03
6.723954344747090986e-03
6.953808034064747241e-03
7.038660126270449360e-03
6.331476274753758751e-03
7.311755603680806376e-03
5.939416430325977422e-03
6.347901098700342581e-03
6.330961040152789480e-03
6.616646685128916607e-03
6.824283635632037021e-03
6.024807014292261030e-03
6.305100905718645163e-03
6.510126524120403955e-03
6.511163800315868631e-03
7.176679749558892429e-03
8.062747530107352428e-03
7.212500808666693665e-03
6.962331983820123013e-03
6.083610206042366908e-03
6.384314160502891668e-03
6.546321595306558300e-03
6.400263233018712618e-03
7.395874300580852073e-03
6.819165893965608433e-03
7.109828954042750511e-03
6.313804975302898456e-03
6.746770060508540043e-03
6.183403380908973276e-03
6.568854181372461160e-03
6.833278491568697127e-03
6.011628052916054982e-03
6.555858593855259583e-03
7.834443672303265105e-03
6.268112319459394864e-03
6.203194856600304126e-03
6.927404165149219674e-03
6.445429996154190301e-03
6.728423499247884222e-03
6.255556478855038745e-03
8.077921369961002865e-03
9.688963733851977539e-03
8.827048317405584987e-03
1.171757592112210138e-02
8.356013887291001765e-03
9.244773546318736310e-03
8.147810443699835675e-03
7.910255837642937368e-03
7.468837598700961942e-03
7.792479309582162582e-03
8.335260726072235907e-03
1.366722196668324757e-02
1.365805120545988786e-02
1.711802774715113357e-02
1.760794136803247104e-02
1.072971334567693683e-02
1.518524461630117207e-02
8.647271863142395876e-03
8.404653764307705444e-03
9.391941023277479775e-03
7.864172060077093476e-03
8.931706647377841632e-03
7.259567107178373571e-03
6.290974727575809888e-03
6.861154417696750836e-03
6.293130813800473268e-03
7.171439565913336096e-03
6.427108177521145306e-03
6.394090731905684340e-03
6.189433953205621466e-03
6.185372296468231654e-03
6.163987792842801940e-03
5.704590958320450607e-03
5.830416889841222999e-03
5.911052247065508650e-03
5.303410141357799319e-03
6.124973090091930146e-03
5.647885989028899635e-03
5.677687437919671717e-03
5.851173090446896811e-03
6.078807122947532671e-03
5.780487480729770179e-03
5.904281586127339311e-03
5.740697096472037290e-03
5.654506753844329957e-03
6.020143218094547999e-03
5.424090372072500749e-03
5.808349603195331334e-03
5.646689361357219196e-03
5.679974154998331838e-03
5.599320133716838462e-03
5.380566074237271533e-03
5.500123851196935844e-03
5.469661834258745213e-03
5.951942265747323449e-03
5.677647814469046102e-03
5.581106593030783942e-03
5.600791189604050271e-03
5.787218704770753265e-03
6.734264180471787910e-03
5.583094317541949583e-03
5.644139120106724319e-03
5.337730594850245182e-03
5.822956383698411377e-03
5.845357012478027969e-03
6.263220670957096205e-03
5.669380979848167787e-03
5.990859398668336479e-03
6.329608932031941665e-03
7.136830198454346963e-03
7.427728645648708737e-03
5.412004125675144543e-03
6.033447043650768706e-03
5.599946344291623600e-03
5.199323600736166159e-03
6.329296699204726116e-03
5.595599934933614614e-03
6.404662670573623741e-03
6.042364810942502974e-03
6.595109380516387537e-03
6.315897479502030967e-03
6.321954862352202956e-03
6.856785171774086064e-03
6.046279635095347729e-03
6.428352943139300189e-03
5.815784629095492771e-03
5.716568892294222014e-03
5.828675104382118576e-03
6.810760225162152716e-03
5.813731600639488600e-03
5.519130653784772543e-03
5.543989797821801714e-03
5.999443926257653180e-03
7.015344566199057871e-03
6.467239355218422012e-03
6.521000911115891821e-03
7.347643853018768524e-03
6.105777410280164609e-03
6.098787136680371493e-03
5.196868696187998196e-03
5.480931243462746141e-03
6.195147327346843015e-03
5.937921472118449888e-03
5.312510496681440222e-03
6.473153595878795678e-03
5.315729820739717448e-03
5.209700778335156143e-03
5.352925911581558199e-03
5.495583575585202829e-03
5.364852712607253403e-03
5.473741111761029968e-03
6.110300122033480476e-03
5.150309451582217417e-03
6.244771381640391687e-03
6.738608675978419171e-03
6.288466226366269847e-03
5.650814539808525667e-03
7.311539159767860979e-03
5.604834858747784199e-03
6.988168207976520017e-03
8.113447159288151439e-03
6.253497827164917512e-03
6.908683481649482115e-03
6.459062714263503167e-03
8.316364556905753852e-03
8.607985859112208746e-03
1.258764553292326081e-02
1.096631950639857106e-02
8.369228722736304221e-03
7.731867640805489307e-03
7.343592672423459276e-03
7.657841314131845836e-03
7.770972817912474850e-03
7.121778941198752232e-03
7.304085721745887973e-03
7.742645920053230039e-03
7.111901353595392015e-03
9.612263121250621753e-03
8.750986709746394129e-03
1.217387791547724744e-02
1.022330881494402759e-02
1.085691708242902953e-02
1.164015145784285006e-02
8.361452142279566721e-03
6.545774898079433600e-03
6.438551562387294543e-03
5.613198609571753983e-03
5.516030781853415235e-03
5.655920643897372965e-03
5.359645481796402808e-03
5.105515553855789930e-03
5.057599735733172598e-03
5.337428402495121398e-03
6.370684451516481911e-03
4.885031615873046754e-03
5.296924113397999054e-03
5.373204430139572746e-03
4.855367475001767276e-03
4.689446862182199659e-03
5.293036100793611400e-03
5.168271181015574381e-03
5.068098426770685679e-03
5.067318821856924872e-03
4.787462056939077726e-03
4.857912535013516817e-03
5.010327708766425941e-03
4.849577798516179275e-03
5.087538803507485330e-03
5.109741951177788552e-03
4.896343923961799481e-03
5.314341507451423967e-03
4.970884403301704599e-03
5.088113539334891862e-03
5.342810775158358429e-03
4.861121980878522000e-03
4.981954031386692100e-03
4.934426472161203801e-03
4.769382015156965055e-03
4.822903055904432038e-03
4.771715025419742857e-03
5.038787707366626512e-03
5.138996490616886369e-03
5.606714594486857800e-03
6.718854977642448566e-03
5.372877681761107499e-03
6.110649978406089769e-03
7.517982427672435103e-03
6.101562982256123271e-03
5.944329603325331467e-03
5.860259897808915361e-03
6.336167390940715752e-03
5.314070457103594290e-03
5.750917467938395852e-03
5.622003962672071815e-03
5.270716066855645962e-03
5.799460235408230441e-03
5.393581392470982519e-03
5.284198889468332688e-03
5.213612415486289751e-03
5.053953740798636761e-03
5.304596760972416988e-03
4.936039949868255804e-03
4.820744863094233307e-03
5.270025251504748681e-03
4.894385234887927913e-03
5.183745025082745796e-03
4.952091015596954762e-03
5.183170606251299127e-03
5.116277042457430604e-03
4.718181342029203681e-03
4.875673697443207860e-03
4.716249278902544771e-03
5.616471083663079553e-03
4.975651605846708944e-03
5.053431292111840514e-03
4.929373684613615712e-03
4.816893814630125552e-03
4.861909174319735925e-03
5.510503942061482571e-03
7.930561780094260924e-03
6.472560468856363054e-03
1.016426588159836594e-02
9.339150769780962119e-03
1.027705802143048970e-02
7.842999309913329178e-03
5.992789249502034586e-03
6.405634394919253877e-03
6.590243034358746720e-03
5.646319922731137496e-03
4.989997779805347387e-03
4.982377156541166821e-03
4.827820271378694718e-03
4.744596077404497972e-03
4.747406027341584747e-03
4.762499503400113160e-03
5.399592974220817666e-03
5.062050534664354687e-03
4.884939326081443565e-03
4.367532478153400913e-03
5.261839137306258303e-03
5.436731486824983306e-03
4.845677033762794267e-03
7.366828323889631006e-03
5.711407056823749641e-03
5.678121521645516229e-03
5.391421899304141979e-03
6.203419727446938571e-03
5.861460582223028230e-03
5.573854208918538333e-03
4.496541627137303626e-03
4.800922579735310974e-03
4.880599344944351083e-03
5.104527599288309278e-03
5.107423964215842410e-03
5.118599505189397846e-03
4.866788052274194885e-03
5.311835878518139306e-03
5.028304860016750456e-03
5.686350956212248876e-03
5.612443080392767042e-03
5.610420053766231561e-03
5.989824828112995207e-03
5.501123761445429403e-03
5.478537209499048655e-03
5.706074203541510251e-03
6.811718063400041753e-03
6.083669373860946424e-03
5.719195403433746314e-03
5.123801799070713120e-03
5.154158427243492151e-03
5.008698089228505457e-03
5.103655441832942105e-03
5.301745074542557959e-03
5.109532839103364879e-03
4.880907325865055726e-03
5.331789348623897085e-03
5.168550184411652669e-03
4.964771839926010455e-03
4.771022119207888115e-03
5.270122637141503967e-03
5.580638998191532647e-03
5.729300462678870581e-03
5.659901082050831575e-03
5.696797438761475041e-03
5.375797141837419281e-03
4.560945076741305428e-03
5.999050441793752318e-03
6.159646084547400723e-03
6.866452011297185729e-03
5.249445546924282925e-03
7.076869227001068505e-03
6.090856455618030678e-03
5.711123635085163519e-03
5.285366739375971581e-03
4.732242583169885865e-03
4.986862703648119698e-03
5.016337310287482393e-03
4.375845022931750851e-03
4.673035979963081898e-03
4.745323625346412749e-03
4.361822022442648876e-03
4.648098680203263319e-03
4.324303849693530641e-03
5.567703559320376708e-03
5.080969819602192822e-03
4.905717672982078462e-03
4.700155431630893485e-03
4.289138128388228499e-03
5.190073719472947274e-03
5.455972730680989577e-03
4.743569184598107197e-03
5.676937595693510100e-03
6.650878858830209031e-03
5.093457948158275003e-03
5.623005457431713532e-03
5.713570745076612667e-03
5.074189812403496688e-03
4.851565632892461920e-03
5.044451510770455588e-03
5.145406085275019623e-03
6.002089318997875372e-03
5.033255041351584851e-03
5.694721318464679785e-03
4.874206159747512812e-03
4.679839452791639993e-03
5.417904316450917850e-03
4.725024186064188773e-03
6.621054301609485132e-03
5.523011110726622729e-03
4.724166708234365381e-03
5.461045655694340278e-03
4.043990570246352653e-03
4.163823588050215817e-03
4.844026470149516081e-03
5.278027704047156751e-03
5.152196525314855363e-03
6.098663328657132586e-03
6.349891966814212758e-03
6.793033361436471435e-03
7.223349293265986584e-03
6.780144042808742763e-03
6.449282617734915929e-03
7.202317882275081733e-03
6.227762517391952600e-03
7.285429612994472406e-03
4.757394426787507104e-03
5.468773709092543921e-03
5.365179988976110509e-03
8.483065250028235665e-03
6.438238288891849452e-03
7.308369811403790835e-03
7.453350318385513346e-03
6.873303488413941113e-03
6.475979729351993494e-03
5.784451475398359917e-03
4.906807087552390693e-03
5.448938741863427852e-03
4.654121184661199305e-03
4.935165130417497152e-03
4.472377514491485476e-03
4.363245688198365453e-03
4.348951030877081479e-03
4.958934792711348731e-03
4.380638290157356542e-03
4.345925546769147801e-03
4.566753728354615120e-03
4.097680786188880736e-03
4.215379813367948515e-03
3.936229608850086957e-03
5.317322660785842904e-03
4.265464818671288807e-03
4.392847022281830965e-03
4.821635872391581180e-03
4.361157316440337529e-03
4.642762012398987150e-03
4.276273112056575530e-03
4.573004838837519716e-03
4.482025892534663089e-03
4.447729704874366433e-03
5.476507471839569402e-03
4.818567842418555215e-03
5.559908556037359076e-03
6.785972808749560735e-03
7.272119927749689204e-03
5.257935131235081869e-03
9.153039572599440052e-03
7.544713824190678146e-03
6.304802747119807836e-03
5.792462438772913794e-03
5.195396916052035137e-03
5.796188797776944193e-03
4.852715021825711010e-03
4.463787895511325127e-03
4.763694628890766461e-03
4.518810781659580653e-03
5.031132391463253965e-03
4.262819955851572529e-03
4.423232867500240945e-03
4.374728146589822349e-03
4.201554759995875833e-03
4.202866190740775151e-03
4.095870020688008317e-03
4.003340497666928698e-03
4.762838213821101591e-03
5.206621156262598166e-03
5.376773712553699694e-03
4.609183292907080738e-03
5.575009887974393362e-03
5.512077377947437011e-03
4.893236923765338121e-03
5.561636460123745539e-03
6.191519959860655731e-03
4.965967351054017404e-03
5.172247166838951984e-03
5.045178139436764207e-03
5.110903548711066141e-03
5.249216073479140432e-03
5.437811919856810373e-03
4.724197617349405395e-03
4.617924925367120417e-03
4.355476835331341043e-03
4.091854047266193367e-03
4.186191580590382759e-03
4.639716008515722308e-03
4.071401587778219859e-03
4.458352381517079709e-03
4.192750653712709261e-03
3.578305950100203314e-03
3.984469257612436623e-03
4.011581949880725466e-03
3.924744832168844226e-03
4.541067966384767542e-03
4.890685864417483424e-03
4.198021081582668269e-03
4.675975783512115180e-03
4.591599293331046112e-03
4.729752295216236267e-03
4.410447348052955879e-03
5.505403968684574254e-03
4.599063650842829740e-03
3.864869369685322228e-03
4.756020011486962983e-03
4.430989865929315860e-03
4.253447047308709511e-03
4.007185148313456916e-03
3.840799658422363282e-03
3.979473277550636852e-03
3.738909347853483327e-03
4.448116191093485008e-03
4.146485097312782066e-03
4.212599903953659353e-03
4.923534830364569882e-03
4.931134438920561566e-03
5.492093678438577861e-03
5.809385610612703005e-03
6.304362184620009371e-03
5.647418025466496502e-03
5.529891622919876591e-03
7.120429403164741343e-03
6.809719161972755189e-03
6.055843344022735636e-03
6.955341246314612237e-03
5.614283892772960020e-03
4.987794421053075473e-03
4.432550423120669957e-03
5.031280241622925614e-03
3.770733098266530400e-03
3.912298686391730597e-03
4.643855148785918166e-03
3.925583303801312950e-03
3.908296803317665331e-03
4.079914890499592925e-03
3.956338890609637469e-03
3.885250138300549647e-03
4.053226778580892517e-03
4.085600980477314785e-03
4.615615095475617859e-03
4.050903456823671568e-03
4.293751077212439732e-03
4.547496020032300301e-03
4.484044253976308264e-03
4.296939654802067222e-03
3.723160311575616534e-03
4.297298705665857955e-03
4.387873544552200675e-03
4.025796702634223262e-03
5.283011696457704659e-03
4.694705518190188213e-03
3.990811932998393312e-03
4.898967563493531949e-03
5.298247513522365108e-03
5.124481384789473896e-03
4.486360016220439055e-03
4.632711919849917884e-03
4.657316289952002399e-03
4.628039362139991196e-03
4.307155305688665364e-03
4.012090685906818596e-03
4.339518094128646392e-03
4.323434977159112437e-03
5.100070636982969793e-03
4.076293760623629983e-03
4.149952764757241196e-03
4.285487213646196371e-03
4.797900084546406242e-03
4.404465511825952050e-03
4.297068073200225637e-03
4.127652249495237721e-03
4.634820192491223047e-03
4.480301217761563891e-03
4.345723751973376049e-03
3.999289346633686654e-03
4.221795683465975196e-03
3.845424823878958610e-03
3.980247776013984967e-03
4.339890577436220261e-03
3.934611386881758585e-03
3.997642779800634691e-03
4.379940586150045737e-03
5.978943547081960047e-03
4.786099535531000877e-03
5.671685385898050588e-03
6.970053773853139047e-03
6.448340630564971220e-03
9.235676830988994584e-03
8.031333449730750779e-03
1.557027856146161147e-02
1.440874098601280413e-02
1.449182449774323762e-02
9.382870332174568853e-03
1.136598886974824960e-02
7.636382591407874648e-03
6.641184455311039368e-03
4.518180538347701600e-03
5.470543893405616434e-03
5.081602771353045840e-03
4.463360733775566767e-03
4.535104694751119353e-03
4.093850260743043049e-03
3.659900897547765496e-03
4.087453956769440157e-03
3.965249731825072448e-03
4.081124290750899261e-03
4.057458322844206128e-03
3.669239496368950637e-03
3.919887005633911244e-03
3.852631725760150352e-03
3.664299932426242322e-03
3.564585454384065419e-03
3.906310907766726015e-03
3.708630507479062765e-03
3.685790373637345008e-03
3.442546535576644987e-03
3.740628992805214957e-03
3.811558024965873166e-03
3.617065912459259663e-03
3.770569696414487800e-03
3.819721358555667676e-03
3.670927944912555363e-03
3.724814197099842426e-03
3.569803849644153076e-03
3.472100328982380933e-03
3.756932897602007198e-03
3.706781187301612726e-03
3.630827188837227638e-03
3.813846871672907542e-03
3.908244862833643897e-03
3.869450739269097734e-03
3.687787146938620655e-03
4.162616729075236874e-03
3.630584765120622743e-03
5.899426100122057495e-03
5.365789664002535396e-03
5.354278238633982008e-03
4.676671321853191100e-03
4.195357872926344309e-03
4.380182834980659093e-03
3.413105435395472325e-03
4.954317088167622257e-03
5.081813117877442311e-03
3.556877575727103967e-03
4.162379409692613073e-03
4.295199471294934047e-03
3.687599750170367837e-03
3.580926465384894584e-03
3.928094444191414583e-03
4.137186416152881414e-03
4.449686607089996769e-03
4.189720617786712488e-03
4.177105602281501115e-03
3.675749736465479603e-03
3.941184734127301838e-03
3.720797948268581793e-03
3.522751863840582580e-03
4.078889633591536480e-03
3.660290748553118000e-03
3.465125033430049850e-03
4.386639472637407847e-03
5.409099513101129839e-03
5.567054653041781341e-03
5.859127621559104965e-03
5.065066295687150125e-03
5.303297917247042428e-03
3.995180060052162113e-03
4.287351489418513538e-03
3.875958498678346974e-03
3.372077816682410301e-03
4.279186160850692068e-03
3.512750113402267858e-03
3.588686999927878131e-03
3.965403194125364378e-03
4.116287409526859196e-03
3.731475496557443323e-03
3.906753809226688919e-03
3.870204982451925721e-03
3.746993866120414650e-03
4.760896349270750914e-03
3.979515853103945434e-03
3.978600523993271187e-03
3.985507910855765924e-03
3.682214153173921957e-03
3.844247064945467262e-03
4.524300016804243957e-03
5.205976416317681897e-03
6.112974144138857285e-03
7.640656338254110495e-03
6.260666011371254433e-03
1.566429865390056575e-02
7.199393343368724191e-03
7.595341503713577171e-03
5.835801744056804720e-03
5.533349871941988136e-03
5.703176537836321391e-03
4.951217091060324156e-03
4.511215242528282023e-03
4.604554102290026561e-03
4.290031201901915031e-03
4.242056218196317910e-03
4.199594878880472809e-03
3.463111623087281477e-03
3.549633590577974500e-03
3.784422913120669314e-03
4.300491163149324815e-03
3.609116308948237973e-03
3.432475505090922148e-03
3.686251894169744955e-03
3.862131063218395780e-03
3.569321970440191612e-03
3.677713417346540562e-03
3.448552850511963069e-03
3.277816193893683464e-03
3.679225553785217279e-03
4.363764583138681451e-03
3.382680450806800632e-03
3.576818597644955064e-03
3.582107366560976190e-03
3.187133017136591605e-03
3.433421975806965915e-03
3.570620209398917954e-03
3.436403924305073652e-03
3.296449851685473789e-03
3.287223012421580399e-03
3.580373397172445949e-03
3.620725815352232764e-03
3.883320343320775456e-03
3.755234456639903063e-03
4.431851928857493197e-03
3.880565921180520635e-03
3.850876883941198488e-03
4.546673760039073552e-03
4.620924557621733722e-03
9.821641486944880997e-03
5.640693745687114929e-03
5.921994265151035546e-03
5.579631138840413819e-03
4.870669463460527981e-03
4.481242536943569332e-03
4.108247774888622653e-03
4.877326163728970890e-03
4.662903066804612549e-03
3.590667515423270548e-03
3.582647619412196015e-03
3.608225849351398302e-03
3.812031377622842731e-03
3.659837246617485534e-03
3.911394932611935056e-03
3.989604412064640983e-03
4.194076446081856056e-03
4.803337522850755284e-03
3.486281246376015872e-03
4.278007378473757880e-03
3.617856630107186937e-03
4.105209334702561962e-03
4.715585059928590304e-03
3.894574296534610274e-03
4.916366993088163925e-03
3.521271183656257166e-03
3.066897865328969790e-03
3.665232894539877107e-03
3.557220387982551729e-03
3.620740909408372721e-03
3.123369118800039656e-03
3.359806329831888268e-03
3.357482496391187878e-03
3.129578137262736381e-03
3.289861726027165298e-03
3.369743835142472669e-03
3.328149188225972433e-03
3.428292352443761994e-03
3.265917887858669089e-03
3.130858968434608366e-03
3.132374622389948009e-03
3.145416499579322192e-03
3.486351287696751785e-03
3.327001463617227078e-03
3.342232009520371572e-03
3.147046180915968536e-03
3.411164378054008187e-03
3.635666088985828326e-03
3.451752666798096111e-03
4.082356679352716969e-03
3.645929527919665458e-03
2.982923400293565393e-03
3.387785057126554717e-03
4.054438203841147573e-03
3.142649750067468602e-03
3.210401208478551576e-03
3.142657504569058066e-03
3.213739551339542776e-03
3.237280525092633802e-03
3.443016260025334296e-03
3.440690081277344384e-03
3.507217227934091280e-03
3.419677675335046872e-03
4.139594738512062180e-03
3.703676804204529723e-03
3.624315814637945991e-03
3.591112211318794531e-03
3.463113578448103087e-03
3.321607254158361316e-03
3.769515512089944859e-03
4.103308449433378489e-03
4.312548898035941866e-03
3.810046699824055569e-03
4.720840463605894578e-03
5.501875918020910847e-03
6.596339338376284132e-03
6.612362572270326713e-03
6.914089452623570567e-03
5.203869701152491825e-03
6.159967546179710533e-03
7.424948786991880309e-03
6.287029953360638232e-03
5.904537982977080442e-03
5.912286263311880216e-03
5.266325514747106570e-03
5.222041307074792860e-03
4.052018427284767577e-03
4.200084084744379678e-03
4.209113664158385844e-03
4.908867208722685754e-03
4.884584416846852149e-03
4.622152474253086486e-03
5.342454290093197680e-03
4.561097701370607493e-03
4.013567170247366554e-03
3.552186726340803621e-03
3.434789465679993423e-03
3.478512869838727099e-03
4.008017208964766501e-03
3.167378115072569736e-03
3.473182842152867413e-03
3.653235033251136122e-03
3.523858681767424571e-03
3.374543327791401041e-03
2.944818103619080418e-03
3.274650149281042866e-03
3.189362653946817543e-03
3.132964537071361143e-03
3.175735473622307882e-03
4.005988404509499071e-03
3.527919013278932661e-03
3.273559347465290585e-03
3.297290981584270926e-03
3.232974928306613874e-03
3.177534635411941467e-03
3.192890941595538396e-03
3.259592678026008127e-03
3.044830712531238544e-03
3.166703444497188935e-03
3.211967808606774454e-03
3.391007945438365753e-03
3.337294195146369748e-03
3.239213567119459368e-03
3.512701148935381840e-03
4.040879052588684101e-03
3.413527670785422401e-03
3.450517962300308616e-03
3.062996357940605662e-03
3.092961111014309698e-03
3.070177664487507441e-03
3.280851956877062821e-03
3.271427480992413796e-03
3.333316467907705433e-03
3.472703604587287947e-03
3.539149611388134678e-03
3.345124856797776058e-03
3.331626200728508326e-03
3.262436601126380946e-03
3.415249439575965447e-03
3.396138520755654679e-03
3.193537920115640128e-03
3.947955511680674781e-03
3.109722338304227174e-03
4.371690328237042705e-03
3.825783670211922987e-03
4.129127316626879894e-03
4.311848734385458765e-03
4.792790814744675269e-03
3.929926772617510153e-03
3.447805761489413159e-03
3.858382590973637692e-03
4.401493416929954348e-03
6.769892122436171888e-03
4.294329169668324904e-03
4.835616481558746918e-03
5.717757586819634079e-03
5.186455410319455034e-03
4.837169135561395980e-03
4.828926681760784857e-03
4.630539635187246907e-03
4.594555817528255329e-03
4.278092949764274872e-03
5.455775194283358880e-03
6.414544841111604299e-03
5.444890354009962810e-03
7.390236452524331923e-03
6.936430509558796573e-03
4.844116092847475241e-03
7.064776412591755941e-03
6.533876956385865561e-03
5.484048928678698226e-03
4.164652730858100192e-03
4.117575655362347778e-03
3.510773414911737798e-03
3.761195560372402723e-03
3.081283527106281998e-03
3.110386103565585501e-03
3.389195285358216885e-03
3.183986421501500564e-03
3.493915017883102332e-03
2.986684007217536331e-03
3.821974183544814881e-03
3.328378896647226845e-03
2.941658530193849968e-03
2.959153994948148132e-03
2.989357070705717101e-03
3.045513697718081787e-03
2.857313310822638241e-03
3.000668412472485159e-03
2.976818872189102190e-03
3.242655171513580351e-03
2.865425996187853132e-03
2.925016411632801530e-03
3.128780900488281006e-03
2.904430554404873084e-03
2.962136368393262706e-03
3.175313727793705864e-03
2.959224248009874672e-03
3.306436945095055872e-03
2.931319758558699733e-03
2.957203742007584978e-03
3.039606697446762054e-03
3.058694623067754765e-03
3.119954115497610043e-03
5.119521973551761050e-03
4.910301541583724644e-03
4.800083084378689927e-03
9.496993276265476222e-03
6.845730233704910850e-03
7.584473970839446591e-03
5.801162149803604749e-03
5.953222237938616060e-03
8.337306456380266101e-03
6.121750273758818153e-03
5.123989149498350132e-03
3.894479809502874625e-03
5.378548312311184215e-03
3.514994868864613521e-03
3.626392554616371909e-03
3.507961066311850520e-03
3.846106458137315155e-03
3.260358185253548705e-03
3.309639944914201208e-03
3.464867089095177363e-03
3.282006918034455385e-03
3.341781360950179733e-03
3.174898156582007126e-03
3.106205817190774588e-03
3.287845499659245146e-03
3.152888014795060534e-03
3.244283859888126131e-03
3.045294160057692833e-03
3.038464844200581237e-03
3.004006651873251596e-03
2.999498147539782656e-03
3.071421064745419923e-03
2.803250956410530386e-03
3.103812565506992426e-03
2.944532810383780619e-03
2.923974662681094218e-03
3.006755922236360908e-03
3.226514033637633248e-03
3.189594408588539761e-03
3.293730797733436088e-03
3.615907605898248042e-03
3.255279629102229323e-03
3.205245705159047269e-03
3.456534595361005543e-03
3.242651073472523678e-03
3.128036968407664226e-03
2.979139653969686569e-03
2.836292651883627614e-03
3.322471718995642122e-03
2.920878975631216890e-03
3.076798110744511164e-03
3.097161938138257801e-03
3.133290026733004646e-03
3.020206802338107083e-03
3.505077629637702759e-03
2.833162351098017159e-03
2.711021883811998504e-03
3.179496600032583487e-03
2.940011208582630521e-03
3.047491926205875279e-03
3.117112132380934781e-03
3.166148348144805225e-03
3.121689236079209107e-03
2.856500465130815472e-03
3.564735428954789957e-03
4.072205295805654893e-03
3.646388579763934316e-03
3.636260211157057651e-03
3.266209351723114562e-03
2.943263476427336166e-03
3.032749158720887510e-03
3.000654611229040640e-03
2.904797162413081443e-03
2.943914768598269397e-03
2.990565342048994314e-03
2.998239292934921311e-03
3.129120851561704823e-03
3.138765917269595741e-03
3.247289622686963181e-03
3.935245327383505264e-03
2.990229859597310063e-03
3.288385940646509908e-03
3.848033069002059110e-03
3.212194100771622197e-03
3.043308905711999968e-03
3.159876181165954465e-03
3.077198724500828861e-03
3.555604618344469781e-03
2.752664335001191436e-03
3.292131660977484775e-03
4.497961533910992647e-03
3.925193934875044130e-03
3.985728143043555313e-03
3.541004176255803729e-03
4.920249728514709299e-03
4.568957207233275038e-03
3.811962921983544535e-03
3.846801158543685945e-03
3.455141487123570328e-03
3.008102830768608332e-03
3.149424463726117895e-03
3.168939539037319078e-03
3.245333650556395631e-03
5.358332570863668341e-03
3.606475831010709076e-03
4.570297699816623128e-03
4.051658635064700996e-03
3.689782643767367497e-03
3.224041322105498930e-03
4.011358287646569348e-03
3.601863965228054021e-03
3.420892718562644746e-03
3.765512889263426290e-03
3.752711153693069276e-03
3.573609666817434763e-03
3.843320214736305456e-03
3.156886790712606743e-03
2.981906471290510403e-03
2.892332700678422897e-03
3.310565520704719048e-03
3.354396630717446093e-03
3.015712443031210062e-03
2.954633785096694165e-03
2.573903833893190392e-03
2.993355462546513739e-03
3.044752933563646922e-03
2.867818778256603970e-03
2.730852648284230744e-03
3.510213961640672349e-03
2.794992475936515942e-03
2.654552016762427510e-03
3.209683721476927747e-03
3.136940030825631064e-03
3.349545205383536780e-03
3.103312973600246428e-03
2.941076384833560785e-03
3.333868755303538711e-03
3.013359396007958806e-03
3.068729965876316503e-03
3.819407137978010451e-03
3.239607616556658409e-03
3.852409971486295270e-03
4.392206864792241351e-03
6.875893328939881519e-03
6.071375597314095270e-03
5.114511454114459982e-03
4.630737954811423723e-03
3.347773204989177610e-03
3.721054565569023153e-03
3.381644831449127052e-03
3.050326940415252520e-03
3.330997571906452789e-03
3.025909239876225891e-03
3.064324291112550079e-03
2.911837118987637470e-03
2.952284819126004770e-03
3.128963046182007234e-03
2.891032056227619326e-03
2.871504909963819123e-03
3.026561677389087192e-03
3.286316191400868742e-03
3.179187617325246028e-03
3.235199901844460890e-03
3.148437832301136455e-03
3.239594273980415332e-03
4.008234214913686949e-03
4.605587671115821298e-03
4.984119526311380291e-03
3.895714428117281851e-03
4.379791956049787147e-03
2.967578724839920520e-03
3.363323206693304927e-03
3.108165509212948256e-03
2.962099828451857618e-03
2.738766198818780133e-03
3.665898934435292064e-03
3.393866468850373613e-03
3.287938962677337384e-03
3.511505906028077051e-03
4.452122681688054293e-03
3.780894333089043248e-03
3.329027198881021922e-03
3.088049585452523962e-03
2.778371794990879950e-03
2.527226413660050262e-03
2.745897019140972409e-03
2.528601212932966510e-03
3.142302846509736035e-03
2.551232810906308313e-03
2.692466735628074211e-03
2.645595543892012309e-03
2.594425494401406997e-03
2.529810455861146098e-03
2.719313591406723185e-03
2.526342836614988221e-03
2.573324895740589438e-03
2.569701080399708348e-03
2.630357930807116981e-03
2.590610176836085406e-03
2.499499860626919635e-03
2.513276556666666373e-03
2.551477324391634126e-03
2.528365197794977745e-03
2.516073579482090098e-03
2.610528357153356783e-03
2.445860389308827151e-03
2.488803981273155982e-03
2.486225907620836020e-03
2.636722327045524106e-03
2.753917078692904880e-03
2.534582877693330842e-03
2.668025629563681653e-03
2.563795828294615844e-03
2.596857827546652456e-03
2.628662966991044021e-03
2.480134920952141095e-03
2.529643879846524886e-03
2.490709953769101696e-03
2.455899580031931442e-03
2.599787453991424420e-03
2.602277876066839794e-03
2.561737863140200501e-03
2.594267423844421726e-03
2.675046849606126272e-03
2.547081479414585806e-03
2.575958132068812637e-03
2.486937401953792127e-03
2.694980798467562933e-03
2.621198800260191378e-03
3.129420126872266544e-03
2.586147284552369526e-03
2.551964300011100046e-03
3.034277136916898546e-03
2.518679326475173948e-03
2.554762687591302390e-03
2.542111726535657267e-03
2.647522624387528035e-03
2.562698392218451700e-03
2.486933818946916556e-03
2.506195605120777395e-03
2.626428525350348823e-03
2.629431863886234465e-03
2.547183780256521025e-03
2.638000782173919537e-03
2.663087353376546954e-03
2.575132108020453635e-03
2.547869762781979856e-03
2.570377683228495039e-03
2.625443319348133749e-03
2.474521171278504759e-03
2.455280279684920412e-03
3.076168206511929303e-03
2.558738426330486610e-03
2.296520555799703815e-03
2.492896572569194402e-03
2.563206201132046946e-03
2.531687908459280371e-03
2.546610581678012113e-03
2.495428414752508869e-03
2.656565145704774689e-03
2.434447796389411188e-03
2.834206191941862282e-03
2.662167623240251080e-03
2.429686152882567628e-03
3.007666082133979724e-03
2.529753188826986635e-03
2.771284856351345031e-03
3.060195319241093993e-03
2.742094934523334627e-03
2.455734258292684765e-03
2.547008822213809101e-03
2.590186681520036550e-03
2.503127878787651979e-03
2.476392207563522362e-03
2.521803471966681861e-03
3.086512673266279556e-03
2.421772243389181192e-03
2.515220219200457567e-03
2.879406085381802042e-03
2.414262437811337016e-03
2.565685619985910541e-03
2.628180505114932446e-03
2.418773987773283236e-03
2.473618610818781750e-03
2.688116808225063641e-03
2.516742160344215534e-03
2.657734707704962045e-03
2.455253775375122304e-03
2.475112640030161914e-03
2.558270198354698193e-03
2.496267726977350644e-03
2.596675000370707483e-03
2.481949781400254185e-03
