6.686245125195028338e-02
1.314132333445849343e-01
1.771109810651566585e-01
1.258111917571398675e-01
1.004864341194174754e-01
9.008597717425319285e-02
1.613043154537942281e-01
2.663429066585197291e-01
5.524104157391729331e-01
6.608783003529306033e-01
8.942285678598502763e-01
1.244197403640383559e+00
9.830172753798352980e-01
7.941147670195358721e-01
6.510281642804431890e-01
7.221119865714206165e-01
9.903827277505548032e-01
1.272122923429545693e+00
1.225595380261621958e+00
1.618622103284465430e+00
2.134175638484640203e+00
2.709531134779796790e+00
2.978473260737857675e+00
3.718616812779242498e+00
4.322680925410229413e+00
4.782206270920967839e+00
5.299866113182351235e+00
5.771247429708651566e+00
5.142765885054701336e+00
4.672715710798419408e+00
3.932045401279667729e+00
3.586073603298349788e+00
3.089336706179255820e+00
2.877208088025023702e+00
2.600738790051205118e+00
2.288919375196795336e+00
1.914128545123187752e+00
1.724476376169060909e+00
1.654257691957258913e+00
1.501256865326269452e+00
1.351755776201771786e+00
1.370467892613497884e+00
1.217503982140165197e+00
1.181535772316149480e+00
1.055677373237520200e+00
1.033130534703650127e+00
9.754899415288164066e-01
9.448873127485016843e-01
8.738502793905840171e-01
7.912125570499219940e-01
7.938049545791568962e-01
7.245481642050037863e-01
7.766249584987444665e-01
6.751448382627288636e-01
7.403039049512188940e-01
5.948771652915788577e-01
7.199426682919015663e-01
6.179295888551525895e-01
5.790577857563092845e-01
5.733093533901718608e-01
5.235419496187382338e-01
5.295606192261590461e-01
5.047832003420817948e-01
4.800373130562025636e-01
5.104858475541198537e-01
4.668823517380923938e-01
4.928378997578721776e-01
4.598987441055962799e-01
4.350360473919685500e-01
4.227761785751597556e-01
3.629988525817658962e-01
4.050747378374048302e-01
3.845716564530150539e-01
4.048685540291118157e-01
4.052471708113193349e-01
3.870231121590220758e-01
4.138163229810679078e-01
3.306223529134726391e-01
3.311497114605075343e-01
3.201448095925595316e-01
3.251219315167147572e-01
3.238661519118091747e-01
2.931464061064606441e-01
3.401215462096277009e-01
3.146677706694399612e-01
2.890488054940751339e-01
3.171137946483134629e-01
2.660729489842725837e-01
2.831348957232361907e-01
2.478274959118097476e-01
2.853594418509847741e-01
2.458350821521015361e-01
2.487957288487208096e-01
2.426558510189864570e-01
2.423951965494361149e-01
2.540816322460620613e-01
2.021839643296003408e-01
2.256247125155835254e-01
2.362624472013666044e-01
2.389110312742593334e-01
2.084737313979140860e-01
2.240433487775666255e-01
2.034386858935463005e-01
1.947209441053502910e-01
2.051624354789620130e-01
1.909035981124773684e-01
1.856075763967456604e-01
1.908672323121728409e-01
1.876451711193630745e-01
1.898993077344842684e-01
1.653575727369767101e-01
2.222022576173389719e-01
1.833264321359817373e-01
1.741832423338133262e-01
1.750325294068991733e-01
1.636051860649273548e-01
1.694288507618768591e-01
1.555416823294595019e-01
1.568560800727458182e-01
1.489617405261486338e-01
1.619033196807424524e-01
1.304655880062328688e-01
1.447188979514900942e-01
1.361302716860303408e-01
1.363242375558850195e-01
1.425128935092072890e-01
1.351392768280994250e-01
1.389332937052935035e-01
1.254294230768731588e-01
1.487920456605277553e-01
1.497009785118870728e-01
1.294026928986190539e-01
1.162325403880698355e-01
1.259248291741256187e-01
1.301330278197130041e-01
1.253366297119061779e-01
1.120225602356068467e-01
1.179435100755049509e-01
1.150270105327980824e-01
1.168786338645124434e-01
1.213419967652082654e-01
1.087076536210673100e-01
1.273351990235154774e-01
1.141916143586852589e-01
1.039447933615535447e-01
1.084788236589072918e-01
1.126342836049269019e-01
1.060156290774882659e-01
1.110278109168461314e-01
1.084152291054794603e-01
1.032661764844234609e-01
1.183058131215761893e-01
1.026269763247613931e-01
1.203070823243612697e-01
1.123617984609837084e-01
1.102305443399386603e-01
1.138559042754736239e-01
1.139631975439470701e-01
9.876618933811762147e-02
1.196089818710818348e-01
9.796738435932052236e-02
1.132657168657033864e-01
9.825748984448191836e-02
1.044630638086159885e-01
1.125230999372376500e-01
1.225383352012975602e-01
1.158146085142583159e-01
1.007389683206443287e-01
9.347001033900551037e-02
1.083318637596935308e-01
1.236642174103316644e-01
9.809916459598529148e-02
1.105467714043655014e-01
1.125950927777837479e-01
1.329638248292471514e-01
1.226099387156262405e-01
1.150338523746222974e-01
9.388499074670388078e-02
1.095726825714332248e-01
9.961300917703115598e-02
1.127641612363892293e-01
9.404784996933047980e-02
9.504038079881567402e-02
1.100400422497315456e-01
1.131568742091989405e-01
1.050421986175003736e-01
9.966322997020239660e-02
1.058155313821127208e-01
1.062256097151997036e-01
9.612659922942959345e-02
1.013951878522717787e-01
1.051412110398005778e-01
9.639066928668328649e-02
9.671758104088105934e-02
9.062260199629086632e-02
9.829164821960996445e-02
9.692754957472279886e-02
1.015201557243040759e-01
1.039357545963639634e-01
1.045715367264634793e-01
1.160766954042620064e-01
1.206559285708994900e-01
1.109041531914024964e-01
1.066086426738967335e-01
9.712785729569529958e-02
1.016331529585915577e-01
1.112520921323978534e-01
9.078152935938138546e-02
8.642716139786074669e-02
9.556603884043003705e-02
9.526702141131805635e-02
1.088262528909698240e-01
9.124245732426085331e-02
1.189570452586588278e-01
9.683923712905781467e-02
9.079152137081540619e-02
8.876328618178307150e-02
8.930733305254787147e-02
8.655469568831011817e-02
8.280191690563748486e-02
8.955664946246688629e-02
8.218624209513558654e-02
9.600642994624965232e-02
7.908362405150151653e-02
9.264092298780718382e-02
8.481215551089973936e-02
8.864278075223468167e-02
8.738643596035639005e-02
7.640284648213704899e-02
8.348587581825196724e-02
7.771938950103383925e-02
8.127430735496382619e-02
7.809332602506501020e-02
8.211936116249989037e-02
7.470393413993733911e-02
7.026145554962931472e-02
7.970212654162639465e-02
7.794187157118931397e-02
7.282801656114314126e-02
6.800140546674762754e-02
7.643338960798090609e-02
7.336395772055814835e-02
7.271030725901989067e-02
7.383692601278343814e-02
6.704319719846488224e-02
7.084098901085229827e-02
6.959581093081491920e-02
7.686832704741962397e-02
6.697323225420259707e-02
6.710311308912762784e-02
6.513669761294033078e-02
6.737943139144737803e-02
6.311734408841208899e-02
6.484085352661508872e-02
6.732638815817354461e-02
5.960645059546156033e-02
6.355837587935309063e-02
5.955562845458581278e-02
5.828313134665862733e-02
6.341524149126917531e-02
5.771290073615589766e-02
5.852799697107653049e-02
5.811752529299166886e-02
6.183617967710243468e-02
5.497754065673627483e-02
5.383804728183029520e-02
6.040653154480923187e-02
5.527038076835904395e-02
5.311323201532439087e-02
5.564489809419755767e-02
5.304598052638220818e-02
5.659658531854071944e-02
5.465006143052760640e-02
5.741153593464660976e-02
4.695611057669187016e-02
5.104544311411303437e-02
5.778860960300542804e-02
4.857740453714861489e-02
4.950969253277297255e-02
4.930497027583041064e-02
4.985911716159156792e-02
6.033082229822676890e-02
5.944661818410301724e-02
4.493265890842802063e-02
4.990740502545677054e-02
4.350247596548281054e-02
4.672724427545116993e-02
4.679229040949701296e-02
4.750066641433014353e-02
4.714357743471427747e-02
4.329429302747252184e-02
4.777273346195013565e-02
5.161356268753095056e-02
4.158636022413207678e-02
4.898653438159973617e-02
4.593182069306965543e-02
4.842176862637460888e-02
4.218456006183758655e-02
4.044167195063256420e-02
4.320488742662421944e-02
4.137191506481719544e-02
3.547297080384231166e-02
3.890021353513154617e-02
3.794132362273350267e-02
3.714498068932933772e-02
3.948226105045966189e-02
3.954815589697117939e-02
3.518063453488157188e-02
3.846891836804809672e-02
3.901028610724331658e-02
3.522601810578927101e-02
3.511104056421317232e-02
3.092004977376463029e-02
3.527297314660294419e-02
3.642096504807691010e-02
3.250333475985640874e-02
3.381238235717428514e-02
3.657913148000973419e-02
3.445954253519438459e-02
3.549938663253600357e-02
3.217651991452400578e-02
3.523422369116180342e-02
3.423710684897490059e-02
2.881764087899944815e-02
3.163667638464065512e-02
2.999167257582584234e-02
3.025791268308849341e-02
3.185061179631076128e-02
2.964231043990161324e-02
3.012749438350229361e-02
3.049879651505063224e-02
2.870869444020748146e-02
3.442112944032668653e-02
2.908555485062544813e-02
2.827850325277886379e-02
3.123780947265231145e-02
2.493500237843887871e-02
2.713366815191462639e-02
2.622334986088661543e-02
2.921108490932666779e-02
2.437592526111419938e-02
2.633227870004289581e-02
3.270833249214500499e-02
2.521397068633062996e-02
2.825190337826357159e-02
2.520215281794566456e-02
2.555048048309360373e-02
2.479339677645917353e-02
2.070507100240266685e-02
2.279866424909750625e-02
2.234235419232316611e-02
2.618533667092618616e-02
2.602634531499781884e-02
2.646710052200716007e-02
2.947185378489198052e-02
2.868775152411042959e-02
2.121646281600595915e-02
2.591287938972682697e-02
2.322546129019457950e-02
2.232092664477198021e-02
2.042308603926277707e-02
2.572223507563322839e-02
2.591048564665774517e-02
2.840327981297419493e-02
2.302228558149998355e-02
2.483982896487632944e-02
2.901862732256444560e-02
3.125864738584731295e-02
2.805308269278261948e-02
2.151721372808650112e-02
3.724759682070473421e-02
2.926551402373724423e-02
2.358616129513341556e-02
2.906934371331721528e-02
2.857982518358516411e-02
2.392714419495769324e-02
2.209082910430583413e-02
2.224691785558041701e-02
2.165723073535514090e-02
2.141203848302538487e-02
1.845209592887755295e-02
1.943752820137580398e-02
2.527485690299858395e-02
2.558124036920381497e-02
1.951483628280285473e-02
1.927567783686386788e-02
1.684576395043098362e-02
1.948731100234679312e-02
1.760215196279020511e-02
2.214835451693776894e-02
1.822330862605194002e-02
1.897534642662839638e-02
2.277295198093963469e-02
1.734510180619243044e-02
1.952953164642745251e-02
1.530755384786905253e-02
1.654842277081930088e-02
1.929820521439711695e-02
1.786289653398593844e-02
1.595913019734207169e-02
1.889229236325249903e-02
1.826150923053803873e-02
1.819220989524790791e-02
1.678295690424700184e-02
1.730345460022476162e-02
1.842442822210885525e-02
1.541369913857017736e-02
1.611451150462182846e-02
1.723313784872900628e-02
1.592160457323086101e-02
1.803166811091133984e-02
1.578769605637761475e-02
1.668105605976217751e-02
1.654164113709128553e-02
1.687415096507533310e-02
1.483717994657579413e-02
1.481751493937015843e-02
1.448745298040155643e-02
1.441761122030077794e-02
1.550421358528618863e-02
1.719743721659907840e-02
1.819323044703408457e-02
1.540686630006572397e-02
1.479514615623521955e-02
1.473590683470754267e-02
1.558510504579595571e-02
1.523272736146753271e-02
1.566639858335897723e-02
1.417723286192286609e-02
1.516891391148837524e-02
1.568225267478947499e-02
1.452099295956420753e-02
1.542331479422669877e-02
1.432661799125262321e-02
1.546252335888361265e-02
1.393010493960990769e-02
1.356010697880442178e-02
1.309571699258804851e-02
1.507536068674436222e-02
1.574552732895053223e-02
1.243328744075129604e-02
1.690708152189696056e-02
1.872355160008532318e-02
1.533135974843043842e-02
1.620541610233952948e-02
1.562045866420254045e-02
1.897180747862240585e-02
1.512836882184374551e-02
1.369649381087071488e-02
1.449725352759530760e-02
1.576543944404925485e-02
1.519761020337910030e-02
1.278772528204867413e-02
1.597138954426540955e-02
1.649403080083267775e-02
1.587454655864394687e-02
2.173798989725535258e-02
1.866526760263750515e-02
1.782567971013819877e-02
1.742957907903357542e-02
1.636688298786535128e-02
1.479741561760088663e-02
1.436413092601370421e-02
1.530876666990360450e-02
1.361279934427677210e-02
1.421020734504156897e-02
1.314248762478043182e-02
1.517265964226012336e-02
1.408685615023004371e-02
1.464798301552085354e-02
1.479587299655701557e-02
1.227897730871015808e-02
1.521396735342268360e-02
1.424894565404489361e-02
1.325937881206060501e-02
1.365078034851222900e-02
1.449104613530930244e-02
2.101393223442797609e-02
2.224482972875722539e-02
1.376952245889583558e-02
1.687464288650549274e-02
1.577441466766075356e-02
1.328376547412136489e-02
1.551593220571883744e-02
1.199931314659952175e-02
1.513903297338681578e-02
1.483158781765660066e-02
1.570760477836572258e-02
3.773663962240485226e-02
6.255958484840541678e-02
9.408286104480895196e-02
5.838494965769883832e-02
5.891981937183264628e-02
3.194280728489835158e-02
1.986457742388541767e-02
1.937498153708773832e-02
1.457318101923015322e-02
1.335802341565541299e-02
1.398440323119609294e-02
1.225999917960960903e-02
1.366888523542685203e-02
1.342947667553831721e-02
1.199730507235178927e-02
1.235663961968615047e-02
1.231088575166245681e-02
1.263085081158649321e-02
1.236158260758579014e-02
1.217697009649640338e-02
1.222470023702194701e-02
1.159314819654267553e-02
1.151050324461079695e-02
1.216688743995393215e-02
1.222769694125571023e-02
1.143018388854698600e-02
1.124477181096179314e-02
1.198106807923929491e-02
1.124038298795990848e-02
1.131578123776705129e-02
1.094861221656579647e-02
1.171280037162679595e-02
1.144663582528821291e-02
1.093625960305952965e-02
1.112976773758301077e-02
1.175560225894536209e-02
1.417887542876393805e-02
1.115132711851017124e-02
1.164456242823366967e-02
1.222160325785443327e-02
1.103664147751191697e-02
1.091187668551907124e-02
1.083787356906179208e-02
1.069489949711589089e-02
1.179357172270639569e-02
1.095977202308907363e-02
1.233832014733752050e-02
1.106318055959204343e-02
1.078347111419523767e-02
1.082308403223374536e-02
1.132393612012857695e-02
1.066969297998053741e-02
1.016203745258395345e-02
1.132162963413422402e-02
1.079133355627990599e-02
9.497069260790393097e-03
9.501099955922799947e-03
1.017234969607801361e-02
1.035016894038984399e-02
1.045648912944334083e-02
1.170646778397824855e-02
1.214192457924105281e-02
1.454232305980454783e-02
1.724368890991137201e-02
2.018236392816315575e-02
1.590968887976797544e-02
1.358173357147953592e-02
1.248644008403102836e-02
1.174297988827042831e-02
1.079768596152661138e-02
9.695514639742764534e-03
9.783140533430805669e-03
1.009157747689383086e-02
1.106543214561521958e-02
1.150449870803068979e-02
9.083962276332820454e-03
1.045333371111917958e-02
1.093497816855196203e-02
1.089955915925872043e-02
1.019577262972548581e-02
1.136423849371112800e-02
1.193547642803916703e-02
1.614596749471291365e-02
1.204362858940935359e-02
1.309894900683664792e-02
1.236705303743892807e-02
1.006118539865136913e-02
1.948251367866388542e-02
1.276429550242219602e-02
1.138911572023426459e-02
1.203763075163334119e-02
9.658753814427149809e-03
9.897149486416706443e-03
1.030406976191522612e-02
1.055984775069342650e-02
1.173725729089194168e-02
1.012935141576886550e-02
1.008578628002266588e-02
1.040963075380665209e-02
9.006289767291539988e-03
9.643976749796305190e-03
9.483360552965973064e-03
1.009407410049454473e-02
1.198721993216801847e-02
1.283610291479080762e-02
1.837962919607729478e-02
2.079647268717501815e-02
1.667293056732148046e-02
1.917542047434379199e-02
1.567946943685130309e-02
1.613892252903529473e-02
1.274542197581167609e-02
1.076284751887193573e-02
1.156273891652478264e-02
1.061509890529515471e-02
1.039061856729514739e-02
9.177677797410698640e-03
9.795076934087451268e-03
9.446291483060482996e-03
9.756069414103353196e-03
9.519193710830575403e-03
1.025823391777440884e-02
9.619772957373718889e-03
9.816956041642708325e-03
1.177349757616630126e-02
8.944393337406634018e-03
8.529574236033551915e-03
9.098350938038514760e-03
9.972891075931663088e-03
1.036455556372772695e-02
9.700038135747478599e-03
8.967793179420794139e-03
9.512127865389720383e-03
9.184096383795695845e-03
1.019845246268362600e-02
9.227098111703137609e-03
1.008227107281764803e-02
1.134146265954248840e-02
1.326160134543123356e-02
1.397062514112175705e-02
1.001864493375173235e-02
1.035163043398268715e-02
1.236352456625290815e-02
9.210571843520524993e-03
1.052779982329125202e-02
1.012711031651563828e-02
1.036090909561815376e-02
1.207451963685149572e-02
1.125207913210324664e-02
1.046053341780884063e-02
1.134319121335006231e-02
1.042676193347594205e-02
1.032262950432094942e-02
9.791665846269146517e-03
9.055523822828686481e-03
9.134709705084139916e-03
9.330542301577983769e-03
8.992293714061181872e-03
8.663608294524274486e-03
8.454028828630789569e-03
9.013999548899347819e-03
1.326917037256817623e-02
1.761931485654976912e-02
1.731704315827889071e-02
1.723531754679097014e-02
2.150602122458663418e-02
2.157429265847754865e-02
1.547027485184806865e-02
1.905326980552557101e-02
1.587072814366616638e-02
1.364395338390428196e-02
1.190120205371032053e-02
1.097653961543783481e-02
1.110609858826758049e-02
1.040750657503878088e-02
8.815223832693981978e-03
8.883258414457726598e-03
8.191496036437630190e-03
7.765414449941041020e-03
8.434498117621655813e-03
7.719320353433190701e-03
7.980133714925501109e-03
7.766044264766003985e-03
8.012727539273185873e-03
7.680311095970225252e-03
8.535851053722232074e-03
9.700102243134714128e-03
7.685806802636098965e-03
8.191563755206892478e-03
8.891660183221723399e-03
7.648432581757898946e-03
7.929620589033356884e-03
8.222850387235861730e-03
9.118489076095321472e-03
9.295353664852869929e-03
1.001679979484575676e-02
8.092978642945485718e-03
8.093876055684965168e-03
7.955919018128429845e-03
7.898051407466645177e-03
7.607867848931920349e-03
7.895843696855102747e-03
8.517909765896976640e-03
8.336035827886315377e-03
1.067720550861516078e-02
9.338152196600415372e-03
1.051603880277510346e-02
1.017848186358247080e-02
9.749921142099621935e-03
9.128953328728909092e-03
9.464533744825080752e-03
9.186061532168082744e-03
9.395849772540175449e-03
1.003922156600225990e-02
8.643892729993010726e-03
8.679391810858383752e-03
9.266746783250524519e-03
9.668442995089319286e-03
8.800642638604892071e-03
1.008728100891832444e-02
9.922349347528454377e-03
8.070930533430848569e-03
1.006007334632664021e-02
9.904532537336630665e-03
9.921928924044032261e-03
8.646314099141788959e-03
9.692278479601523777e-03
8.363271755785245398e-03
8.765949724124005860e-03
9.084778365122817348e-03
8.397833675064338144e-03
7.853919385949830259e-03
8.009306811799624809e-03
8.468145785201466186e-03
7.984754281028889553e-03
8.733556910832374759e-03
8.748950566129558293e-03
8.185058225686499267e-03
8.424647115342066145e-03
7.621503918828239146e-03
7.185695924447195633e-03
7.507610155099194403e-03
7.956375593538317359e-03
9.171523018031250973e-03
7.829458630251886347e-03
7.920928246336276721e-03
9.367700258800328028e-03
8.735834329115194780e-03
9.343552998907041912e-03
1.010319870803776630e-02
1.064053802642150014e-02
1.429681728321421930e-02
1.972438114387758262e-02
2.351615904472160318e-02
2.596593205217096259e-02
3.196389120679984236e-02
2.922607618655664874e-02
1.974718825233932884e-02
1.941578875831543108e-02
2.599117558614178272e-02
2.245165961474511820e-02
2.121122542361207272e-02
1.949088019837334762e-02
1.446708422267508135e-02
1.150488893478356263e-02
1.181163707581613272e-02
8.858478029536692028e-03
8.500822222271612466e-03
8.624904579037327712e-03
7.524121603259158707e-03
6.608373319570005726e-03
7.464969189398005210e-03
7.900081795324361694e-03
7.188705965532182079e-03
7.212148588920428739e-03
6.905823990654970553e-03
8.056510891817856776e-03
6.418804789760334563e-03
6.933045579139845982e-03
6.901802969099063434e-03
8.027303558421541169e-03
7.573062549005334446e-03
7.023880178515466872e-03
6.766244289392591739e-03
7.257091059910994804e-03
7.641278616056081628e-03
7.112229108633277147e-03
7.271425914174468527e-03
8.086668980086725300e-03
7.752828489051141400e-03
7.022252477538372221e-03
6.881142527264937254e-03
6.294602971227448128e-03
6.393090836568521632e-03
8.552571459113870317e-03
7.144213638505828891e-03
6.213990791615772030e-03
7.824877745332007098e-03
7.689641313143093584e-03
6.781741563359416393e-03
7.890210765404101143e-03
7.465242682191891056e-03
6.824176946761554077e-03
6.378433427375213537e-03
8.068186005240769385e-03
8.593624536128184610e-03
8.150853803315951523e-03
8.537751140892372095e-03
6.600674144404196884e-03
7.340345360715380164e-03
6.699495380777117925e-03
6.271958511825232591e-03
7.905612706236315318e-03
8.017916820541894779e-03
7.859892208898265273e-03
6.768147954018634456e-03
7.546671648662568559e-03
7.609502469789560311e-03
6.920459896408686327e-03
1.078903260379627388e-02
9.508558144154187139e-03
9.138582223517649830e-03
8.459548960748982868e-03
7.070683679619675123e-03
6.729456740221061509e-03
7.033698201765025380e-03
7.427940344777104499e-03
8.418707416595901105e-03
7.785275706071217473e-03
8.823197564629377612e-03
7.121595083280048318e-03
6.692841198457430765e-03
7.695361370732566562e-03
7.213489720638978191e-03
7.768674078370046282e-03
6.772784969609296074e-03
6.708761893194034945e-03
8.699078176207410487e-03
6.972066488707857022e-03
7.476951348384542478e-03
9.393610974888695966e-03
8.503598713562401240e-03
9.409193370758968389e-03
9.834355250796514986e-03
1.394716794048185896e-02
1.480945805566592083e-02
1.314603468099582832e-02
1.638149187093303205e-02
1.176378973175713598e-02
1.255271640694156747e-02
9.003809684000548680e-03
1.164401409406258352e-02
1.111560653903083742e-02
1.155731673317657998e-02
1.449578571228555754e-02
2.098707258324428518e-02
2.610106072915680323e-02
4.135706432769409996e-02
4.221698857293442603e-02
2.763249103400424941e-02
2.524308384333533856e-02
1.802324945337292761e-02
1.484212948970361871e-02
1.439622406073004166e-02
9.826534512187954859e-03
9.111145283859088326e-03
1.006559587544671522e-02
7.537562198722698274e-03
8.406876071544343992e-03
8.322865467844086859e-03
9.072885385886495652e-03
7.532489853915357546e-03
6.740708796046013598e-03
6.849794784542618566e-03
7.092830818544697789e-03
7.344669282109328803e-03
6.523675031965553081e-03
6.327864341934627199e-03
6.173988102355843464e-03
6.108692101991543451e-03
6.346875815333550760e-03
5.559935176721476219e-03
6.153621106633352933e-03
6.225058858638878208e-03
5.846411251538077836e-03
6.535972289094304187e-03
6.263593403163551614e-03
6.275399782663171333e-03
6.333794486935617057e-03
6.379163785959433147e-03
5.987432674859915344e-03
5.988049571768161959e-03
6.200714184842704910e-03
6.377608331455205185e-03
6.231364997815873850e-03
5.770492979914276788e-03
5.607696602003160551e-03
6.099122359087298315e-03
6.125540839854531038e-03
6.301853105832483891e-03
6.204497094020659971e-03
5.842013018483659982e-03
5.869261674483571174e-03
6.913556544021718687e-03
5.692922134160894633e-03
6.098953977491983897e-03
5.827451323995217793e-03
6.792486420758729430e-03
5.779841139057957829e-03
6.401130668932845415e-03
6.383026104335201047e-03
6.938527283436462557e-03
7.705380714486700228e-03
8.837505557740000725e-03
9.249055530318087137e-03
7.724447026245699795e-03
7.058784713606595061e-03
6.430209492204403202e-03
6.147867702050572626e-03
6.396528349480964416e-03
6.544143119838316883e-03
7.363243388100534567e-03
7.103036178406964621e-03
9.639390877787841830e-03
8.180251366527568208e-03
7.740352388115961935e-03
9.218613230402414663e-03
8.028282510921263063e-03
9.966435408236364035e-03
9.380132465511730952e-03
9.374551758254530409e-03
7.554724805558311537e-03
7.931532585715495021e-03
8.052310539948369025e-03
6.447292820772740872e-03
6.680980723331809805e-03
7.288263255580655284e-03
9.481993748375480702e-03
8.129503253389461920e-03
7.642522660788474836e-03
8.177857923261878589e-03
6.886912539045642566e-03
6.688494473741236034e-03
5.450474325788826763e-03
5.680305677242840010e-03
7.036901577211019353e-03
6.726893747161582018e-03
5.708161342383998547e-03
7.221754965332496598e-03
6.396887819382555268e-03
5.531220856679600409e-03
5.837694495268395782e-03
7.167665371452423655e-03
6.555385263126495797e-03
6.153864884973417673e-03
6.791049221673211428e-03
5.731059685584201542e-03
6.959054319863126545e-03
6.846336125686616238e-03
6.484682384326707037e-03
7.678802145637235108e-03
8.028970326400016247e-03
7.875622524133532240e-03
7.750240069993177307e-03
8.647689313755289181e-03
7.332617587885483824e-03
7.287051028132508594e-03
8.448286809611219375e-03
1.153816785181341689e-02
1.205024415753374982e-02
2.773721975089221692e-02
2.355660096990688096e-02
1.132290610292458269e-02
1.208756997743665185e-02
7.283647358735587975e-03
9.674683746191455741e-03
9.787850460546474937e-03
1.159036509121885890e-02
1.092419733511345095e-02
9.189037839714531142e-03
1.047569160163505306e-02
1.310384896942587765e-02
1.398989171298270842e-02
1.924988488155661426e-02
1.543408328808231443e-02
1.995359225908765674e-02
1.960073410940335950e-02
1.282036291402488537e-02
8.355404328698145394e-03
6.608243225748104861e-03
5.605797422401585968e-03
5.722912724091679983e-03
6.279921208221262222e-03
5.368866881422583275e-03
5.192292133404960951e-03
5.228827151630208517e-03
5.602885936746565890e-03
6.684455377537411661e-03
5.615237012750186676e-03
6.109388015086845286e-03
5.401685181406649071e-03
5.074029861029171438e-03
4.845747202131929325e-03
5.384033302681564583e-03
5.182097112616426693e-03
5.192160718189967918e-03
5.459821588620009623e-03
5.423209027958664913e-03
5.148782559774949669e-03
5.134514701151358072e-03
5.354048866345380124e-03
5.267184717447614614e-03
5.424193453593620894e-03
5.230242515552879431e-03
5.638242057454080462e-03
5.445545250439702382e-03
5.288838214737412446e-03
5.925786594290325879e-03
5.135680352249667908e-03
4.952461908389994318e-03
5.251591231489928686e-03
5.310657044127056053e-03
5.123289343676035168e-03
5.745990357617540914e-03
5.627355726436092387e-03
6.193151165286773889e-03
5.757917790597642457e-03
6.495887292324553988e-03
7.012636911955815594e-03
9.218473550871689876e-03
1.151501390172108598e-02
1.107824693548263226e-02
8.360126580481838654e-03
6.714667526575865929e-03
6.654021684149988812e-03
5.902200408923886747e-03
5.697683260567875697e-03
6.118265427756985550e-03
6.511512336572732908e-03
6.177192889343091978e-03
6.395174579999011490e-03
6.408656765503598432e-03
6.097324812175461753e-03
5.529206750822477159e-03
6.120416573085161842e-03
5.496308275048799805e-03
5.345530741656114374e-03
5.896337174278066563e-03
5.682728614983686109e-03
5.375016258690634707e-03
5.443326615377091365e-03
5.682515308894594760e-03
5.691578967191968964e-03
5.208447447898533096e-03
5.428931015762337303e-03
4.867438765416680531e-03
5.889306066358708860e-03
5.575274979611120375e-03
5.502292777589507314e-03
5.367281825558252624e-03
5.477892033412435843e-03
6.010908069930756201e-03
5.929700406862982096e-03
9.132963310358009276e-03
9.810272788830396926e-03
1.266468766615042735e-02
1.350943310028612614e-02
1.805203796226174939e-02
1.324218817522524773e-02
1.248938513383053735e-02
1.195538629256815213e-02
8.304921392261936305e-03
7.035263175683994195e-03
6.328254563527794911e-03
5.151427660880650641e-03
5.489963433978197610e-03
5.066876467961098363e-03
5.082095434403175772e-03
5.038857301570925235e-03
5.280896041711519856e-03
5.526431769216918512e-03
5.183223128463438495e-03
4.867434188332376080e-03
5.511323504884904981e-03
7.046640551531598885e-03
7.625400281998664931e-03
8.988913350137866035e-03
1.032986292307604657e-02
7.222167138266523054e-03
6.825595910667855634e-03
6.533255592023209067e-03
6.245134643869257665e-03
6.761979585643959102e-03
5.235205737663729299e-03
4.831921991654663205e-03
6.202547933652911155e-03
5.662596101592916147e-03
5.646197724644684904e-03
6.258590269941862773e-03
5.590961270513261291e-03
5.839372644112947666e-03
6.259785773609333193e-03
8.804258407801189221e-03
8.358438533138660975e-03
6.706969198514909497e-03
7.309537932132782918e-03
7.241829210691415677e-03
5.735971300642891089e-03
6.819673104482093171e-03
8.042257768358141573e-03
7.809304191476091478e-03
7.585301602129660391e-03
6.480442098328446400e-03
6.306678974770644000e-03
6.659208182245293303e-03
5.992737117773414002e-03
6.052698729008946545e-03
6.188187667773121028e-03
6.048201501255578288e-03
6.413259511561979556e-03
5.413524414459937144e-03
5.462284824834745187e-03
5.254207351296917225e-03
5.476412577302506093e-03
6.448264834415392242e-03
6.365147986122750116e-03
9.467863712187767067e-03
7.736822381742520377e-03
9.614798338030772565e-03
6.031498553511511519e-03
7.727704602525198307e-03
7.688764830733137504e-03
1.002188830646830002e-02
8.896847262959318645e-03
1.126508998093034286e-02
7.533855693948010926e-03
7.742606752381780109e-03
6.930668383706646389e-03
5.535457497910531086e-03
6.319090284098389208e-03
5.502078081037276372e-03
5.439573318050664429e-03
5.013081919236187997e-03
4.922346554433450726e-03
5.102844097638061308e-03
4.953110857980356184e-03
4.627014093728254798e-03
6.918365050745463492e-03
5.390676597870601612e-03
5.851342662144306227e-03
6.119526356027376116e-03
5.496557323167977627e-03
7.700379250347538090e-03
6.999227766804093538e-03
5.258492079761779674e-03
6.589818947119509447e-03
6.685532512135396697e-03
5.419965147828576316e-03
7.549170484198272635e-03
6.662274912626268107e-03
5.746452562307052467e-03
6.239815589725526343e-03
6.213404440979385449e-03
6.531732406490324203e-03
7.362233241876913609e-03
7.442999391284274568e-03
6.675948778837790393e-03
5.983590992905381614e-03
5.532464658487877031e-03
6.478395718436017782e-03
6.210266315755895265e-03
9.918007757265274310e-03
8.271474940275549276e-03
5.796537804946122821e-03
6.600383690975684253e-03
5.499026979175076699e-03
5.382532587574036069e-03
5.289662239670287619e-03
6.147994092955458810e-03
6.429552770992223026e-03
9.708847626464798056e-03
9.238887347847182796e-03
1.030454385353235525e-02
1.193629733692941342e-02
7.925498288494297466e-03
7.213276058759419442e-03
7.873614617324125112e-03
6.720182769551679217e-03
8.855316146369866109e-03
6.762015191627926761e-03
5.779426265085995523e-03
7.019169684486685663e-03
1.220709925424450643e-02
1.165976546240729550e-02
1.406238448001643007e-02
8.619852879166162510e-03
8.089237633009838113e-03
7.670821359440348555e-03
8.377867566944767821e-03
5.686397287615974593e-03
5.524913616368429606e-03
4.659011470993596783e-03
4.807619439460109750e-03
4.385892473766412128e-03
4.793595178510773325e-03
4.477036244007847124e-03
5.590124744176073329e-03
3.939505381599994922e-03
4.610605875809995965e-03
4.857284635043035426e-03
3.906201055578195896e-03
4.214975501059505664e-03
3.979600211047834395e-03
5.078511436553059290e-03
4.360704090817963362e-03
4.431214481965048760e-03
5.507613475264969485e-03
5.636525550611808620e-03
5.261506741059020567e-03
4.434633143222175763e-03
4.948123890429741677e-03
4.773010629386533615e-03
5.080536180748904639e-03
6.934120891499507243e-03
7.501701072567867022e-03
7.435424438204516449e-03
9.873350436936359845e-03
1.048188433045896262e-02
1.192434502909342324e-02
1.328129729481705712e-02
1.167600706079036099e-02
9.668465369543419521e-03
7.583357952111313173e-03
5.771888292903949551e-03
5.642101825922012266e-03
4.849063870396366771e-03
5.118943046247988876e-03
4.323826472616926729e-03
4.650004820869436777e-03
5.466351432207796832e-03
4.306678040728298754e-03
4.530327181422138388e-03
4.584282375358065230e-03
4.435973397456548749e-03
4.126169922078938221e-03
4.408617339809446298e-03
4.433871094919147014e-03
5.189256890578993961e-03
7.590618234426771763e-03
7.859072493556456054e-03
6.462223286581337232e-03
6.996434264027097220e-03
9.167455515276957956e-03
5.850703395567678940e-03
6.400032933188514253e-03
6.723940647397521307e-03
6.932374967385570783e-03
6.136037117303117308e-03
5.383386418415574311e-03
5.576181737749452173e-03
6.105765057895077598e-03
5.127564024674457176e-03
4.569109262751062245e-03
4.701778590823419909e-03
4.817934351296097525e-03
4.217510464841421267e-03
4.023844517049921486e-03
5.014563733333216727e-03
5.102103221178243449e-03
4.653930560417808213e-03
4.504100296732782907e-03
4.088580370358490049e-03
4.682455817104808592e-03
4.285453301214153278e-03
4.400176203087633950e-03
5.060863730674547423e-03
5.686571774667689011e-03
5.180823365229135329e-03
5.128170009583622561e-03
5.263748187825783090e-03
5.619622049659939687e-03
5.675120068076935226e-03
5.553969716611471298e-03
5.321459219626771368e-03
4.814982390070614467e-03
5.100738805172692035e-03
5.495191473973958136e-03
5.350209276602074446e-03
4.205805354726513748e-03
4.384469025051077745e-03
4.052998855739405916e-03
4.776218158237069758e-03
5.426567646733045786e-03
5.309002357085016235e-03
5.673772443530613815e-03
5.503588244205076530e-03
6.021435445343748319e-03
6.571171634364091421e-03
6.923852917719323583e-03
9.849877837212193607e-03
8.171920668381266184e-03
6.201409096077438281e-03
9.187346411034197011e-03
1.116840527540926241e-02
8.712909692454444063e-03
8.445787205177029619e-03
1.029838609657397937e-02
6.211677999983340574e-03
5.166866283736438852e-03
4.844496933760636739e-03
4.381833542133902783e-03
4.253963689283003433e-03
5.177595793221967391e-03
4.764393239288368213e-03
4.234696810341389075e-03
4.704541743358388317e-03
4.586395788581743363e-03
4.343652056353122619e-03
4.208226985035800130e-03
4.688105280192284875e-03
4.831298947108498762e-03
4.807494359375784169e-03
5.192098543709331923e-03
5.888449920947022229e-03
5.339263914226548106e-03
4.713419887314746794e-03
4.247648078550534702e-03
4.335148144141660019e-03
5.504191077956991848e-03
4.230012910287990827e-03
5.803812579490933744e-03
4.663117428866476663e-03
4.402137183713311468e-03
4.711169469176275382e-03
5.949344863940452671e-03
6.394235139727962557e-03
6.558106334136540663e-03
5.806711814942321949e-03
5.018481960581097287e-03
5.149833907768189972e-03
5.183263562016723544e-03
4.379017702744384191e-03
5.904319277034567048e-03
4.692664526798286453e-03
6.539991829931254136e-03
5.444321985012334081e-03
5.321344843284576270e-03
4.914141854001428077e-03
4.944830571322186494e-03
4.505357369602711916e-03
5.041594402261400341e-03
5.127562746962342245e-03
6.666282568097234990e-03
5.317893012850689015e-03
4.396409997650495630e-03
4.280604038890616775e-03
4.969547892839158015e-03
4.032902627765637751e-03
4.453655983702452768e-03
4.447559101009040776e-03
4.702535893915404247e-03
5.148975255603135091e-03
5.475311071587807797e-03
8.972190003691558891e-03
7.608325832482962757e-03
8.387344796734879163e-03
9.645053344749491761e-03
9.374081373438168663e-03
1.465958783314253236e-02
1.206431113603794944e-02
2.174571811183322739e-02
2.645821127048027244e-02
2.374265229257178922e-02
1.768462162858281186e-02
1.214066092761704845e-02
7.703490157933742810e-03
7.227553852357727210e-03
6.086024961685818427e-03
4.989010624344735086e-03
5.243162355226270270e-03
4.358522412309325661e-03
4.058686611191506845e-03
4.036806183442948753e-03
3.786971022668931056e-03
4.124310187299832717e-03
3.968199168912455582e-03
4.344048574259192809e-03
4.048660900641990606e-03
3.582895621229632410e-03
3.911326717671936327e-03
3.989255667109392611e-03
3.717122068599213770e-03
3.408882337801525265e-03
3.872589087639939209e-03
3.441296207834866443e-03
4.074306551559056001e-03
3.967347598065214948e-03
3.907913858683166944e-03
4.034561516521250127e-03
3.608671965515155167e-03
3.664517860349149510e-03
4.002138432652286096e-03
3.583028862247666316e-03
3.813235271436173340e-03
3.762411792620407036e-03
3.779268733648006619e-03
4.084372339777378284e-03
3.921973041575723372e-03
3.951164861233928856e-03
4.246776876546657156e-03
4.521639619015708524e-03
4.060579677425778591e-03
4.035183377048957507e-03
4.864199518797286854e-03
3.748121210802707846e-03
7.653994703011055521e-03
7.185721209554399823e-03
7.103737756282257031e-03
6.661154232428566704e-03
5.609108536084806557e-03
5.250563337040676376e-03
5.059204555160886317e-03
6.033169607530526439e-03
5.708031193346253633e-03
4.826720807376878516e-03
4.405965208920329355e-03
4.549776716225148801e-03
4.436668516852823076e-03
4.635956644241462365e-03
4.362564105290348687e-03
4.936036472914142291e-03
4.544228214429691867e-03
4.057912779341322704e-03
4.019468733484967207e-03
3.556696502265863265e-03
3.630080624598153952e-03
3.777602635862885045e-03
3.626896746419847484e-03
3.798799540499025584e-03
3.590782470435263923e-03
3.842901548212919634e-03
4.682499700541861189e-03
7.320323769561661899e-03
7.431424042789407276e-03
1.005556120245046196e-02
6.899644867957189544e-03
6.279084755323747873e-03
4.725535177203774549e-03
4.296104860734689494e-03
4.061096922300264089e-03
3.655199196952068838e-03
4.804415892726105961e-03
3.606260554077142261e-03
3.866233456792922234e-03
4.441288017023395547e-03
4.123837568604170681e-03
4.319286403966724960e-03
3.984076611502767283e-03
4.227482126604244737e-03
4.250136376998240630e-03
5.764217690607880210e-03
4.760211824934467394e-03
4.919384672497832331e-03
4.465375983934811825e-03
3.893984260605793963e-03
4.445823226634972730e-03
5.346453563384514530e-03
7.191493459427821498e-03
1.090910173125066857e-02
1.913819446336790034e-02
1.248661724284456237e-02
2.621455243281162889e-02
1.169069014248821752e-02
7.365889354912064611e-03
6.705609349139633399e-03
7.642869784543125829e-03
4.706232400187868384e-03
5.075871039716057728e-03
5.434963991538580529e-03
4.154802151199289174e-03
4.365591554309770222e-03
4.100479238403771307e-03
4.164112973468335650e-03
4.065499979837173400e-03
3.883826316037390647e-03
3.827468337099394508e-03
4.051709728679118473e-03
3.731423100677207227e-03
3.499610152593097667e-03
3.550115771077181660e-03
3.819557948584148196e-03
3.803813953107378250e-03
3.914782757088488586e-03
3.654223620586039434e-03
3.547669623684327964e-03
3.955469839420979426e-03
4.668390080865650674e-03
3.733983937425490278e-03
3.910711653023159727e-03
3.891249048056919825e-03
3.286796481474598287e-03
3.476375178781949613e-03
3.529731016931536396e-03
3.539981306955135559e-03
3.480108722508629734e-03
3.553513948363605859e-03
3.822288227141585996e-03
3.915459282705546079e-03
4.029174952630076335e-03
4.222570079993893596e-03
5.090726804098601350e-03
3.910503033403385162e-03
4.865406936172309883e-03
6.962113508023967320e-03
6.802385998910730376e-03
1.066482591783954499e-02
6.727694944993626962e-03
7.735683479540272217e-03
7.602586552291254116e-03
7.534095769515311049e-03
5.390065087991171081e-03
4.271018118240502148e-03
6.150540242560554455e-03
5.751621273109331321e-03
4.512389492388293663e-03
3.821595633876002582e-03
4.575134915396941206e-03
4.328494715199901477e-03
4.492453992689230714e-03
4.115646825714993490e-03
4.213707160586133496e-03
4.382424271197905494e-03
4.325944921008394520e-03
4.566588667738066994e-03
4.203595087509101602e-03
4.675040646972633551e-03
4.810010810777786035e-03
5.072533634712883543e-03
5.820695830497782386e-03
5.261074562172432002e-03
3.631412432924017476e-03
3.438562654055312990e-03
3.422400733603534178e-03
3.989950793291502720e-03
3.843058827310885488e-03
3.258746507563296379e-03
3.339710743871690882e-03
3.510882889271784140e-03
3.147079515648097247e-03
3.304324150190523623e-03
3.199889048556779289e-03
3.483344438492234907e-03
3.594787257204155439e-03
3.293885966511261084e-03
3.078516748536195592e-03
3.371335223935087097e-03
3.229572013075512459e-03
3.322094457780846478e-03
3.670630481544236157e-03
3.569080896596045754e-03
3.275909821989587967e-03
3.879967773399981435e-03
4.230805292170873241e-03
3.895638774477890986e-03
4.547320705894235954e-03
3.607312476561259310e-03
3.817194728056654343e-03
3.795131983470932929e-03
3.908357821649618459e-03
3.041600801965881062e-03
3.248596918493963041e-03
3.487130917684934731e-03
3.667943163754121272e-03
3.529718926809909899e-03
3.993185469753095587e-03
3.660172674346672851e-03
4.055612533775045971e-03
3.502889625979833423e-03
4.708813956441775667e-03
5.124696990275671125e-03
4.243095204457601570e-03
3.506324772725491132e-03
3.873299977712111979e-03
3.822938727464446004e-03
4.249252652454091859e-03
4.848937752248544918e-03
4.928010274420163705e-03
5.879288650330507203e-03
6.975894099145838953e-03
8.002771810586277457e-03
7.710700738321336380e-03
9.213544880718666993e-03
1.069719793671582674e-02
8.652303132050592760e-03
7.811541498006224771e-03
9.042714726672075251e-03
9.858881407147405962e-03
8.239389277467800213e-03
7.662319080655511684e-03
8.763470810222164301e-03
7.612457730710726726e-03
4.932380114934362472e-03
4.172213060234111238e-03
5.622595465815240744e-03
7.091990305236813528e-03
7.732870342932520250e-03
5.698755365829875734e-03
5.656774770418024345e-03
4.434300960685111717e-03
4.337184825984231537e-03
4.273561301718320840e-03
4.498778985455271356e-03
4.034467083254605381e-03
4.023804640486889836e-03
3.961168879459306749e-03
4.109585771875689901e-03
5.516482235881914331e-03
3.894472665241570115e-03
3.741750219872987289e-03
3.503855559514228515e-03
3.757926034587868135e-03
3.242353790180548499e-03
3.074964996961316362e-03
3.361327824369530429e-03
3.499973732628234961e-03
3.920600333134316787e-03
3.455695487232878123e-03
3.654089005484623294e-03
3.763618058415293694e-03
3.528294632976488026e-03
3.271864527923260858e-03
3.578112267592299493e-03
3.493361791150049502e-03
3.311480680707553585e-03
3.468003008498767980e-03
3.809269085143661762e-03
3.825762485503018343e-03
3.399358785222249529e-03
4.696170724316980905e-03
4.600872273662204651e-03
4.896447233396317850e-03
4.231657292673606484e-03
3.361634908848626195e-03
3.564594877234669376e-03
3.703194563599853349e-03
3.101220662217439757e-03
3.387212964658868966e-03
3.900645181466541773e-03
4.676361717262081732e-03
4.311573455230826961e-03
4.042013980683215740e-03
3.376627909482849809e-03
3.350093258102449737e-03
3.720636151810723102e-03
3.158904963983628304e-03
3.321129925472066959e-03
4.091662024798194998e-03
3.695184613846059715e-03
5.259650138156347736e-03
4.908373181009738177e-03
6.801437872670589892e-03
6.224598674659267278e-03
6.905946828128528038e-03
5.056320911889720417e-03
3.332051038859788587e-03
4.379912293805772808e-03
6.911279374717888870e-03
8.615115808679555190e-03
6.046088618673017140e-03
7.550385091765906241e-03
8.619903913764704467e-03
7.405862740210674040e-03
6.917778707421786376e-03
6.965145501046182686e-03
7.413147842883669250e-03
8.925571606404777286e-03
5.280168658982084193e-03
6.755406822232782986e-03
1.425450263771352311e-02
9.230612710138298010e-03
9.252919158969204194e-03
1.166924611726541036e-02
9.705168370226790325e-03
8.928428146480319599e-03
5.730171778517065967e-03
4.987411125870793577e-03
4.605256370484240788e-03
3.661697149992913271e-03
3.957450456366990582e-03
3.490272146422915452e-03
3.097463941087654805e-03
3.019621939953024380e-03
3.049794113198618217e-03
2.814443116861705448e-03
2.982781960285056655e-03
2.630078094024092435e-03
3.628037114648650138e-03
3.720625269446107327e-03
3.094078173447721136e-03
2.885000090214826472e-03
2.686031712815192471e-03
3.093322780167613150e-03
2.493793815792392198e-03
3.046705899525026760e-03
3.142622749450055698e-03
3.069143769431514034e-03
3.118232043795048612e-03
2.840217567959894308e-03
2.946666277773325304e-03
2.854870853100984190e-03
2.756739924704907935e-03
3.055576681585581763e-03
3.222574694814710726e-03
3.642224876128008146e-03
3.260762392504386147e-03
2.992347222272408180e-03
3.438842331059006711e-03
3.235184911718594174e-03
3.491221479067170997e-03
6.178374165804722748e-03
9.689554884999399681e-03
8.662786143457962967e-03
1.461152700478308454e-02
9.676628557006830902e-03
8.411132152733050149e-03
9.602945258434516726e-03
8.742041688065135124e-03
1.109510747983542996e-02
9.429878150031196712e-03
5.862655487318647711e-03
3.898696785711248773e-03
5.193600560291370197e-03
3.855598319614356694e-03
3.584125717964981375e-03
3.318847661729022475e-03
4.012029046409138974e-03
3.431886176015422601e-03
3.581304469417255498e-03
3.492096123567766785e-03
3.449866204930884545e-03
3.620620561881086538e-03
3.437796059992707324e-03
3.144136745641894649e-03
3.691000258760880181e-03
3.403670694549731663e-03
3.498627505138587456e-03
3.330675469395367582e-03
3.159783952061755163e-03
3.167884359051261096e-03
3.051555352782820384e-03
3.341926997376522789e-03
3.112168261452946325e-03
3.297082640427840758e-03
3.094375887631587493e-03
3.233979660407244622e-03
2.888448019765248523e-03
3.403794250805254086e-03
4.267868416354490130e-03
4.267129950894166940e-03
4.366059962446626995e-03
3.441463796665749069e-03
3.220796795650790641e-03
3.707225921041125069e-03
3.442389562626413900e-03
3.188391043662168987e-03
3.046980974831116785e-03
3.185725731689148001e-03
3.373462703849526220e-03
2.837382782875899796e-03
3.246285643227216945e-03
3.540375459823979793e-03
3.262823044864851182e-03
3.443255407511898025e-03
3.279640735251402629e-03
3.890572082068059507e-03
2.990852412735119092e-03
3.705416433680480421e-03
3.447489066968182064e-03
3.346315308541347733e-03
3.548597074695931421e-03
4.046304382826265179e-03
4.003546044682763753e-03
3.253087814593878021e-03
3.532324439523848621e-03
4.743095395593447880e-03
4.727483755945755851e-03
4.294800628067666978e-03
3.274764465441304742e-03
3.185778483295205292e-03
3.635801451351018329e-03
3.263088754662084486e-03
2.997562138899891645e-03
2.992170913781244841e-03
3.090114659680187354e-03
3.323809669523045997e-03
3.286442270616214429e-03
3.840877561869879102e-03
3.886681541219127144e-03
4.741003600227465531e-03
3.534406695669916124e-03
3.967820960209596237e-03
4.888113309553195930e-03
4.224635705656134242e-03
4.215922411564436596e-03
3.598145250610971721e-03
3.690059405116232535e-03
3.484889895027487149e-03
3.304810787717614700e-03
5.301897062768319048e-03
4.648197038056234125e-03
8.954447102229387209e-03
6.696989514694844450e-03
5.900219575974649869e-03
5.743124178591776409e-03
5.960025488854404745e-03
3.992435552468562993e-03
4.742028553326358385e-03
3.484180286655796672e-03
3.570813170911315854e-03
3.744673882300035127e-03
4.063374383410583469e-03
4.295931150107232428e-03
5.433250381282075069e-03
5.265340161812586198e-03
6.719768778828514796e-03
6.425748739323875781e-03
5.596210743865612236e-03
4.504826966433500904e-03
3.415554145393825784e-03
3.914282039909500015e-03
3.633517307803369768e-03
5.898307011825060231e-03
5.202094010861631028e-03
3.576192427648166184e-03
4.367137581541975268e-03
3.449124083841096419e-03
3.102446265339687745e-03
2.689611925530064653e-03
3.586590555647908071e-03
4.384348258985371928e-03
3.786404357653321180e-03
2.818354339923364541e-03
2.890986777234531412e-03
2.944337136887039026e-03
3.018193311209295057e-03
2.939997529532461466e-03
2.897297148336057913e-03
3.286762656069322931e-03
3.250851731256242539e-03
3.009360015300501304e-03
3.458836364870638332e-03
3.823194017283098808e-03
3.796756657741073501e-03
5.019069255789626594e-03
2.975365129439551740e-03
3.290039594263690585e-03
2.932108758342364709e-03
3.362446522399943020e-03
4.973845216999179218e-03
4.329159843825788716e-03
5.948423727247907286e-03
7.325371147433534791e-03
9.147962260954045632e-03
7.874145952670046078e-03
8.336004951151779890e-03
6.402254522895655178e-03
4.116769113749698186e-03
3.409399852771027428e-03
3.161533422190558346e-03
3.126610610808148137e-03
3.198497734650267502e-03
3.133900060489711991e-03
3.567368797744930892e-03
3.724412514216333004e-03
4.342873451636591539e-03
3.488074847442283744e-03
3.118513112835647350e-03
3.287179414660794732e-03
3.382322606399000130e-03
3.351553414014162534e-03
3.656612461563995848e-03
4.344865299825303312e-03
3.945494012016824946e-03
3.919298931350108026e-03
5.081418809682746070e-03
6.208118665375677615e-03
6.103304298917592435e-03
4.192891566948909500e-03
4.904614271564621333e-03
5.408725219044710833e-03
3.721990142165926708e-03
3.115782545805261330e-03
3.292525903904803576e-03
3.177919907802266922e-03
4.727560694145065655e-03
4.154568743717915354e-03
3.590532730543201032e-03
4.390379930377047782e-03
6.622104268085244293e-03
5.865996420949420344e-03
3.878519664843129312e-03
3.597837762688702989e-03
3.020134812506982975e-03
2.553089619859653762e-03
2.883337468651224738e-03
2.634538421758650210e-03
2.948632524684041949e-03
2.346705953666455846e-03
2.476597075900562397e-03
2.353755888818740739e-03
2.549747014897634986e-03
2.530120756733122631e-03
2.475980960550907498e-03
2.334253707144264261e-03
2.352020920613931247e-03
2.449042711604142598e-03
2.308792668919821059e-03
2.452616928379538520e-03
2.373951519180405277e-03
2.438396903842745232e-03
2.308469908229001180e-03
2.355116748547531665e-03
2.419614874868871411e-03
2.411553739987008175e-03
2.310339548427311172e-03
2.360433784953004394e-03
2.333523269755600777e-03
2.644282894925837398e-03
2.369185310972661464e-03
2.319813748756524661e-03
2.408994218680970707e-03
2.266987038748586192e-03
2.342448622943575209e-03
2.373116795117967762e-03
2.410858238812332421e-03
2.487015683575612320e-03
2.443169664083204469e-03
2.338652529710974828e-03
2.374320518959178658e-03
2.419497743912405689e-03
2.299608558214027380e-03
2.379122890286603127e-03
2.532421070840312326e-03
2.362300583015188547e-03
2.389759827329245457e-03
2.273745924434306641e-03
2.333351022224132258e-03
2.392832192363003683e-03
2.572770209572875378e-03
2.554489013028181897e-03
2.439967560494769871e-03
2.525668816028157383e-03
2.274391769304256756e-03
2.305821207304909349e-03
2.495235008352962580e-03
2.431319849950119329e-03
2.368156726346585042e-03
2.319670211679545659e-03
2.307762189695162450e-03
2.543474735329404567e-03
2.372817953905673790e-03
2.414438822550815308e-03
2.368713935575823999e-03
2.528826698602350091e-03
2.404566480859047801e-03
2.337045956642553202e-03
2.332299239867548484e-03
2.446639837727010176e-03
2.350652376010765876e-03
2.277275075871922072e-03
2.877231698991149743e-03
2.414730522090027809e-03
2.209975393502602772e-03
2.193772048026681673e-03
2.453891259545507627e-03
2.476439928651298639e-03
2.291909455039469606e-03
2.363113539868848430e-03
2.386142746062862481e-03
2.419314967870150011e-03
2.707575461244616545e-03
2.682521374212382646e-03
2.646627329316225685e-03
2.569155175095217455e-03
2.505046758524793245e-03
2.581033936617673982e-03
2.989637901868312953e-03
2.603252417343828243e-03
2.420252276066067482e-03
2.365089145500868639e-03
2.380942272143380355e-03
2.199846781255751591e-03
2.194497238541595445e-03
2.365033312343615274e-03
3.030450464215826874e-03
2.365557103276763780e-03
2.307412187061833476e-03
2.339855182065778312e-03
2.328589214893970073e-03
2.408820039199019783e-03
2.453636451893180352e-03
2.248796568226165294e-03
2.260054383433754421e-03
2.431830298201034021e-03
2.459888197296850217e-03
2.424943369540770964e-03
2.506781832596362541e-03
2.229529654010278285e-03
2.693318134574321406e-03
2.386237400530737737e-03
2.385955856187632011e-03
2.466118170911857366e-03
