2.467398929374590988e-01
2.526195571727911093e-01
2.510752080071037562e-01
2.507596441191604075e-01
2.492633013064657621e-01
2.521940051460496157e-01
2.459389345751436529e-01
2.369464775014654689e-01
2.784831581527413835e-01
2.980205582880427473e-01
3.840721025958159229e-01
4.387126053277656812e-01
3.851057412923077350e-01
3.311662150403877347e-01
3.014647838022102011e-01
2.876290308674087082e-01
2.724863743188065124e-01
2.583180727061358817e-01
2.650929962556141106e-01
2.590570555250004126e-01
2.501289473705144983e-01
2.289661982130588025e-01
2.248864758712570966e-01
2.224356255871287324e-01
2.142673504830379383e-01
1.935243129757942271e-01
1.846336465972198415e-01
1.812075397967985169e-01
1.740518717317128261e-01
1.806658394648723298e-01
1.691530475277865653e-01
1.635349751347887903e-01
1.718591839121741960e-01
1.813689733625416245e-01
1.790826316164964294e-01
1.759545697780750262e-01
1.559857693926084143e-01
1.716538503660183512e-01
1.685438752397935280e-01
1.726323142472566130e-01
1.578906839526434958e-01
1.623636673273265718e-01
1.756860990830424740e-01
1.640024463980050140e-01
1.614367987195485243e-01
1.587041856703904630e-01
1.576857728398941005e-01
1.512827049191109718e-01
1.551966334954168192e-01
1.527190850748133266e-01
1.446542710718353164e-01
1.467768066534997640e-01
1.432698949560888002e-01
1.433904774211527122e-01
1.424797186530290805e-01
1.399214531241482762e-01
1.406976024572912931e-01
1.349356445609236066e-01
1.384122173981472970e-01
1.338267849490517580e-01
1.375861334190390250e-01
1.316961982513651375e-01
1.342312581867956545e-01
1.293405865166696034e-01
1.341256832244265840e-01
1.333277805058499521e-01
1.334073472403078386e-01
1.301721665791865934e-01
1.350096566482490712e-01
1.324798116739733245e-01
1.306391985190351046e-01
1.347787427958360984e-01
1.313114218124616095e-01
1.313381085065355169e-01
1.312272005042708356e-01
1.316277478504535303e-01
1.316372958674334459e-01
1.362659681111479670e-01
1.291438396685986589e-01
1.299006080244794470e-01
1.284865344179340341e-01
1.328293178663718377e-01
1.305427884728413701e-01
1.323875883862762337e-01
1.303173101955086566e-01
1.298047591180863380e-01
1.322789786113374721e-01
1.316035805650993262e-01
1.286723147040457482e-01
1.285132961530953133e-01
1.299771326247120828e-01
1.285845519837878481e-01
1.309086448129402058e-01
1.300057514824685956e-01
1.288801537531111541e-01
1.298397644521762095e-01
1.310858274923764610e-01
1.295039781659585443e-01
1.297398813825447195e-01
1.310124703589434503e-01
1.333196106916609003e-01
1.325198806910860005e-01
1.324753586579153763e-01
1.312372838564327404e-01
1.301961935921036040e-01
1.292409255647070099e-01
1.296481867106783481e-01
1.312474440878824422e-01
1.304234246587693269e-01
1.290897907191672078e-01
1.302693913530301728e-01
1.328910718059385931e-01
1.281753383682191771e-01
1.288898253500824209e-01
1.306435821181103629e-01
1.269122481026481175e-01
1.287824468668152811e-01
1.305544017559023828e-01
1.293365851355537943e-01
1.265394716722235691e-01
1.291851451345255031e-01
1.289651150491087361e-01
1.269883869223825124e-01
1.284512167301299912e-01
1.297643665858929651e-01
1.300513286366661858e-01
1.288331235384988505e-01
1.309272689853557270e-01
1.321978939761234428e-01
1.331534215966562462e-01
1.273454999380871366e-01
1.274811525611588836e-01
1.322871511949820778e-01
1.284325429660629903e-01
1.292009769616726256e-01
1.318605341437615874e-01
1.316774629914661543e-01
1.268989178418974129e-01
1.303893648083274404e-01
1.296903759904373121e-01
1.299158035873412276e-01
1.292142300446156855e-01
1.276695381406200425e-01
1.288222342816815469e-01
1.269773849812161903e-01
1.287469110457296062e-01
1.271056597396075794e-01
1.259500398648472352e-01
1.303331477930494420e-01
1.262792163585148841e-01
1.261576543258484395e-01
1.284194539082869624e-01
1.276180076848247302e-01
1.270892734408605729e-01
1.275789268797091203e-01
1.257690203011266328e-01
1.275948082060970878e-01
1.286483942309012418e-01
1.278491552630587613e-01
1.275022532577404499e-01
1.283970254421431811e-01
1.264714885961374380e-01
1.284945604737960934e-01
1.283408502846943300e-01
1.290539059067938588e-01
1.266319249189789276e-01
1.266404785808167843e-01
1.266005561171059390e-01
1.265621457640629111e-01
1.250897826531794932e-01
1.264414230668142458e-01
1.244718171005280011e-01
1.259695367812604661e-01
1.243501566478327214e-01
1.247208594989513558e-01
1.276139325200947583e-01
1.257132441265332301e-01
1.248402486363085068e-01
1.245486334875845758e-01
1.251761919645095200e-01
1.268749818600883594e-01
1.264280338778067669e-01
1.277316540439450698e-01
1.242746534898895999e-01
1.251390375144014744e-01
1.274842706532745840e-01
1.293162788968847954e-01
1.239399739843037307e-01
1.246684352002648682e-01
1.253992762150482609e-01
1.252611742757234747e-01
1.245909850197299135e-01
1.245677443511853250e-01
1.254369299774132085e-01
1.247387474356183162e-01
1.237494037090710319e-01
1.264746681124623851e-01
1.230836108682658581e-01
1.260097298921009079e-01
1.243171816688417725e-01
1.219194846085328993e-01
1.229091216774952922e-01
1.220227192528456767e-01
1.248823061610286056e-01
1.250732046498162220e-01
1.253588435959262781e-01
1.218987235378874295e-01
1.223630771184637533e-01
1.274985068226443530e-01
1.207310415715400348e-01
1.205177213243568135e-01
1.230577081437537329e-01
1.213230914222781925e-01
1.212454829979322246e-01
1.239007833158528304e-01
1.220820577186351591e-01
1.206489127256983596e-01
1.225831836182751239e-01
1.214503638463439311e-01
1.253771870443722847e-01
1.207568030309411344e-01
1.213164359740809828e-01
1.203961804392755242e-01
1.225828507092382169e-01
1.212546089896743007e-01
1.203414352134505594e-01
1.230511261648264409e-01
1.215843533995576570e-01
1.186900929820171730e-01
1.206458796619114260e-01
1.204053936051041745e-01
1.209829824687958660e-01
1.206891484391997421e-01
1.183193939509819131e-01
1.192718266363727991e-01
1.180590969741609209e-01
1.207836585034659793e-01
1.192154527656202334e-01
1.179817164514773975e-01
1.183771204045010461e-01
1.202671522878370342e-01
1.204166826188167588e-01
1.199060541526383167e-01
1.184173889185928946e-01
1.189160073398047718e-01
1.151730677176251855e-01
1.203316748083665677e-01
1.198412554467505609e-01
1.144746917026829430e-01
1.187155186609538532e-01
1.172073453029718465e-01
1.152366345525729641e-01
1.156397209703178414e-01
1.152313952174257722e-01
1.154074382199105908e-01
1.146054580021970415e-01
1.159079192222059046e-01
1.193683708293716977e-01
1.166166004202013606e-01
1.158719341401451691e-01
1.166592026116697045e-01
1.158771867596232324e-01
1.153753034068464162e-01
1.144790588106328194e-01
1.175626795434885352e-01
1.148160225407808127e-01
1.152579725728293120e-01
1.133746557817222889e-01
1.156458532526736804e-01
1.139035818918240489e-01
1.132523788871037385e-01
1.139494409142084719e-01
1.122655641283012706e-01
1.153680192767118501e-01
1.141404504240579598e-01
1.142413377338721420e-01
1.135485436074279153e-01
1.125941722234457820e-01
1.125279943669761640e-01
1.123419025221265161e-01
1.130590856822357992e-01
1.111754800779146402e-01
1.143796577856024121e-01
1.098319240155711252e-01
1.121542062982588128e-01
1.125680366124217763e-01
1.133991456007230614e-01
1.090887766185275887e-01
1.093503146877325138e-01
1.115017735571560975e-01
1.109092834776164160e-01
1.120766115088202425e-01
1.093132568433744234e-01
1.110393061403769088e-01
1.097207326196050076e-01
1.087615826864110069e-01
1.092694084808480681e-01
1.119637737594141591e-01
1.101858184503008709e-01
1.082972318139787948e-01
1.081617023626822438e-01
1.079263588386866340e-01
1.082242168311078195e-01
1.064810844151853481e-01
1.067191710585699005e-01
1.084237114438645205e-01
1.056022927459680100e-01
1.054929519978796970e-01
1.060377052732294489e-01
1.056197943507310166e-01
1.070229792692061754e-01
1.064714444545802191e-01
1.075937097761084371e-01
1.077009503752371644e-01
1.053650067517352684e-01
1.044863450275671929e-01
1.060514083363487681e-01
1.041815178318427210e-01
1.056114264395003333e-01
1.055124676780052478e-01
1.061118313501765165e-01
1.058088050704432959e-01
1.060030736902202314e-01
1.066730467209204836e-01
1.043082585444402854e-01
1.037946524359520117e-01
1.033428423611571778e-01
1.053028664313750695e-01
1.043642608056285781e-01
1.034398815816675865e-01
1.048591829961678656e-01
1.052126584634624773e-01
1.024912653517601607e-01
1.011443536709194652e-01
1.038361005124970454e-01
1.025362058037218305e-01
1.011293316545585214e-01
1.007330700110005833e-01
1.022057832101739561e-01
1.036624346805092717e-01
1.000399507912551333e-01
1.013310405130185415e-01
1.013778627541890159e-01
9.977763332291714193e-02
1.009673690285066983e-01
1.015721442515629958e-01
9.798807353633588735e-02
1.000549340234991313e-01
1.007495845644617721e-01
1.008234352161495179e-01
9.961971895257441811e-02
1.016711780080996469e-01
9.909161800898809436e-02
9.726045940640890008e-02
1.016958693391218360e-01
9.821754650556234478e-02
9.853797883660410373e-02
1.005762327849282073e-01
9.855464049954941463e-02
9.761756419290824882e-02
9.694429343730968929e-02
1.002152515525157328e-01
9.598132706387262070e-02
9.709966670580182091e-02
9.846369121112023837e-02
9.642064692322840913e-02
9.751906560144514569e-02
9.799501639486887794e-02
9.889658067132742203e-02
9.811228261008324292e-02
9.886521543242515753e-02
9.761096831652014971e-02
9.931151554132042203e-02
9.690908170163736735e-02
9.706883935067577018e-02
9.587975250129737725e-02
9.544877824999711824e-02
9.486903890201310585e-02
9.302915425165265983e-02
9.529533060789861787e-02
9.523962313609403429e-02
9.402879455457230362e-02
9.349295300356884331e-02
9.366893369685827531e-02
9.555185533094297246e-02
9.367911104644689735e-02
9.409812808709322463e-02
9.392811051482571894e-02
9.446354681566299094e-02
9.409212191234293809e-02
9.489724934717211347e-02
9.128091600612142642e-02
9.301557093176406055e-02
9.271874985107370071e-02
9.427379641974377444e-02
9.467151201627069246e-02
9.231545706038406240e-02
9.360233632615859445e-02
9.186524189410130714e-02
9.236757172854155595e-02
9.073421771692537219e-02
9.098719346052977497e-02
9.040848226963739409e-02
9.179486687621866980e-02
9.226656660235550700e-02
9.110400399392680482e-02
9.055730765857866738e-02
9.005767171089321121e-02
9.291534072032422986e-02
8.998684919831601015e-02
9.052521435647455095e-02
8.982917105250932954e-02
8.868336125794473723e-02
8.929383204097945947e-02
9.104701175446290595e-02
8.963606843757306042e-02
8.830539548117519177e-02
9.003053730971485868e-02
8.982633404187477522e-02
9.019760802056381310e-02
8.929108130493755568e-02
8.834163543795307827e-02
8.986030511322931624e-02
8.967829868171331431e-02
8.942470145633001077e-02
8.860581769099949712e-02
9.126424649351641549e-02
8.720586873339687684e-02
8.803645943120130823e-02
8.782587226830450289e-02
8.857824875744559068e-02
8.748281774292157587e-02
8.799755982373434759e-02
8.700547010339118592e-02
8.861428863158897495e-02
8.682362633265473806e-02
8.779998762023275005e-02
8.589022626522738180e-02
8.612212405706277940e-02
8.688023573999602289e-02
8.657101941574206483e-02
8.580477069674621871e-02
8.644053710154887826e-02
8.774216322197098128e-02
8.761636755126842036e-02
8.616779080642697486e-02
8.633563981463088233e-02
8.555904145371420744e-02
8.633885548281988731e-02
8.582981554460843154e-02
8.514894118589438898e-02
8.622963260539723285e-02
8.408354563011152805e-02
8.439270142648333528e-02
8.621438853443569306e-02
8.318705185930862223e-02
8.515385775291746395e-02
8.561713945047690066e-02
8.444607410492457888e-02
8.578214583619357680e-02
8.787742526793419773e-02
8.648589587621734187e-02
8.253897965552409177e-02
8.343496261287874916e-02
8.317024244799281485e-02
8.331079266286704754e-02
8.505225801996468826e-02
8.450002593909289317e-02
8.303703472890362758e-02
8.242604147613022403e-02
8.553083265809147129e-02
8.263197742549704961e-02
8.214247424531272157e-02
8.397707318445123137e-02
8.263355211649220378e-02
8.196648839546818999e-02
8.109680026685668619e-02
8.155394642793799276e-02
8.096539510804669215e-02
8.195642315385913423e-02
8.258231999918594357e-02
8.055363503200808906e-02
8.300526858739371017e-02
8.227973431863987164e-02
8.274213379047844208e-02
8.041712483601458350e-02
8.144023269191777437e-02
8.270901206304664965e-02
8.110500773565246235e-02
8.399413095758453962e-02
8.472158462543899482e-02
8.003690742004265779e-02
8.455519266129249423e-02
7.947113056660128072e-02
8.054044410581137625e-02
7.922759980635031563e-02
7.923741051194027607e-02
7.836731599201142429e-02
7.843831927882224941e-02
7.957708014248095207e-02
7.824111022368025747e-02
7.887499254855559472e-02
7.855792024066705903e-02
7.964507697911028805e-02
7.771031432988050047e-02
7.885934638804072139e-02
7.755389490636811767e-02
7.750611167343833541e-02
7.757080481377945369e-02
7.686883592546808752e-02
7.903795750352461680e-02
7.629788661605257927e-02
7.661847665464295576e-02
7.808334093691822464e-02
7.806655135668433276e-02
7.740356018255198367e-02
7.635219657578377894e-02
7.808339053078303116e-02
7.707335125737276027e-02
7.708065475264583299e-02
7.647379608104733217e-02
7.696039638668226990e-02
7.787004149071770354e-02
7.671739166902025175e-02
7.680747434688471598e-02
7.674834278758263517e-02
7.742921006869980804e-02
7.678785767611671920e-02
7.602008581341321292e-02
7.693370937498356099e-02
7.628390168716506214e-02
7.541419226154316702e-02
7.689318089419813762e-02
7.497516796766777458e-02
7.656451868392971649e-02
7.658207469893882346e-02
7.609567103910230834e-02
7.554442786800974474e-02
7.642139787474647172e-02
7.586740081009403502e-02
7.436608943136033267e-02
7.537062615647925623e-02
7.350145633563773262e-02
7.386701927069294626e-02
7.582798769248962067e-02
7.465139078254698357e-02
7.403765368324782825e-02
7.419399098102472112e-02
7.484890761062970577e-02
7.327559528928268007e-02
7.473963453255530465e-02
7.399180908080318919e-02
7.489936054765888862e-02
7.465667147564417072e-02
7.329033518562651228e-02
7.371101925256945409e-02
7.408998426745504184e-02
7.319534214397308003e-02
7.424636961623572173e-02
7.300002236430166991e-02
7.221002215221902776e-02
7.386354555044873094e-02
7.579991663066029672e-02
7.219917789135288366e-02
7.174186169537286051e-02
7.184907696333020510e-02
7.232775763669076208e-02
7.210971021710320394e-02
7.375458044754486242e-02
7.093853356462544169e-02
7.203836021165158088e-02
7.102921007257215202e-02
7.239744681971510554e-02
7.098852403573070735e-02
7.276131721129776297e-02
7.197041816145316462e-02
7.120109728155334106e-02
7.344829131193539307e-02
7.210514992751936025e-02
7.287449512695370890e-02
7.088002070215668193e-02
7.119415211773277852e-02
7.099386574642679859e-02
7.126364029153786639e-02
6.983280928227682260e-02
7.192437901959394808e-02
7.057991991901869933e-02
7.090818345352888075e-02
7.000211558161015257e-02
6.907781510718929985e-02
7.036738690919365491e-02
6.982418492643734098e-02
7.194802539228535576e-02
7.028488169195870605e-02
7.083575249827871179e-02
7.101103013101518757e-02
6.900083987037744504e-02
6.805918176161956934e-02
6.902886312637177002e-02
6.952171622485482649e-02
6.915968317358706097e-02
6.877198137090102803e-02
6.818430921313192727e-02
6.913408617533638167e-02
6.852016811933596407e-02
6.889578682048472236e-02
6.906039808602444652e-02
6.716990457757258948e-02
6.863768339870092439e-02
6.874977980651054976e-02
6.853245370452060170e-02
6.760748138366284854e-02
6.710374439834188021e-02
6.640377884155462818e-02
6.765483699190734390e-02
6.788655322669977232e-02
6.708672609812063592e-02
6.746675299416425575e-02
6.812648973834688204e-02
6.755190687335922706e-02
6.769781143591012407e-02
6.560337977128702369e-02
6.611195480015144565e-02
6.713259794687426174e-02
6.732170538545119431e-02
6.751513044959188414e-02
6.652382009508064908e-02
6.577298200511656756e-02
6.585922139922519014e-02
6.579068585239836175e-02
6.601319445772625694e-02
6.471011716279674586e-02
6.527154776825941362e-02
6.414158630631831837e-02
6.610661997305590509e-02
6.520070562471333431e-02
6.573091116811774492e-02
6.395664201883569100e-02
6.441519249346848441e-02
6.536397433220117459e-02
6.554246939582132614e-02
6.343209324419765704e-02
6.673561189443073804e-02
6.501220710613371534e-02
6.480952122927587100e-02
6.389311031956290687e-02
6.412867297413003820e-02
6.398022675320871877e-02
6.405877935411165292e-02
6.296560629482986227e-02
6.403892690143711541e-02
6.693456428084346155e-02
6.201076345092120662e-02
6.284212949627447642e-02
6.416745699858873719e-02
6.178779002214407345e-02
6.404325044072220474e-02
6.251580257569358534e-02
6.192034911135923386e-02
6.240765378940935082e-02
6.215463354472849228e-02
6.056366552541243842e-02
6.213352870176476472e-02
6.064029337202583858e-02
6.148669588228068000e-02
6.162949344982442818e-02
6.028548710153720097e-02
6.228997473314790839e-02
5.947173880224938119e-02
6.115491202328113274e-02
6.105781816487744484e-02
6.062424114139165071e-02
5.994837202221414696e-02
6.079373048860668705e-02
5.942591128942532192e-02
6.018718639724847386e-02
5.934923499482187143e-02
5.966140695466053828e-02
6.043564267469428430e-02
5.997324431707240500e-02
6.011991296940670526e-02
5.941556714406655976e-02
5.930905171106593682e-02
6.036595071346416430e-02
5.982416415734593401e-02
5.881433390156753926e-02
5.799637907710318563e-02
5.915992359198256334e-02
5.953875938434313730e-02
6.019868118981518135e-02
5.838320828683782326e-02
5.877091186579071896e-02
5.904948659931814198e-02
5.817738631443518382e-02
5.867649580389332903e-02
5.709042930438676389e-02
5.802474619793253352e-02
5.764885217859737343e-02
5.823659230645229778e-02
5.785996216891737404e-02
5.811678576316940681e-02
5.761515699246012867e-02
5.755830795393434424e-02
5.622667353606761870e-02
5.681347252794443498e-02
5.670447211878797134e-02
5.756073223062409261e-02
5.670462950026427390e-02
5.602113069471530843e-02
5.722333492922363624e-02
5.575892637411291458e-02
5.707212824247778760e-02
5.692073742052967261e-02
5.691739702064717993e-02
5.614087881169105981e-02
5.469559006299570120e-02
5.558865266841184899e-02
5.426848230560153696e-02
5.562603087935155677e-02
5.464175401925112918e-02
5.538493742119372093e-02
5.492714437250136028e-02
5.539825153433027699e-02
5.416769021200389111e-02
5.338217717036608523e-02
5.408176079310738488e-02
5.391096145871439316e-02
5.513539067946066768e-02
5.353173006612090001e-02
5.399005096531955122e-02
5.413490181356594988e-02
5.292035196545588627e-02
5.203642075442146270e-02
5.284569773309824581e-02
5.301487881098164434e-02
5.256471354462224910e-02
5.280414608825255429e-02
5.168555136449473619e-02
5.324815154497497538e-02
5.270737138702513008e-02
5.378452048524950263e-02
5.160719439701794836e-02
5.312167286008748213e-02
5.288891523408903450e-02
5.211264116957974729e-02
5.321730859389385559e-02
5.379064080747682913e-02
5.073477466698136235e-02
5.478703688105811265e-02
5.364285852833641788e-02
5.145560696914371762e-02
5.088244906455625938e-02
5.077997451635073850e-02
4.950171119080844923e-02
4.953450912552156971e-02
4.968491570474339869e-02
4.928924864737289913e-02
4.911286005203378130e-02
4.973100505598555821e-02
4.900880307027757898e-02
4.870579631571073792e-02
4.879922521050227696e-02
4.931514736916493835e-02
4.919475856805517744e-02
4.965008935176375149e-02
4.911307478338174798e-02
4.863555294844101873e-02
4.761505846302487022e-02
4.789435577351864454e-02
4.751481710963244287e-02
4.792205378105617725e-02
4.787810411464554772e-02
4.817065915992643083e-02
4.711362648252440111e-02
4.744624315487537547e-02
4.800539478702350871e-02
4.657617550278392998e-02
4.677962280163336373e-02
4.774671397483214175e-02
4.712651338101889187e-02
4.654392061144617398e-02
4.675360193455689595e-02
4.684724791758205359e-02
4.626897565018599917e-02
4.623293231161472450e-02
4.636140247121792179e-02
4.630936477753561792e-02
4.629579163252749152e-02
4.591819166772857785e-02
4.541926058639825931e-02
4.595653668060532826e-02
4.571695012632730898e-02
4.509778785900941250e-02
4.501480270547624646e-02
4.521205393980148174e-02
4.489265706821966156e-02
4.540685930501547202e-02
4.429115404823159852e-02
4.402599611567666743e-02
4.557029365398677923e-02
4.420629978589192544e-02
4.475740922753683460e-02
4.342915491374710335e-02
4.370758497519978969e-02
4.434485997177795014e-02
4.487979108901288955e-02
4.383953022954029805e-02
4.395388470040653695e-02
4.361361969531636629e-02
4.397120762536940036e-02
4.253121762912129289e-02
4.387817304778707933e-02
4.323664679937603422e-02
4.301819363559055559e-02
4.272897911926901160e-02
4.312981070390704830e-02
4.395463367074650685e-02
4.233399701401007603e-02
4.240704186843580886e-02
4.279031963683685436e-02
4.328369243319408338e-02
4.167381940457415973e-02
4.232777172332543442e-02
4.172050173686373681e-02
4.239278178089479071e-02
4.163829317070120994e-02
4.131254173900243687e-02
4.073944987459213185e-02
4.078854306890097869e-02
4.117963171453757620e-02
4.094684231805613417e-02
4.059613815608018039e-02
4.078919003339371435e-02
4.038912369462422519e-02
4.156290527248059780e-02
4.042880154559625600e-02
3.967015138760011245e-02
3.957458097582133849e-02
4.028289258454269273e-02
4.096156468014422458e-02
3.908030703351110524e-02
3.954599677929670348e-02
3.833404639971267625e-02
4.057363166028592205e-02
3.900611831838157045e-02
3.993252866211201291e-02
4.055527936428959812e-02
3.884365673241561845e-02
3.870472525603754765e-02
3.941049842957112387e-02
3.889093645354432111e-02
3.783572408201447274e-02
3.782502913298604191e-02
3.797307802967540835e-02
3.778401660212281354e-02
3.696022072552079124e-02
3.759282105215053238e-02
3.718840177077145648e-02
3.612342896168160844e-02
3.640296603470202091e-02
3.632458476170155603e-02
3.681538022747198047e-02
3.637202579641321543e-02
3.625354189417764189e-02
3.606037759692898303e-02
3.598896844391846067e-02
3.560553802855782879e-02
3.548924441552177983e-02
3.592884371126513210e-02
3.620235652391993325e-02
3.496214500574115064e-02
3.541960265120767254e-02
3.593921673606888245e-02
3.496649743490892748e-02
3.554690189965233060e-02
3.463332594072039694e-02
3.520313240905238727e-02
3.491001946624981700e-02
3.575406616359904505e-02
3.480351190700804731e-02
3.401318151336783779e-02
3.370508956178983051e-02
3.359352913883429520e-02
3.447549589359544253e-02
3.419205766916429134e-02
3.419407828727437371e-02
3.336645786368374472e-02
3.424031054306893307e-02
3.329454207956344253e-02
3.275752472887273614e-02
3.314165020502788522e-02
3.346229350014665732e-02
3.376993909639147695e-02
3.245313955228400216e-02
3.300931623633263090e-02
3.239182744192668773e-02
3.252195062869152331e-02
3.227751540030285304e-02
3.314279661001705291e-02
3.292278724392458389e-02
3.211312009490382979e-02
3.183348419437869586e-02
3.124582220996300827e-02
3.233645781510323391e-02
3.174275148683017300e-02
3.240936975974576667e-02
3.155366293700971603e-02
3.112620103138972333e-02
3.234949377324174841e-02
3.143993385567941251e-02
3.107652233631741021e-02
3.098661031153448694e-02
3.261389709459985159e-02
3.034271372943988035e-02
3.048796549942498282e-02
3.081927002604053709e-02
3.113538571898598339e-02
3.023529114242664781e-02
3.082602789816967642e-02
3.017484465348813094e-02
2.941953368954950201e-02
2.921518295347352856e-02
2.993377551457873306e-02
3.015219617773498909e-02
2.864728969905196848e-02
2.966180531907482501e-02
2.886279303857149786e-02
2.879305343537575529e-02
2.857833208277519438e-02
2.839629133040311865e-02
2.848200522324789360e-02
2.858472489651044460e-02
2.763015608426953526e-02
2.824721343755329933e-02
2.838990221982789705e-02
2.764301769528677150e-02
2.797024469711154385e-02
2.747070152963540166e-02
2.762834326399226867e-02
2.728169730087654302e-02
2.705138841122909504e-02
2.780488457598970578e-02
2.711058978948544321e-02
2.703410531674066419e-02
2.633421554319661725e-02
2.620869397197988365e-02
2.710217245413482426e-02
2.681495010977275745e-02
2.728405279743801107e-02
2.670317422505493615e-02
2.655603582029947979e-02
2.570761298210070753e-02
2.616954675613179099e-02
2.546295781537901912e-02
2.573477924978828310e-02
2.542280092652132381e-02
2.630232758709356855e-02
2.645068553651121201e-02
2.552429953360742937e-02
2.684182408999637170e-02
2.477760506425212214e-02
2.576894780588051548e-02
2.457006210433926655e-02
2.541702401409079437e-02
2.389343155453906367e-02
2.382929031264763992e-02
2.512021651121355142e-02
2.410689593105474343e-02
2.427758395800741140e-02
2.306996050242483831e-02
2.392680243885785679e-02
2.367087230538537923e-02
2.635119586196775152e-02
2.344351835302798878e-02
2.318064709539111382e-02
2.412081927137263090e-02
2.312584000265831274e-02
2.327275959300757063e-02
2.206288969681661355e-02
2.297716042865407746e-02
2.252231849884252235e-02
2.225038013564703890e-02
2.225927942777410073e-02
2.230898240690424791e-02
2.177218843189722766e-02
2.163862742764485411e-02
2.140625961454812459e-02
2.108006664681067246e-02
2.132734687754803474e-02
2.128232270221368239e-02
2.127483785488090348e-02
2.070665782287819598e-02
2.104295056352708040e-02
2.107659772934314044e-02
2.084951153941214802e-02
2.053718770330397944e-02
2.056429560622078517e-02
2.065746811641028247e-02
2.026441456553348258e-02
2.013592466744620543e-02
1.997082208587445257e-02
2.040372996819213997e-02
1.973475846280090679e-02
1.985968414146442595e-02
2.002179847703825649e-02
1.944905006850054796e-02
2.015983378824747624e-02
1.910752648515988764e-02
1.937869467568390305e-02
1.889034459114811645e-02
1.952445174809079240e-02
1.944627881354387550e-02
1.902842534864521845e-02
1.909493772952178606e-02
1.860493089976408138e-02
1.839500886643017849e-02
1.866978906811709790e-02
1.909006335803188625e-02
1.962730726926571745e-02
1.907409394311936068e-02
1.906185462410343173e-02
1.782130665446656631e-02
1.772496308106475543e-02
1.776829948111265794e-02
1.749437278295620443e-02
1.819828376581761331e-02
1.731809140514465120e-02
1.738119013494739129e-02
1.688804886240133363e-02
1.727258243193861148e-02
1.676773461631923118e-02
1.692289809692313143e-02
1.691819853628855064e-02
1.653446486896568979e-02
1.665513045053529720e-02
1.643520480186455232e-02
1.634493550211459784e-02
1.606292077831123280e-02
1.648241062746993654e-02
1.594229112903733370e-02
1.596708331365559105e-02
1.574003708227864409e-02
1.607321191733636356e-02
1.554298117143660188e-02
1.574211656558191161e-02
1.516184846661678201e-02
1.560604061022521916e-02
1.504691835572126261e-02
1.519682555241038194e-02
1.514660571688266830e-02
1.529677505616772529e-02
1.520514213945368259e-02
1.486438708709587712e-02
1.551650793440025392e-02
1.635660418929485438e-02
1.586573127070622230e-02
1.494981870711708898e-02
1.543717126713817049e-02
1.378566793642807195e-02
1.450725694652846114e-02
1.387078063990225367e-02
1.405925301536095455e-02
1.383745783368936326e-02
1.346938265279934259e-02
1.398329980606743787e-02
1.339104822640676054e-02
1.334303877245386800e-02
1.332251626599336401e-02
1.333988778593439908e-02
1.328325270811986196e-02
1.288292346961133691e-02
1.293350369074045686e-02
1.360933131636253395e-02
1.293299304362137241e-02
1.329223116784764187e-02
1.288660367197272220e-02
1.298261839211195187e-02
1.216419320543790997e-02
1.297142657870139180e-02
1.210689090808165537e-02
1.234385884694221176e-02
1.197214619977608405e-02
1.220072328095483938e-02
1.169212301855510235e-02
1.188356432873813144e-02
1.159529246765682135e-02
1.143055457493477763e-02
1.155196115220206467e-02
1.165348703216092033e-02
1.165343382257706846e-02
1.198855584511013955e-02
1.182898071902930767e-02
1.128668396671032165e-02
1.146146196886783583e-02
1.119038041767348932e-02
1.109606332835691260e-02
1.115254838690309461e-02
1.091751637331474928e-02
1.087915749700556732e-02
1.081770429025780134e-02
1.069252881396316225e-02
1.091034615837546858e-02
1.015987015044168308e-02
1.064992492539215338e-02
1.020842349106595298e-02
1.018057205507488620e-02
1.018354624012059693e-02
1.026627338599483789e-02
1.007835023542069837e-02
1.009732444524379796e-02
1.012028387745044465e-02
1.025912689572307940e-02
9.958999631627914531e-03
1.022516363822769357e-02
1.040364342601029363e-02
1.092531837292876236e-02
1.064730333206867323e-02
1.008511493532047824e-02
9.433316520868380295e-03
9.774524183215147627e-03
9.606888462246644667e-03
9.739973694026602541e-03
8.648912310292074940e-03
8.839533753283597070e-03
8.782750121566861370e-03
8.950990497106424415e-03
8.776789964158862242e-03
8.523093709098095161e-03
8.267301770953583429e-03
8.697605384761367478e-03
8.170184668489337276e-03
8.431140644846934692e-03
8.456155581838728161e-03
7.938054226844544828e-03
8.372837867212223201e-03
7.870730034128352315e-03
7.666164680484162559e-03
7.842171130428210110e-03
7.926880001469278555e-03
7.624459145273339462e-03
7.541395740042052161e-03
7.819931971041867158e-03
7.481285928910634021e-03
7.674131006769891773e-03
7.636038124413175449e-03
7.849034889186746328e-03
7.840437767665162788e-03
7.535067915538018989e-03
7.122928576114346925e-03
7.336333749881869710e-03
7.030959864312120826e-03
7.414447502537522237e-03
6.842974132960286809e-03
6.935460566628013669e-03
7.148386037387558824e-03
7.184101463922537567e-03
7.256515645110172587e-03
6.520916951172443625e-03
6.590091975281413966e-03
6.808283975317459651e-03
6.217156811127800067e-03
6.358205491370729281e-03
6.361516234130704626e-03
6.306247252382869879e-03
6.708722322088167198e-03
6.317840082476540269e-03
6.019269061438057601e-03
6.029481857097372839e-03
6.711476176900765811e-03
6.879346603023512793e-03
6.291737941545436606e-03
6.528047665976848685e-03
5.971460513454438304e-03
6.033898128848074784e-03
6.135156021458683905e-03
5.693320329218361751e-03
6.003645407155150902e-03
5.635197511903528023e-03
5.861591460690277790e-03
5.759527456597784284e-03
5.658714791853202385e-03
6.581482039781596030e-03
6.498641210416285403e-03
5.173948439599318147e-03
5.681391880066484143e-03
5.645166244625817072e-03
5.013226293075267147e-03
5.355341995923566280e-03
4.902296737361832614e-03
4.989268936126505134e-03
4.859583024517837198e-03
4.881705318322854259e-03
5.051911831551771960e-03
4.800105781374488373e-03
4.657957870605920585e-03
4.633329935637262378e-03
4.676378383197735827e-03
4.635668600541668384e-03
4.481859059238422691e-03
4.409610987514162896e-03
4.467980057092367160e-03
4.295964659282816046e-03
4.284624682985863943e-03
4.218860869638231710e-03
4.172499230869581785e-03
4.284767762074011624e-03
4.320645669305748539e-03
3.970560040258403964e-03
4.243336427405097755e-03
4.038616283402706765e-03
4.086064386015188926e-03
3.971414887260620377e-03
4.408255609060622061e-03
3.983486447535855221e-03
4.574516539260808576e-03
4.298621812094846964e-03
4.928520129965020986e-03
4.924468625706857408e-03
4.965048495685111564e-03
4.975479613190374011e-03
4.236012657565487241e-03
4.270489142796200788e-03
3.502799625613666357e-03
3.524634048806422459e-03
3.736288897218125685e-03
3.396318490807774364e-03
3.583917541730395617e-03
3.405993351565247788e-03
3.227815186152512873e-03
3.378790074797087366e-03
3.151908733041637947e-03
3.250774017553917632e-03
3.151324832813201266e-03
3.084678242210074466e-03
3.088085271379194252e-03
2.979377493597117673e-03
3.458895888926369604e-03
3.280512699570483758e-03
2.973140158379243732e-03
3.455553683313864356e-03
3.029336486524041201e-03
3.330543229725531178e-03
2.776009443920674814e-03
3.532515399397878880e-03
2.896653681424499627e-03
3.082706775780451325e-03
3.006712645795318623e-03
2.912305814653428065e-03
2.928998293458482272e-03
2.714972706041028118e-03
2.815533876000379278e-03
2.521251732929826166e-03
2.684785589571063273e-03
2.523441257607519483e-03
2.493975424149935931e-03
2.661727093383127202e-03
2.496498878721966058e-03
2.409509320870042125e-03
2.411246456834973198e-03
2.381135566704883477e-03
2.420604676337164904e-03
2.385989963780700031e-03
2.357925256224928726e-03
2.276380126660430565e-03
2.444963268235212338e-03
2.307204675248535237e-03
2.221258961972873147e-03
2.297098930076989405e-03
2.048688066994067310e-03
2.032607004047436508e-03
2.275493918574886254e-03
2.275027696995749523e-03
2.202701280822637765e-03
2.115898574386106557e-03
2.295957343445436966e-03
2.147731967429154527e-03
2.282959219217062675e-03
1.916911175456371963e-03
1.925929063843579347e-03
2.048300662365234569e-03
1.884475430956076636e-03
1.933999347359540268e-03
2.047641758960349213e-03
1.933703627818964075e-03
1.997382251000381741e-03
2.150312689579115741e-03
2.127618760810418962e-03
2.870139474287510591e-03
2.935716395230378046e-03
1.786449014862861225e-03
2.638407910896362844e-03
2.055549039115444222e-03
2.259703875950635869e-03
2.952527059560315810e-03
2.956563126169200247e-03
2.029144994096763761e-03
1.937651787542269766e-03
1.686401012053764369e-03
1.466341017813808066e-03
1.562411928810235849e-03
1.570064053458929262e-03
1.623874072690445871e-03
1.542177834865063194e-03
1.500636536449600957e-03
1.404033151433880687e-03
1.320638415449721130e-03
1.411315018502131043e-03
1.311371624207777024e-03
1.417214645026121248e-03
1.380760366815162203e-03
1.321907217817279824e-03
1.377441053949752300e-03
1.203705809180019657e-03
1.264097670926602520e-03
1.153763997161439282e-03
1.283520479255885862e-03
1.244188842229723485e-03
1.235333210603002186e-03
1.253207288765390177e-03
1.123587486816918918e-03
1.297694564888166036e-03
1.222728857314197897e-03
1.259298634091027790e-03
1.167796674329353015e-03
1.401860141185281130e-03
1.545830587849903728e-03
1.150608206838463470e-03
1.127350505797183704e-03
1.238606189222281459e-03
1.125855437764584823e-03
1.258677897697554459e-03
1.105141538996437349e-03
1.103661929528298872e-03
1.136707145438546228e-03
1.126827955005220688e-03
1.045311053625261723e-03
1.084683838851368490e-03
1.013917449481004530e-03
1.106152057983162979e-03
1.032725436056338136e-03
1.200032813428131458e-03
9.810427397313641659e-04
8.930070242929745569e-04
9.168399520320363438e-04
8.546993476592125048e-04
8.927877094197299128e-04
9.154698697313667054e-04
8.291426548113207777e-04
9.330636769992096567e-04
9.153324452784603006e-04
8.087455629184579775e-04
1.017573366370329389e-03
1.292202901385382241e-03
1.154221500969445594e-03
1.003734271485397364e-03
1.482210497216674815e-03
2.019133883140274664e-03
1.537872946310106254e-03
1.930249203079915715e-03
2.479412502870222742e-03
2.313976713755580387e-03
1.567300880371620209e-03
1.551307038988527067e-03
1.204457086767771060e-03
9.370929471307211205e-04
1.089884261364498135e-03
7.055523249757813349e-04
8.737496286875865272e-04
6.781844176069966963e-04
6.767989816314631205e-04
7.235798358769357204e-04
6.670855563823252900e-04
6.157253089505899555e-04
5.946612192015770463e-04
6.126142836952835598e-04
5.523526566677143318e-04
5.491308577881988656e-04
5.056114017156874019e-04
5.795966212212775833e-04
4.930341192965855728e-04
5.224195402623716105e-04
4.665636034888942995e-04
4.667342983746603272e-04
4.870011850302069034e-04
4.706577717626221017e-04
5.638482594859295285e-04
4.383542194692124005e-04
5.063174157324580593e-04
4.815949115415667941e-04
4.164313619415461630e-04
4.636934911955785084e-04
4.134280762069236651e-04
4.699844016617910720e-04
4.587078449644504973e-04
4.802562645032075082e-04
4.475486486823884356e-04
4.532567991609491392e-04
4.259977419345917877e-04
4.804142711370574387e-04
4.658441862817945490e-04
4.387173875626288345e-04
4.962261529877976711e-04
4.513827702794749250e-04
5.680627898936310097e-04
9.869564678857351350e-04
9.130835197841437583e-04
8.161754129756413527e-04
6.454361088857583657e-04
6.689606796192726617e-04
5.363155420033485516e-04
6.089711931397643078e-04
5.608925697429584419e-04
6.177296784991146610e-04
3.199396076650819773e-04
3.451100323500547445e-04
3.664063436780124828e-04
4.051039758310017521e-04
3.235304687645851329e-04
4.958729615254067790e-04
6.020975573591076570e-04
4.971807121261611609e-04
4.464670233537242072e-04
4.381663736542770944e-04
3.078719518112684535e-04
2.862712193269660913e-04
3.329027711255671466e-04
3.049739626676864468e-04
2.897883033249963299e-04
2.869677295965836748e-04
3.932659898698454980e-04
7.028906897082801402e-04
1.015417244085646889e-03
1.070936797601980970e-03
1.063042488964410564e-03
1.145102724724182848e-03
6.361022058097250999e-04
5.712613894872935368e-04
4.270350962976793914e-04
2.921753964580581556e-04
2.586886014340200189e-04
2.770647006204167602e-04
3.097130501490150752e-04
3.016612086895520189e-04
2.634734933668747689e-04
2.644968046601266936e-04
2.556250707843946146e-04
3.345101268783368239e-04
3.065637049624170946e-04
3.024853541817290993e-04
3.558711799021889661e-04
4.525952818626590530e-04
3.891808246119619766e-04
2.459446739672161309e-04
4.410538228414159962e-04
4.693231602880786058e-04
5.771320522558899936e-04
1.373556478896452828e-03
2.396121601644788865e-03
1.410578061311496467e-03
1.361741724070537982e-03
1.171043229745264130e-03
1.001369312818125787e-03
6.825773310236150611e-04
5.944434721561399782e-04
5.242791650480599624e-04
5.520768169466946235e-04
3.505105194579764740e-04
3.905551906741729063e-04
3.715060172997832052e-04
2.869640854500167038e-04
2.750402227884711525e-04
2.092627649503280593e-04
2.145105981651328545e-04
2.005954015998448773e-04
1.857246903633740648e-04
1.480746215485272382e-04
1.104189308014743345e-04
1.393105400562055318e-04
1.813698831743247337e-04
1.849235262361775226e-04
1.902295454643724930e-04
1.350011931229288804e-04
2.093077051374360377e-04
1.187246114787552547e-04
1.246059798093739253e-04
1.745094025089229399e-04
1.708241313391830490e-04
1.559153512730118859e-04
2.337978190068723018e-04
1.477922474886477638e-04
1.604265491224693635e-04
1.472286649400476378e-04
1.246650390320444828e-04
1.750195904398736961e-04
1.560287855266993828e-04
2.042898744063737187e-04
1.818314787536061774e-04
2.417501430357454602e-04
2.031605703985227664e-04
1.188035827286586829e-04
1.876583836000766145e-04
5.142796416726274408e-04
4.776307265397220945e-04
4.583602368243027856e-04
7.225040374625372021e-04
8.349950161539285067e-04
5.681619297546814176e-04
7.576397929841929054e-04
2.690278316063552549e-04
2.534180492795283122e-04
2.263603027531104991e-04
1.489157655378814382e-04
1.534772994210926100e-04
1.554095852379120757e-04
1.947525062336366564e-04
2.154941423422112267e-04
2.908251626303943755e-04
2.120707544013455861e-04
4.310954027174122524e-04
4.186901018426687836e-04
2.033243672149880250e-04
3.214831669347117797e-04
2.652316664852549474e-04
3.130184901744243560e-04
2.108048956914095333e-04
4.714933134880838739e-04
3.656069467577746993e-04
2.129323810435472606e-04
2.355376589890810957e-04
1.746239705104473956e-04
1.979357249853106035e-04
2.206705001874069145e-04
2.142017932981977123e-04
1.249047857915001013e-04
7.089486217425092728e-05
1.106558919355567477e-04
8.640963570169082398e-05
9.594282852009356659e-05
8.979579769959731184e-05
9.706158704470003974e-05
6.902697322894249001e-05
9.885207805434457161e-05
1.092194381835123008e-04
8.432634533364712743e-05
1.071290705136178909e-04
9.828485341417093847e-05
1.027324741246933820e-04
7.350633389992609738e-05
8.547172747902673456e-05
1.366061681428263220e-04
1.784924351106397498e-04
1.979376677925222608e-04
1.596341280420881593e-04
1.702207385210975274e-04
1.284149643675075155e-04
1.832684234539322323e-04
1.912851746493596130e-04
9.974375294700605125e-05
7.426746145627154941e-05
7.719583759512854541e-05
1.139247874144613950e-04
1.371732292193933943e-04
1.348129918399773868e-04
1.134861504932897769e-04
1.634068775952163331e-04
1.186185431758239893e-04
1.963646060710139108e-04
3.271294566024989252e-04
3.544041940838490935e-04
2.234992526711134116e-04
1.041341022287242408e-04
1.362693426458983414e-04
1.037323759331210338e-04
2.002403746059654361e-04
3.294939638776639207e-04
4.326380179668576028e-04
5.014858756714108984e-04
6.872799643844358652e-04
6.155753359336878098e-04
1.430974604151197174e-03
1.954477546992877679e-03
1.403019213301988843e-03
7.968329088121893803e-04
1.017181236162856880e-03
9.767104872580897705e-04
5.611865825797666312e-04
4.433405925264097399e-04
7.532333282554541393e-04
4.377791004719469624e-04
4.080973637116908710e-04
2.148633809844095266e-04
2.993222533046790762e-04
4.141714255500745785e-04
4.446701459556315697e-04
3.243000099345992810e-04
3.711432571063002736e-04
2.725400087041466050e-04
2.266360303738817442e-04
1.296910187134860039e-04
1.108130727393152605e-04
1.368405861984409687e-04
1.729781535354035576e-04
9.397085710806695792e-05
1.520308356309218458e-04
2.305507337779515338e-04
2.438525725140957244e-04
2.158468379785689201e-04
1.482300455173056724e-04
8.583895352510620435e-05
1.266587186315519498e-04
8.401643980146888762e-05
9.952614459131219895e-05
1.110080331344782663e-04
6.508691836018038910e-05
7.639449515628195773e-05
9.943218378378981500e-05
1.573634053043252215e-04
1.294802758536300186e-04
1.145124018092325241e-04
1.090928632786110770e-04
1.404147974074884295e-04
6.527300278210378115e-05
9.950665810032569155e-05
1.551039725343880324e-04
1.603295581778814275e-04
1.649881302443405404e-04
1.373918485375886362e-04
2.380996171468825599e-04
3.752103069632314251e-04
2.301815349016701957e-04
1.224586504082114051e-04
1.286700939305695395e-04
2.056003788373066956e-04
1.234364850363277408e-04
1.440931126452491440e-04
2.180191522131944286e-04
2.709637289392092196e-04
1.918238013526579874e-04
1.579550742939785633e-04
1.867316230347540083e-04
1.042325573919855141e-04
1.565712394435675556e-04
1.237634754314531724e-04
1.615632477987883090e-04
1.700322413874664671e-04
2.506077359588720996e-04
3.224422894781599084e-04
4.191742653005292888e-04
3.159285386668276565e-04
4.024952156607231675e-04
4.297989363668446917e-04
3.322326716703685344e-04
1.068960915351791906e-04
2.470733559473338881e-04
5.853314497739380614e-04
6.709799264919424520e-04
3.788075362323532736e-04
3.560558180949245730e-04
4.738944030407285990e-04
9.760436904516076777e-04
4.879938169486241887e-04
8.387289967035043000e-04
6.734986435756576319e-04
7.700567502740035975e-04
2.763806347113503792e-04
7.054441979553740475e-04
1.358994359089149562e-03
1.140375930396304383e-03
1.980998534165478216e-03
1.163548610634773141e-03
8.100335632915812815e-04
6.112905038044571474e-04
5.492262089658085135e-04
3.452503900072056379e-04
1.605768103533630818e-04
1.752914701550720459e-04
1.681140373710556554e-04
2.013898490664794841e-04
1.859432959447376475e-04
1.519720349735862570e-04
1.252282272215964791e-04
1.590927397460340962e-04
1.271314318537527632e-04
1.349413306000536207e-04
1.413438035309590472e-04
1.335048860593153843e-04
1.694106917907854562e-04
1.303762073312857660e-04
8.916457051835409203e-05
7.829935972413911110e-05
8.362127527704228149e-05
8.494083621617129552e-05
1.168459667944239200e-04
9.288350949279391327e-05
8.775595817351923577e-05
1.367951058236391521e-04
8.196581891098561840e-05
7.461399004516307862e-05
9.154439690082590193e-05
8.513418657752152793e-05
1.237603193400957293e-04
9.753283643444378903e-05
8.262657515536603336e-05
9.554670684987304967e-05
1.097726483260440738e-04
1.976851412096793548e-04
1.508397190173932562e-04
2.454476135265411859e-04
8.929302768672973218e-04
1.113933523074049463e-03
1.364401200628977519e-03
9.685876069130960886e-04
2.247064876827127838e-03
8.064029018108648163e-04
7.471444366524486154e-04
1.240944973354078879e-03
2.057693831097808825e-03
4.403274175237902413e-04
3.887260767681006567e-04
2.297229853750182825e-04
3.222640777552955864e-04
1.704483360279226826e-04
1.663663258442248517e-04
1.652208691475267298e-04
1.596870936653121238e-04
1.426323608775616788e-04
1.640318107477296416e-04
1.342088908507846335e-04
1.951757945801345590e-04
1.585618468270471671e-04
1.318140939458702164e-04
1.362226210643657049e-04
1.364540645021017308e-04
1.241569652842779332e-04
1.726021598391417309e-04
1.293444974117186801e-04
1.043363838941964189e-04
1.018782491025215718e-04
1.136754777506489224e-04
8.226161259204160477e-05
1.004530008456697073e-04
1.157299004881334303e-04
1.016318210687406021e-04
1.160272452283189531e-04
1.115287780392427400e-04
2.278240004281571090e-04
2.124415027861838699e-04
1.497397774070907120e-04
2.142286166309543421e-04
1.457796002150299009e-04
1.368206304409267662e-04
1.929936488179959662e-04
1.280761428482097945e-04
1.077035289031738976e-04
1.326432162528516959e-04
1.568109949030350764e-04
1.283203315091642407e-04
1.429765675942632375e-04
1.816629303337362333e-04
1.740978017512664346e-04
1.534041649938713457e-04
2.305734501409003874e-04
2.979027278189153331e-04
3.017385313727411812e-04
2.199770528382924417e-04
1.194478235224198637e-04
1.413982305538447504e-04
1.568398760984405463e-04
1.626746609825316966e-04
2.108884786613415515e-04
1.169956492555132170e-04
1.520141645891781546e-04
1.642327447248367531e-04
1.834853883879985971e-04
1.041132220937122607e-04
9.100729680079713303e-05
9.220227526718645481e-05
8.960612445421781451e-05
8.574689454597572073e-05
9.450451486770580398e-05
1.064320830271634052e-04
1.346355659349456903e-04
1.252635784178691264e-04
1.655070830316647545e-04
1.486664867790038404e-04
1.895344045853173884e-04
1.655919816741950926e-04
1.748110096627853599e-04
2.644731088509328113e-04
3.240036875721078726e-04
3.894394685650500376e-04
2.244537100712950032e-04
1.934917463553344772e-04
2.444289092845598494e-04
2.198470523328491114e-04
1.916495829492203162e-04
4.774586143533486246e-04
4.789610998157304124e-04
1.302884926576332401e-03
1.316977625870350112e-03
3.344908635733255379e-04
5.167836849523997460e-04
3.399320842765318090e-04
3.702692150699517042e-04
2.093261339289442097e-04
1.828850335206168461e-04
1.857572140226907548e-04
3.502208475124273619e-04
3.822888893145961900e-04
3.827626090058467074e-04
4.798188136074214177e-04
4.313939284257805045e-04
4.156581041973135483e-04
4.336567307608854343e-04
3.287855436740471922e-04
3.379618133707386124e-04
1.977731449233108112e-04
2.129246309831092101e-04
1.523639711592419781e-04
2.669133684480870603e-04
3.599732641542720008e-04
3.226440472579507768e-04
2.974986085574085571e-04
2.814458193351263970e-04
1.981044293807182090e-04
1.589663353272139084e-04
2.340789700560612526e-04
2.463626666513791435e-04
1.972002028643852253e-04
1.202525305270022934e-04
2.681488172630689141e-04
2.130539934365390268e-04
1.500738833202706316e-04
1.000964382433152115e-04
1.164916653811341897e-04
1.375141441197249550e-04
1.589519144661081737e-04
1.230765048549385470e-04
1.135180018412815554e-04
1.231608236813166275e-04
2.816547011773856278e-04
1.869285905642926147e-04
1.918752902566291585e-04
2.561219588070469920e-04
2.029974211271140918e-04
1.298695106933757577e-04
2.713972932167096918e-04
3.492752507270261287e-04
4.812778367637892871e-04
9.491895512237509113e-04
1.238334760946374494e-03
6.899947780556790018e-04
9.020915880503876201e-04
6.975317078057482979e-04
5.782075165001083778e-04
3.930649382683577462e-04
2.422736983696903814e-04
1.695627059336073876e-04
1.775539676129055436e-04
1.795710733583317576e-04
1.915750930639581592e-04
3.763146854455553386e-04
3.085104179780823880e-04
2.816844508540707471e-04
1.956728184210944105e-04
1.512256168242780184e-04
1.545225452914270113e-04
1.607503426245332685e-04
2.422315497903146798e-04
3.777049785481509034e-04
2.216022435719590400e-04
1.808348098457189653e-04
2.251427477115644645e-04
3.430535116024602759e-04
4.106273048491771490e-04
3.214111861449521707e-04
5.218399160196387923e-04
4.638037895803754653e-04
2.473262964666020510e-04
1.809793535153610036e-04
1.513562163679065887e-04
3.316513883707749113e-04
2.373783686883343684e-04
2.073674908056726831e-04
2.610722938154258705e-04
3.542937255607669488e-04
3.524780904462517612e-04
5.666426279377748164e-04
4.567071480320439693e-04
2.134888079884785460e-04
1.307461553726128314e-04
1.587247448992287595e-04
1.304815289990999497e-04
9.950487237685466191e-05
8.810764208245655483e-05
8.612577780383882573e-05
8.800600764508992140e-05
7.512047238250955906e-05
9.086062353991716258e-05
8.775296922375032610e-05
9.015954093706613826e-05
8.347406207813376511e-05
7.515048909010170822e-05
8.195800664674408550e-05
7.424300905319137036e-05
7.547188498672217970e-05
7.585953064113509737e-05
8.173325597749553253e-05
7.639667252414274429e-05
6.723666945265141331e-05
7.434304811590141640e-05
7.324688563521110569e-05
6.974572790774871537e-05
7.016012012540085688e-05
6.703284818976373643e-05
8.196007152314443013e-05
8.028270580362577822e-05
7.022268251852928941e-05
6.956598364029091194e-05
6.565710730379177270e-05
6.026927894458599159e-05
6.156069858923229269e-05
8.469292274914192928e-05
7.080636239023256769e-05
7.254543624566005646e-05
6.625207011231424464e-05
6.591343923278771845e-05
7.342098088119024799e-05
7.444556569911936668e-05
6.953954649191176820e-05
6.820443010420507211e-05
7.071079685084812906e-05
5.928537184439718462e-05
6.839289484871604642e-05
6.873136190525800282e-05
6.057565253622981176e-05
7.944698970293622071e-05
7.504078814705219267e-05
6.573439257769228257e-05
5.969563832531016805e-05
4.985591675992156015e-05
6.274463015189791462e-05
6.601864162747177916e-05
7.196889793248140718e-05
7.767141442369835671e-05
8.330729893911336596e-05
6.599846960933012882e-05
6.311753554079416433e-05
5.563473156219954087e-05
6.174258069763496263e-05
7.148574683356354942e-05
8.363765744158516656e-05
8.622318710832369872e-05
5.745833354356552018e-05
6.333055055364732741e-05
5.901829519027158258e-05
5.660372803340524956e-05
4.858060681529582562e-05
6.173849854399250377e-05
5.082229717110774473e-05
6.120611846536839790e-05
5.468513606268983110e-05
5.414630687856717415e-05
6.833508917193738730e-05
5.962172959897959741e-05
6.823357174047383494e-05
6.290131615859291699e-05
5.911163786301111881e-05
1.056462383227863895e-04
1.229267355828032003e-04
6.553059984671260241e-05
8.483657878275867098e-05
8.513139672135610595e-05
8.700421948782684862e-05
5.903596351545954262e-05
7.684153025187156387e-05
5.486940620928400946e-05
7.518283426669091288e-05
4.944720949908344173e-05
5.981907297758533038e-05
7.074099486087570457e-05
6.225424476206858145e-05
5.821022228681868550e-05
5.544081104712073721e-05
4.606926205770289193e-05
6.781613519503317672e-05
4.531692789195126736e-05
5.683610830046333334e-05
6.514515033298914047e-05
5.132888047428653860e-05
4.278043883378095265e-05
4.662270577384008187e-05
6.047079179396066731e-05
7.922621061173234906e-05
5.438963099732838688e-05
7.242699873489154229e-05
5.886436458254198304e-05
7.008577584385994558e-05
7.836831411085598391e-05
8.186006856102117811e-05
