2.535526014483788231e+02
2.510269230168750028e+02
2.456592588497008478e+02
2.477409148160094219e+02
2.423015937750219280e+02
2.427372665842497383e+02
2.330399778876047776e+02
1.927975696712020408e+02
1.465194121418712996e+02
1.359777107901034583e+02
1.300645739344606113e+02
1.272999973811068344e+02
1.221511637832738870e+02
1.161974287413873554e+02
1.089951261143837655e+02
1.037656697358153508e+02
1.006900162246542152e+02
9.066702554714103712e+01
8.147048783434632924e+01
7.980886437093629127e+01
6.501443181226794366e+01
5.279326494214706145e+01
4.202656057639618581e+01
3.627293050993740309e+01
3.373089005470632884e+01
3.491132766818624589e+01
3.290562440434691638e+01
3.084072249412103872e+01
3.046707877703959966e+01
2.592898836964821285e+01
2.451568273827162514e+01
2.378529829081580971e+01
2.061074267341007271e+01
1.825162265924086924e+01
1.752488782064244077e+01
1.543140372109670189e+01
1.292413624014299778e+01
1.167852751519611232e+01
1.079979158885261725e+01
9.838661442188483264e+00
9.465351127707204881e+00
8.462142985919445692e+00
7.997404660551198141e+00
7.513038274637373171e+00
7.354012555980345311e+00
7.131632704977115544e+00
6.497599231578543133e+00
5.726984929223764453e+00
6.217917870047910966e+00
5.602904163203815457e+00
5.121262591751873039e+00
5.134946557638404130e+00
4.554890380086094481e+00
4.549263066276925116e+00
4.309438696268869329e+00
4.325630503156329354e+00
4.024510452011979211e+00
4.120034001992037176e+00
3.766874602065962030e+00
3.740267265886311865e+00
3.461056552634292238e+00
3.337742407390330346e+00
3.300754196675647734e+00
3.208978983583553823e+00
3.210547303527622187e+00
3.464177422054679045e+00
2.953381382830685187e+00
3.033059224886808902e+00
2.740678165052371718e+00
2.697444727420482025e+00
2.605083770425440370e+00
2.491345685072575922e+00
2.577141003028815547e+00
2.446991896281882184e+00
2.479559559430076998e+00
2.932538159574626491e+00
2.387925947160975504e+00
2.286888324947005557e+00
2.414292347227910973e+00
2.010439770846021545e+00
2.098326757679995769e+00
2.161316817593874617e+00
1.865010343187131658e+00
1.975060263267092830e+00
1.831974992815997405e+00
2.082484688785012583e+00
1.786235379952799462e+00
1.711845372755975259e+00
1.706243030014749973e+00
1.635158241465836548e+00
1.591117696346598054e+00
1.679567888942243625e+00
1.669476649418169645e+00
1.717997974316273879e+00
1.471444837494185531e+00
1.458190333970723396e+00
1.497981581753875302e+00
1.451588665479147888e+00
1.387956090452872937e+00
1.359847476246637710e+00
1.379130679189091602e+00
1.380157543337012349e+00
1.324573254991731952e+00
1.271447371052056186e+00
1.331142687605057384e+00
1.320349529626156926e+00
1.262758784729766992e+00
1.228518807273088820e+00
1.174739090627716642e+00
1.112005537887435391e+00
1.118217808336801955e+00
1.174624642152946041e+00
1.119049536502188413e+00
1.146929102299361070e+00
9.796284704261892795e-01
1.138012744579353530e+00
9.937938839853296402e-01
9.999501765212018833e-01
9.755533099648097117e-01
9.247808861797613966e-01
9.896837288283270029e-01
9.862091373673467221e-01
9.856447705166926365e-01
9.389211763881264439e-01
9.390309282238880062e-01
9.908407032938867376e-01
9.427018115408739574e-01
9.680576916779509711e-01
9.500187231969240420e-01
7.624147199358402016e-01
8.518854319897225524e-01
9.023821583162860982e-01
8.599971203446903356e-01
8.967822016989018818e-01
7.922427176988589004e-01
6.993360911229942189e-01
7.220246828683503093e-01
7.262586970046172041e-01
7.137801473637873650e-01
7.025047312836820712e-01
7.648467606385371820e-01
6.937448142699582654e-01
7.155146901730625730e-01
6.635384095361754886e-01
6.125856792056469935e-01
6.751667167838568684e-01
6.391934609435676595e-01
7.723937320239856463e-01
6.146541285636338836e-01
5.732049334115016936e-01
6.067003201012459712e-01
6.809866609376279412e-01
5.814648404541458149e-01
4.969050553165045847e-01
5.310471782744117242e-01
5.327219704571354297e-01
5.398052404765333323e-01
5.333560801057305456e-01
5.205037212242611400e-01
5.462572581202550515e-01
5.525955801045355775e-01
5.478879012871384901e-01
5.492535516502867754e-01
5.448786968553951393e-01
5.540679439655969984e-01
4.655080595450387104e-01
4.833029360566402644e-01
4.129044150479748709e-01
4.323957658632708867e-01
5.115373277358511439e-01
4.412562419848179429e-01
4.198381897241673655e-01
4.012920704061468391e-01
4.665355813678284114e-01
4.472633569121033381e-01
4.023827413480915438e-01
3.970901828618830787e-01
4.082369899121243151e-01
4.008029844096120398e-01
5.279825957823786053e-01
4.342165270552100775e-01
4.286310785426664660e-01
4.814611482970908019e-01
4.028426820684966048e-01
3.826573345377881075e-01
3.370006102488848909e-01
3.644520336869820909e-01
3.695060687750777451e-01
3.802849465113302130e-01
3.633983590190916213e-01
3.433248139679942468e-01
3.329270164938386012e-01
4.681892686517429847e-01
3.634033103561654654e-01
3.357281474844280300e-01
4.656584949042781307e-01
3.968656244767500563e-01
3.300743988485861924e-01
3.219807362322668620e-01
3.918001077001674326e-01
3.173309242516907380e-01
3.048539710138085668e-01
3.431531921165863475e-01
3.346398294283247088e-01
3.576019078190638134e-01
3.745950380573284666e-01
3.385333553969544496e-01
3.526076412393326365e-01
2.938906217465049875e-01
3.030496459751243488e-01
2.989752050089485302e-01
3.984332583249051707e-01
3.930184785511108836e-01
3.029560857385309447e-01
3.956932005730963153e-01
6.712004915397355997e-01
5.192770286286961801e-01
3.555386279158210261e-01
3.642004577729542891e-01
3.620261352320217063e-01
2.877081914384957417e-01
3.272187321771826141e-01
2.984051131239532362e-01
2.880210618392426425e-01
2.614262292675324506e-01
3.330737778825755835e-01
3.172706812928301479e-01
2.710814493716893758e-01
2.257587651044483945e-01
2.677211430109760482e-01
4.945367262229042327e-01
5.665876359681722985e-01
3.779403395468102778e-01
3.052395019664380649e-01
3.065942487272897976e-01
3.392674303598230967e-01
2.919128322069085013e-01
3.772073464445406255e-01
3.535406849131408347e-01
2.807343640236647508e-01
2.641625325747628539e-01
2.541460473183483892e-01
2.697352670510232975e-01
2.319873320116951909e-01
2.316787547227982247e-01
2.037005744650189076e-01
2.557305930259938243e-01
2.760965354986130160e-01
2.172473153353814967e-01
2.979649878137136110e-01
2.994137729006877691e-01
3.214758264909860497e-01
2.378783625254952405e-01
2.020148881447387523e-01
2.056710529607548021e-01
2.268328892843413380e-01
2.251771467339787058e-01
2.013463702371638964e-01
2.013579743656744026e-01
3.440088401707240284e-01
3.057595919850306099e-01
1.968803060262781235e-01
1.896491788233706788e-01
3.099529614583137471e-01
2.432264480719637245e-01
1.695032105302088088e-01
1.493757840260116765e-01
1.632673695473239317e-01
1.767873332153938604e-01
1.927770704394708712e-01
1.943504597506281462e-01
1.804740912726712776e-01
1.581760184908373446e-01
1.512859384139693120e-01
1.576440856722080008e-01
1.604973288744934168e-01
1.364080566743402501e-01
1.590069728022805717e-01
1.496677000074683461e-01
1.552191184637156940e-01
1.656835374806852612e-01
1.948633022546686633e-01
2.286092742736771655e-01
1.917981962247393146e-01
1.529181217834039153e-01
1.754668023457033044e-01
1.784687663331392393e-01
1.490248377201466023e-01
1.653790449215223612e-01
3.676541620793363219e-01
2.317898187473916571e-01
1.726375127261263465e-01
1.636354362293386544e-01
1.874852271727104891e-01
1.900876314685255308e-01
2.619963986342196960e-01
2.668529021557880521e-01
2.146968916265627469e-01
2.086481670809176847e-01
1.895954525098104415e-01
1.718953843919321656e-01
1.520317952186942823e-01
1.585327552360568659e-01
1.307321414791708658e-01
1.036991571303494813e-01
1.248855619321548871e-01
2.087372790493276231e-01
1.548830029843242251e-01
1.684343847387721749e-01
1.183061738730666612e-01
1.153455583689500241e-01
1.530592192574934951e-01
1.765331053840110132e-01
1.323103915030404698e-01
1.675536818786292348e-01
1.819239372908032226e-01
1.492832272723397247e-01
1.065487861698068001e-01
1.345151421903698075e-01
1.198702170130292594e-01
2.397881899274972028e-01
3.192583596994164052e-01
2.569207936705345530e-01
1.620933386863656900e-01
1.262810499333183456e-01
1.190576777400704639e-01
1.185657763570055478e-01
7.764514047330374480e-02
8.912013221298338561e-02
9.356710409495060110e-02
1.172865498942302909e-01
1.077272640330039777e-01
1.043493064533196207e-01
1.002626370226225305e-01
1.098051231504637570e-01
1.096172526015313786e-01
1.381311668141159410e-01
1.331332735211810392e-01
1.664928358446569334e-01
1.399664112299844887e-01
1.502233449753738459e-01
1.353750673756593526e-01
1.154455567809498928e-01
1.186590407434947869e-01
1.174768561878550277e-01
1.074346597738383563e-01
1.280354006533223343e-01
1.147170427567168194e-01
1.091428169595386743e-01
1.030158523569513901e-01
9.631710447431199307e-02
1.335852587920060841e-01
1.590618778748308926e-01
1.741194500997083339e-01
1.979325164605033605e-01
2.254048214484635770e-01
1.972442128109265780e-01
1.717017178245132114e-01
1.152686664758094948e-01
1.096597384328966418e-01
1.550200031975048909e-01
1.964774045710897532e-01
2.046760837204091854e-01
1.139307682879492911e-01
1.401711784913537984e-01
1.177419992074834332e-01
3.803769293614496783e-01
2.988589488432543684e-01
3.069346436091633379e-01
2.473218014574832813e-01
2.949830727708210310e-01
3.703349058580961417e-01
3.437415048902883741e-01
4.131240452994486834e-01
3.244980702047035037e-01
3.036407327419001767e-01
2.654417069802628149e-01
1.949888330218457200e-01
2.181928802780218057e-01
1.585976701248173470e-01
1.354879531766345901e-01
1.180707672493447047e-01
2.491503352983470421e-01
2.955847608984947250e-01
2.658687582382669445e-01
2.259348605158292000e-01
3.840670986371955697e-01
2.634636299832845419e-01
2.713833204983876479e-01
1.490430718665208265e-01
1.491442811650383338e-01
1.485389269741145546e-01
1.016039861371280384e-01
1.199990483651274392e-01
1.969922957685086295e-01
1.684885980954132223e-01
1.990259823801306949e-01
4.834951147217329548e-01
3.911164919967741738e-01
3.255535352204327326e-01
1.746484281533066119e-01
1.227107194780553273e-01
1.819422484608994306e-01
1.170496201040435447e-01
1.138088062806180134e-01
1.429338579610094362e-01
1.367053143150220029e-01
1.007372913300012968e-01
1.284483365375741482e-01
1.103094010767455002e-01
8.956413726230147421e-02
7.358255034514139814e-02
7.985162344000928947e-02
7.605919169322468421e-02
6.328709534921921065e-02
8.907741379203679144e-02
7.451925475273252220e-02
1.089021964801673847e-01
7.605105878068091352e-02
1.061851566462582441e-01
1.044508723805502443e-01
8.295761300181568598e-02
5.816317548692718359e-02
7.198955815176320827e-02
8.828400280251304244e-02
8.143154729382319490e-02
6.904051183884304943e-02
5.612040171084730494e-02
5.767058102118600288e-02
8.822107588640573650e-02
1.553152930831164236e-01
1.168979905384258111e-01
8.886111891787480677e-02
7.222558281699457960e-02
6.394800932064385879e-02
6.553079804397633767e-02
5.961052667726273596e-02
5.302459320461676978e-02
6.102166638786857278e-02
4.585303766971499800e-02
6.304377910921378503e-02
9.477445884414807675e-02
8.240789146876573157e-02
5.603953481390126778e-02
8.071615779348641218e-02
9.222912711548478248e-02
8.424321151016589404e-02
8.633280908657997577e-02
1.078622052495790407e-01
1.192328445819648280e-01
8.383483615010864365e-02
1.029168881351706089e-01
9.471490803634360911e-02
1.279537905397292730e-01
1.112046435395310784e-01
1.317240341222922217e-01
2.027471770657074124e-01
2.699286845222160225e-01
3.169378432219543407e-01
2.211558988180531704e-01
1.565377559238348426e-01
1.046433300023071056e-01
1.089070407626508280e-01
1.121372029784039603e-01
9.329977828196933665e-02
9.373970456950654617e-02
1.272336047613306931e-01
1.592015999061190679e-01
1.568935437425391377e-01
1.175720338364062978e-01
8.252892449008118747e-02
1.172005591536106894e-01
1.257410532670539538e-01
1.454952090663242936e-01
1.937978624219697799e-01
2.701983025246038062e-01
2.020182188081203201e-01
2.526845232498825533e-01
2.320231221859800352e-01
3.428535192276710997e-01
2.599803592300327093e-01
1.883337895984003307e-01
1.009404239010441434e-01
1.237795112665900921e-01
1.044481398093589503e-01
1.210316584585627575e-01
1.274001060583506706e-01
2.004286000199760054e-01
3.227752129170321505e-01
1.937458202445944799e+00
2.351555725498621463e+00
1.363609185113217270e+00
6.078449532094298835e-01
4.009974057344981024e-01
2.124718905970114091e-01
2.116153724166194572e-01
1.219996247004688089e-01
1.177248348561390351e-01
8.932591015415093649e-02
6.750749922110090007e-02
5.117167396296729009e-02
4.621968473292929064e-02
3.704974519898192320e-02
3.161913640575296502e-02
3.555561049484360497e-02
4.286336648246381886e-02
3.806060227140944940e-02
3.156549265509300123e-02
3.226234873750456755e-02
3.905864164791353343e-02
4.882683245587730175e-02
5.103644676799287683e-02
6.918677095122417742e-02
3.550744859288842981e-02
2.506656519864746899e-02
2.768911487328259285e-02
4.582662484881862286e-02
4.341689118753493115e-02
4.421725403711556507e-02
5.533267083313287565e-02
4.288054265283907512e-02
3.960691732939162352e-02
3.630273522615491688e-02
5.154435753478335547e-02
5.302189295017682019e-02
7.251229612180988549e-02
6.802755894080705912e-02
7.837407817518628195e-02
5.425116721463800473e-02
6.146777043249047195e-02
7.696034399673711002e-02
6.485828637137759645e-02
4.423824401514961369e-02
4.618104727278464494e-02
4.659672587496050539e-02
4.367958406262565513e-02
6.413508438947047863e-02
4.333291398023756541e-02
5.031586574009930257e-02
4.849148834167663069e-02
3.696969791399602051e-02
3.603424630342512425e-02
3.344876503816397728e-02
3.762024783283595547e-02
3.091178269456778746e-02
3.510313711114713964e-02
3.040614151835276460e-02
3.356450855225621283e-02
5.832573053854585299e-02
7.243262313192483370e-02
5.023861334322915484e-01
5.838269926474964899e-01
3.413933588453404999e-01
3.123118311452610651e-01
2.245614262517452997e-01
2.046133017067092719e-01
1.260194941840427907e-01
6.439630580013851191e-02
4.286880315852565487e-02
6.082284135087968197e-02
3.886399276437332850e-02
3.944422690451081931e-02
5.420043809433032489e-02
5.781977900936947218e-02
5.976262416850688930e-02
5.522300668405845381e-02
8.184855565813485556e-02
1.339576354353105014e-01
1.298545809586418021e-01
8.762199742926933543e-02
9.626933184360145224e-02
1.913206946084315130e-01
1.515198870985319524e-01
1.250485192091255748e-01
1.327120537470429518e-01
1.596758632227683328e-01
1.083028642291662957e-01
7.356287484526938258e-02
5.542756355323122386e-02
5.334543644625367592e-02
7.834787524556685590e-02
4.943294248758596521e-02
5.830208641813353770e-02
5.709446806974393523e-02
5.016102190508468783e-02
4.308842857351418559e-02
4.289069875206993898e-02
3.726249709607667993e-02
6.966001994940158870e-02
5.581568992349172920e-02
8.053784743925365697e-02
3.207602891353938390e-01
3.890629806329227725e-01
6.579369887182747734e-01
4.352828720066457824e-01
5.699267931382446806e-01
3.510121788769117734e-01
1.699034090207075243e-01
1.481081629058041138e-01
1.533287780701802494e-01
1.102104602353971147e-01
6.352286477142934928e-02
8.609806995373710248e-02
6.086130734900473821e-02
7.707389117084538499e-02
1.054665455204442243e-01
1.007935630484002032e-01
8.760350069489097891e-02
6.147676439361825923e-02
6.337018477441250242e-02
6.004926811987987278e-02
4.902092324242683652e-02
4.053190289607892099e-02
6.069928439757060062e-02
7.210084417796126799e-02
8.510617100857074957e-02
8.964780144182950272e-02
9.969666778503591398e-02
9.541592501297052609e-02
1.251175440593721711e-01
9.046545134790730247e-02
6.402584395426533237e-02
6.516804388541072579e-02
5.383072292187902896e-02
8.727463151032367750e-02
1.168321177534973887e-01
2.235056319704021299e-01
1.841322897473653408e-01
1.140378583933511630e-01
8.831504153519002809e-02
8.596206920452123534e-02
7.845402136347599809e-02
8.528805626665555972e-02
8.308974112213261820e-02
7.501398153917841760e-02
1.574980990468913822e-01
1.105489313170441579e-01
2.030037710362402881e-01
1.597060738687957615e-01
9.417105938323738767e-02
7.976647302075118295e-02
4.144436187339708977e-02
3.633125935465258971e-02
3.914847383534659359e-02
4.276369200055905873e-02
5.502626109576887192e-02
4.130280007331436909e-02
5.599289200455114662e-02
1.052679801164143197e-01
2.565765342191910769e-01
1.961669852103873068e-01
2.014569648215012720e-01
2.684412693211963852e-01
4.875591211608494291e-01
4.411847024665813133e-01
4.852253683894840464e-01
5.063799771651456005e-01
4.674110846893749227e-01
4.673652649261128000e-01
3.280877156000058248e-01
1.972835164095655958e-01
1.082076221401501726e-01
7.385860035292593495e-02
7.392692452246781010e-02
4.860401790213721152e-02
4.381225747709234508e-02
5.549272409014703589e-02
4.942882380712920742e-02
3.629014877835327890e-02
3.593776032294351830e-02
2.821495046315913857e-02
1.872315085259246628e-02
2.511927318265546119e-02
2.666562330346558887e-02
3.116682691444614892e-02
2.834035555209291068e-02
3.682786052266805860e-02
4.368780576607005084e-02
4.814325959176937730e-02
3.702842991501140157e-02
4.071733666579753497e-02
3.767084621641508119e-02
5.571589460168546032e-02
5.747721896537251463e-02
3.563367749778336563e-02
2.914582614508019753e-02
4.141544459877900125e-02
3.953912917907012603e-02
3.549666519891398614e-02
8.539759077576933310e-02
1.634695732322559159e-01
2.776572933456734615e-01
1.957991278629762910e-01
1.603475949120579669e-01
1.085014814941106659e-01
6.321257182902070837e-02
6.965708561384885422e-02
7.602207571459743130e-02
9.484984932719155160e-02
8.298751994188567627e-02
7.606594174374449457e-02
9.986804319196952717e-02
1.169126491572990284e-01
5.511973370072069389e-02
6.361144338949742405e-02
4.472950395017234737e-02
1.156071464578171393e-01
1.086061147897471740e-01
5.285811272232026486e-02
8.002696890975026511e-02
1.528902894235835697e-01
2.058373867325502260e-01
9.693954666620446803e-02
6.234273369631893047e-02
1.070153171897575695e-01
9.090594960390412094e-02
8.763599922033958600e-02
3.681591466664140000e-02
1.145362253423259369e-01
1.171556781591107793e-01
4.824105402640400941e-02
4.763937765963023596e-02
5.911049751952822395e-02
9.890996827103158695e-02
1.005321919305310341e-01
8.562180587963036382e-02
5.858412447280515745e-02
3.750879320471565970e-02
3.130177671508811016e-02
6.343867279549841864e-02
7.540904760687651420e-02
7.401008110646686844e-02
6.809887512085600891e-02
7.543333937110724419e-02
6.384056241075830584e-02
5.900473692861567254e-02
5.313003851431923746e-02
6.125568853602718355e-02
1.474588750982433194e-01
3.482108336412175209e-01
2.220555588522108714e-01
4.115926838943076982e-01
5.365213887101796253e-01
7.388925872402587469e-01
1.058306243271000646e+00
1.168882452046840603e+00
1.411891390421198045e+00
6.254351335701743286e-01
5.975903310844028482e-01
5.729744347128440385e-01
3.117162723580062522e-01
1.901595038284693284e-01
1.212634519767163133e-01
1.511597749542762381e-01
1.453562759560391160e-01
5.400346024145186163e-02
5.777038712078187699e-02
7.413748950286333517e-02
4.259113232491414797e-02
4.362084946364817861e-02
4.428165378033296906e-02
2.701359736289474928e-02
4.510729960473714578e-02
4.074513301706757240e-02
4.441261126336363413e-02
3.854430976900413003e-02
3.241399140643216881e-02
5.376888591243846049e-02
4.812090475835600206e-02
5.093342307347258069e-02
3.258116725523999002e-02
3.197012546473611966e-02
5.905478528627513407e-02
7.055863150612520784e-02
6.066818207028321086e-02
5.980964322706400910e-02
5.851586703410605744e-02
5.619153029800713628e-02
3.176315709956804151e-02
2.468799868013171056e-02
3.841026630751825932e-02
2.527312188237906126e-02
4.335661543748915714e-02
9.721902371957862055e-02
1.223227336139732918e-01
6.226516732534676662e-02
4.879225473405524732e-02
4.629684309003371384e-02
5.235526553553823681e-02
4.028701959397414101e-02
5.405261885652402204e-02
1.288023760354174985e-01
1.760805676892980287e-01
6.689986890127695707e-02
6.306383855042983766e-02
6.826186013668551766e-02
8.698175036057079201e-02
6.435937306521694046e-02
3.432238591489143731e-02
2.693270354794273513e-02
4.992525421037497663e-02
3.615762079008565805e-02
4.805173128405183791e-02
4.923925507160475251e-02
5.150999100330278663e-02
7.386929676979912818e-02
6.082249323609188740e-02
8.697749368386119284e-02
8.997607480521510603e-02
1.192419320199352567e-01
9.923836892399981457e-02
5.319484047094125145e-02
5.336238913677777279e-02
4.730579560689988916e-02
7.385588990648671304e-02
8.990038213991490001e-02
8.432274865433767030e-02
9.686428383482850735e-02
4.217057185266327723e-02
5.775650460784913925e-02
8.073031107199488132e-02
5.606609784837313787e-02
5.501509335426078839e-02
4.596870443106747250e-02
4.053761419148949052e-02
4.497251402625656452e-02
4.459284850986858229e-02
1.006515286273936827e-01
1.984422264635972710e-01
1.355254297928516760e-01
1.056567841303188843e-01
1.152057869282654967e-01
3.109998550568259801e-01
5.803322088816184054e-01
3.819524746925094805e-01
4.771668265168416689e-01
2.067377420881481853e-01
1.647248979489784049e-01
2.249693722070065516e-01
1.312911009341521940e-01
1.508400284996070928e-01
1.738697417294484127e-01
1.601280676148394699e-01
5.180375850722904740e-01
5.755956236523639413e-01
5.944070356702797486e-01
7.375981648836146265e-01
8.428583056894015657e-01
6.930384567614319424e-01
2.953145380541118414e-01
1.556085408071336829e-01
1.392347592071228601e-01
3.279144719130997476e-01
2.752324714323711174e-01
1.525505792457516885e-01
1.130080295842869481e-01
1.470912942977813664e-01
7.534611043404818020e-02
5.253801970251725795e-02
3.613686368357129503e-02
3.409786045796578402e-02
4.905490805527881748e-02
3.842757627470234916e-02
3.239231019381594995e-02
2.204859136004657522e-02
2.343706254416497853e-02
1.965950017961380289e-02
1.527974838706468511e-02
1.495311969366831632e-02
2.905824478285554471e-02
3.122869849633042386e-02
3.070229728348662646e-02
1.830720962135718236e-02
1.662203137147511348e-02
2.262396110556211606e-02
2.613435875476299852e-02
1.811944166078862176e-02
2.246781646612185102e-02
1.937980568189717756e-02
2.516829913026788143e-02
1.812046872462756350e-02
1.365609848580959240e-02
1.351575362303053703e-02
1.255782256942008894e-02
1.390779706767476115e-02
2.233480195049549963e-02
2.303515299194031432e-02
2.081898008256166319e-02
1.897617484161427670e-02
1.895397476563730199e-02
2.641851171807663851e-02
1.836393375189281085e-02
1.923381006269055116e-02
2.817434027957517462e-02
2.672956663165821159e-02
2.204435997695924562e-02
3.437293439738967060e-02
3.496756243572512329e-02
2.923327532438263140e-02
4.528513039746193125e-02
6.663581460761726361e-02
9.463010428645544925e-02
1.087574643990362605e-01
6.575422237773900780e-02
3.429219643925769667e-02
3.285676243216974907e-02
5.732528142842236579e-02
5.738675553768954329e-02
8.982152043224699012e-02
7.619048220116063364e-02
8.600741701701938857e-02
9.929543501449736298e-02
1.112958616834778258e-01
1.533357596405233170e-01
9.378279001673429927e-02
8.779347592335148831e-02
6.342611858057564667e-02
9.782368237654598397e-02
9.973247025150280831e-02
9.656513968452032359e-02
9.471182938743530344e-02
8.836772109551074839e-02
6.916275820120972029e-02
9.474793076955324855e-02
1.435402933010092308e-01
2.168778914062272634e-01
1.113458894327110510e-01
1.007323838724662468e-01
7.171581920736776194e-02
6.656323143020795308e-02
4.294857419682029942e-02
3.032834170941685684e-02
4.560602326221566138e-02
4.645640314509871804e-02
3.575416246821070537e-02
9.780788847465073099e-02
7.590172874541344095e-02
6.833792098817226268e-02
4.954900560722132197e-02
5.688062593654701071e-02
9.927509845056592397e-02
6.632551276548286079e-02
4.471316545433758061e-02
5.261370191374937361e-02
7.606690584808178945e-02
7.079855486030957323e-02
1.096268270197922334e-01
1.354656487741891790e-01
8.631831657465374730e-02
1.433294447461547216e-01
1.208490627200582701e-01
2.384276640495010258e-01
3.001143221443983711e-01
2.867799725687443235e-01
1.918521203234624661e-01
4.054505759225043304e-01
6.209534951934733149e-01
7.064944291398046472e-01
5.598231541782381360e-01
3.651693994392765097e-01
3.155552338324391082e-01
2.208855992066437457e-01
2.013505395641941864e-01
1.426346676712246520e-01
1.086184281088680426e-01
9.529548405545565370e-02
1.829557197471380903e-01
2.600899846723565556e-01
2.016765127327322937e-01
2.592529451165953014e-01
2.481996309065147566e-01
5.169110356807217199e-01
5.274320240479531963e-01
6.315135309336709080e-01
3.947348067870896648e-01
1.818528275296762697e-01
1.208264140923359375e-01
8.063462267901926050e-02
6.705124992280969698e-02
3.187992502094047498e-02
3.347633700292021453e-02
3.545790619364025398e-02
3.433343022712022352e-02
2.318631178022629441e-02
2.848632813720338233e-02
2.947892756140418555e-02
3.281590783393899952e-02
3.747712427008748765e-02
4.205793884363177165e-02
6.435738202642608818e-02
3.944250509950852912e-02
2.481957595775385883e-02
2.426654381689916443e-02
1.859959718839933676e-02
2.202769011191821683e-02
2.810222468891569736e-02
1.729402394286048972e-02
2.260820036035222913e-02
4.068121790854070663e-02
1.816198055576575751e-02
2.302900436409779233e-02
2.404458497007922607e-02
2.454633169626216013e-02
2.767296811878870375e-02
3.394794307391485466e-02
1.896590762512147949e-02
1.519556260247687668e-02
1.950819155205813643e-02
1.334369024693034603e-02
1.118338300229512403e-02
1.346267977866353119e-02
1.575977118564310386e-02
2.373600026346946168e-02
4.865883815646163124e-02
4.405796921309075576e-02
4.332846480211911822e-02
9.627640611681596849e-02
1.469571112548553049e-01
2.060333689197724749e-01
1.341882387537889354e-01
8.553649470455168546e-02
5.397514910510266967e-02
3.679255707644697726e-02
1.232656890561542457e-01
1.104922560661287662e-01
7.576813544610914997e-02
7.353196663914708664e-02
7.578111690286694346e-02
4.328373114468396510e-02
3.678202334540173202e-02
4.691340446490195604e-02
2.635886802601752552e-02
3.352425830823328734e-02
3.653061296845295375e-02
3.768601942201276617e-02
3.183134292801989562e-02
3.335869213650569098e-02
2.766475238023327968e-02
6.190076378685730601e-02
7.636251221585879656e-02
3.149591108557986407e-02
1.650233804614330974e-02
1.843937667611200704e-02
2.536894867390578762e-02
2.117767026314547330e-02
3.391682348088592008e-02
5.641550380689977495e-02
4.075546167045666912e-02
3.266059508211442003e-02
7.566582248761095919e-02
2.629593911261842165e-01
2.624775576129358967e-01
2.501472213227652897e-01
4.207555494097832138e-01
3.719628614734095118e-01
2.604985220707236038e-01
2.122623683130341332e-01
1.225824818543605893e-01
1.163425863326812693e-01
1.057066903682284675e-01
7.229726508619996328e-02
9.111650751505905033e-02
5.633769065285092886e-02
4.274670019951704730e-02
3.728719480077325593e-02
3.496844818884916467e-02
3.601920544341006419e-02
1.708556725533848242e-02
2.333120290505377378e-02
3.584111227485001216e-02
4.168756601472205919e-02
5.758164810933170952e-02
1.007540961241912281e-01
1.344652683993088904e-01
2.421316261531722136e-01
2.218646094379108091e-01
1.769506382552822332e-01
1.227388364356986894e-01
6.746367362194814754e-02
7.000461874629518300e-02
9.419943336198678685e-02
5.158790766487357515e-02
3.759121835089029168e-02
4.062172731628309330e-02
4.292639389855736065e-02
4.105761541794478858e-02
4.497846326149260165e-02
7.257922277598057026e-02
5.753386322370419165e-02
8.216709903874838683e-02
1.195596164482960327e-01
1.174605864344594325e-01
7.963916674554452624e-02
1.050737916259005950e-01
1.139967332736931543e-01
9.545719399801451399e-02
6.890790287142524451e-02
1.464417251134035869e-01
1.620247454455280012e-01
9.499556768810576979e-02
9.032349491209019920e-02
8.907725930816359772e-02
7.318658428247949710e-02
7.484323674409605609e-02
6.571532527267291701e-02
8.038992818203147261e-02
7.040338194408667094e-02
4.467850972853061597e-02
5.731296221689419906e-02
7.915942338879117246e-02
4.989682770491762898e-02
7.700755537553982677e-02
1.163979479410870987e-01
1.833234817961147123e-01
1.041517770843914809e-01
1.630355758410657885e-01
1.027588284320951756e-01
1.155590976630273964e-01
1.344264975231642678e-01
7.916928637628349585e-02
7.220143720612695604e-02
1.018322263367541641e-01
9.603342054012996287e-02
8.500840936409291559e-02
9.678549499294292202e-02
7.270746355293675189e-02
7.584370028314346701e-02
8.413840913364085961e-02
4.093763696140014646e-02
2.926370189211006945e-02
4.179897675074500246e-02
4.519607856180941213e-02
4.069547684710916879e-02
3.596389005490978341e-02
4.212754971036383744e-02
3.193348234180234946e-02
7.559424618935889351e-02
4.816205840705629904e-02
8.201298749605684391e-02
1.134214601837493508e-01
1.223114355228496902e-01
1.423301386323395923e-01
1.021746178925783538e-01
1.616526336571455502e-01
2.307344358037160259e-01
1.425823601341791591e-01
8.662271084284817180e-02
9.694947155256600224e-02
9.099979927646338618e-02
9.947558703495100463e-02
8.642434464494073987e-02
6.722584141121705492e-02
1.066679142213136783e-01
9.675969847456492023e-02
1.555325954749105233e-01
1.109049112703217460e-01
1.032553040038248632e-01
1.149333278278712595e-01
1.076236604236096850e-01
1.666069255751105593e-01
1.127890145148543327e-01
9.431500893825922605e-02
1.046473820557081991e-01
9.066283994965612658e-02
5.972331921359886470e-02
5.458651895595353215e-02
5.177316900272889433e-02
4.116184030809161981e-02
1.624406431816235452e-01
2.052720226779449486e-01
2.932436333968156394e-01
3.737548814689732324e-01
3.361920431409344823e-01
3.203776396607187493e-01
1.411430261791241925e-01
9.781957918263403662e-02
1.615102890895558085e-01
9.910381440816833087e-02
1.629252342867700820e-01
6.581117626396895126e-01
6.313092099396830914e-01
3.135902432110733162e-01
3.340478938833310041e-01
3.105688635938480546e-01
2.284232047450447667e-01
1.143624693373175433e-01
7.537830376638313123e-02
8.431920667174165607e-02
6.836892189540146048e-02
5.454908833721651418e-02
3.297951513369114934e-02
3.263236152187503486e-02
3.824033263815045797e-02
4.376707207867594485e-02
3.708148782931536963e-02
2.205184674971475203e-02
1.963608068318770453e-02
2.326581998342827293e-02
2.324827100339179470e-02
1.742192104666705904e-02
1.468458364257896331e-02
1.751456770756322501e-02
4.060268654312337855e-02
1.967727843913132449e-02
2.591433604256726184e-02
2.819070896061646667e-02
2.903343822530444693e-02
3.361688115498238233e-02
3.508876097134897010e-02
5.900530881600112021e-02
5.267112870167825478e-02
7.980145703884303221e-02
6.169821345115815425e-02
1.077318199706433222e-01
2.479384930193943015e-01
4.484657462174935771e-01
4.479957055885094852e-01
4.432580489310971594e-01
4.971019751013672217e-01
5.155796349830484848e-01
2.747876037110979497e-01
9.908332749303429277e-02
5.327195234111201105e-02
2.969940223698499387e-02
2.055703239688657508e-02
3.708200680767806401e-02
3.250594742470831744e-02
3.408713339464905512e-02
2.769559368388174389e-02
2.891587099441770767e-02
2.315580528113003397e-02
2.282721662220989559e-02
1.922255156610300914e-02
2.182309193224409721e-02
1.868936999473642946e-02
3.016310775897220603e-02
7.498341343512429646e-02
1.157270376470519724e-01
9.412515936072601841e-02
1.354068650242601646e-01
1.865599040086687865e-01
1.361476284805625547e-01
1.602091103229005276e-01
2.239919080717848454e-01
2.254833767570502967e-01
2.178184813160155830e-01
1.198568661849765404e-01
6.540651061248764497e-02
7.762193680804768681e-02
8.012542885707457652e-02
5.738059799809328704e-02
3.029466852364023216e-02
3.038589989835096400e-02
2.469074988997092476e-02
2.187879417947132671e-02
2.143694003304082857e-02
1.350369170681208451e-02
1.356972461294379297e-02
1.441839584478303918e-02
3.246304081502761341e-02
2.341154190870675320e-02
2.376769871976516096e-02
3.334175919203796051e-02
6.553575891270041476e-02
5.714308866265360720e-02
6.105572188471559969e-02
5.637439924811386838e-02
6.107659880772428607e-02
5.661521570435011641e-02
5.285115538159197712e-02
4.738376182666362985e-02
7.832382718049794856e-02
4.986113343226709210e-02
4.345209535005244844e-02
3.582506495063403351e-02
5.883705087487436924e-02
5.020876740566002083e-02
3.904889603948011323e-02
3.323546741888944861e-02
4.607508960182812169e-02
5.468918685398675705e-02
9.798944507623130740e-02
9.742960031482875149e-02
5.279734598504556842e-02
4.975101997348585492e-02
7.980092937290980681e-02
1.160978772073804066e-01
3.179464301452561426e-01
2.702764822792029786e-01
1.966655881323819688e-01
2.852322555203987142e-01
1.877536091398330498e-01
2.466051805674749076e-01
2.675429862253320690e-01
1.400799129211125205e-01
9.278626810060575103e-02
5.364950338598372531e-02
3.871694508193891660e-02
2.764220007160321166e-02
2.391151711466835486e-02
4.351634919911458177e-02
3.227661241467696951e-02
3.532517780752589265e-02
3.661207125252615574e-02
2.312280535520730082e-02
1.854308188332370183e-02
2.004446310999474096e-02
2.856978430129194363e-02
9.251692586409357433e-02
8.898420237935324162e-02
5.466112983979716511e-02
3.897518022540322202e-02
5.305745567298231907e-02
4.310810742770809084e-02
4.381869981402662650e-02
4.727618728055994757e-02
5.342106476039882451e-02
6.383973956623377466e-02
6.107616697479107543e-02
9.047783262056761922e-02
8.183928037317943216e-02
1.013012114629678051e-01
1.277826726402133406e-01
1.999986558938885439e-01
1.507282346598851630e-01
1.200866621967760922e-01
6.511415104317924696e-02
1.172793385652752540e-01
1.377956106203341857e-01
6.711616127224215300e-02
9.730393932526666678e-02
1.047306577749482909e-01
7.839991075799357390e-02
7.957783922452080216e-02
5.760010556835692269e-02
6.499285913271667103e-02
5.042825952752308383e-02
8.560551835483885819e-02
8.506022079817537884e-02
4.932343612728916360e-02
3.028579116384442008e-02
6.286176169264751090e-02
4.381936867764509025e-02
4.956336143393728216e-02
3.956158281685236838e-02
1.722105982975769695e-02
2.650343838004364655e-02
2.952605915652214627e-02
5.148983181413745169e-02
5.692462363132085035e-02
8.004441192930580873e-02
2.565004610248853845e-01
1.896139784630224701e-01
4.119395278141224637e-01
4.893584730069394650e-01
4.253357960115499159e-01
3.069944786900135614e-01
6.358376154126967883e-01
9.176542985348643544e-01
1.376590929906658989e+00
1.230469188389997637e+00
7.865434459263334066e-01
3.579948222795082957e-01
2.813972224996330040e-01
1.226350256385128623e-01
8.121803995566920231e-02
5.465591283488076962e-02
5.364660529476267953e-02
2.936324889960597803e-02
1.867600958802836247e-02
2.270771467262441140e-02
3.467048953440614312e-02
3.055299014455585202e-02
1.624212047367171174e-02
1.524215340448955951e-02
1.704183079475943274e-02
1.255420985586109921e-02
1.252763583072455562e-02
1.465006340046309807e-02
1.507675674462860722e-02
1.530254824182885817e-02
2.055464469083737727e-02
2.185005523606441125e-02
3.020627048541190893e-02
2.241728740784627860e-02
1.738544300212308685e-02
1.435991975344999561e-02
9.980416473228635732e-03
1.031475572839783000e-02
1.107480626352774083e-02
1.038536061439895505e-02
1.843459106084891636e-02
2.097574292200927309e-02
1.793388184126542759e-02
1.868084223749365974e-02
2.115945756145611728e-02
2.816013735260564088e-02
2.794663670801617039e-02
2.520852608087314692e-02
1.976500973566992780e-02
1.743631771822569398e-02
1.917896656557964777e-02
7.289848956888436704e-02
3.385874178619001640e-01
1.997829155067368245e-01
2.112829569028054355e-01
1.157251644765726062e-01
1.141987348987043710e-01
9.031755782760214624e-02
4.602361466426601461e-02
5.356950517043706367e-02
6.279370969716778494e-02
6.040781721273306981e-02
2.947630034379968705e-02
1.710041762679113606e-02
3.396479832548617017e-02
4.266632884724305685e-02
3.097035363741633407e-02
5.460945978226967173e-02
5.639648042671702860e-02
8.198286529537554546e-02
6.345002479771442994e-02
5.035079147454584597e-02
4.781484873491929910e-02
3.312657559681882885e-02
2.937895857767539379e-02
1.897242518460664010e-02
2.260678718959217501e-02
5.445732132870045178e-02
8.220825428128850088e-02
9.567005928195608522e-02
1.919098292385446880e-01
2.821086747744744883e-01
2.800123732327159387e-01
1.400119545188922843e-01
9.112118928223517100e-02
8.389124027220665192e-02
5.861930340093605279e-02
3.441223917483934858e-02
2.672970037313900787e-02
2.384596198949599094e-02
3.887673118402242695e-02
6.280770899793254591e-02
4.717098808211354910e-02
4.497266490914298559e-02
5.329079891063079333e-02
5.456583548509849613e-02
6.985444129795817525e-02
8.259896781452218117e-02
7.417903950789939138e-02
5.668768380158457215e-02
4.766848414188548655e-02
5.753803519715742359e-02
6.047709226333878446e-02
5.264950751660395223e-02
1.054538239348499218e-01
2.072963498710309327e-01
3.067522832437035718e-01
3.409225929554237089e-01
5.191703363556465778e-01
3.042572408254411997e-01
2.235453574614849614e-01
3.050615894452048393e-01
3.135880007900888056e-01
1.723445725663896866e-01
1.070692559075196726e-01
8.734348938588130939e-02
6.882743627629721306e-02
3.984151241720409325e-02
3.093658398222726841e-02
3.774441787076277671e-02
3.702057723151645080e-02
3.210195447528209345e-02
2.400118525880802489e-02
1.904945392227841774e-02
2.033430651554626184e-02
1.622366600353734173e-02
1.889559779735051903e-02
3.561440019449166328e-02
4.604039510341935426e-02
3.625985831519983743e-02
4.284620446645370784e-02
7.221199835469134520e-02
3.940488740872479662e-02
1.955207813586061494e-02
1.925359961498943409e-02
1.363644749728346039e-02
1.664622903364414500e-02
1.934121169444972393e-02
2.495096417857522661e-02
2.738210264118020459e-02
1.617439976666403684e-02
1.733747048171357247e-02
1.865900778012957381e-02
3.740846916482265527e-02
4.907184769901929561e-02
6.844547881274144763e-02
4.414011969078202730e-02
2.589119674670717006e-02
2.099991264788714576e-02
5.945420326147892592e-02
1.460077213495471760e-01
1.961088232298366651e-01
3.100905929009136752e-01
3.574573871589947771e-01
3.671972046438866655e-01
2.097772548047102947e-01
9.400209023239335104e-02
8.347383444618652892e-02
7.635929585428885558e-02
9.552554812281771612e-02
5.596897066486656441e-02
4.373502479555527178e-02
4.824802641623442134e-02
5.911147333177501489e-02
5.457509060640697990e-02
7.242269750466071021e-02
7.610433479291782433e-02
1.460490658945654829e-01
9.720898425691454348e-02
1.064718286296571781e-01
1.314851362744042518e-01
1.170685711621637370e-01
1.322865494780671447e-01
1.497462826268755598e-01
1.290967708890636279e-01
9.971025355228932407e-02
8.790236334095699600e-02
4.612076817618267210e-02
3.642124082054721407e-02
4.283298480979012834e-02
5.083705202365154663e-02
3.161796973753990686e-02
3.149812333633535133e-02
2.122631298751246481e-02
1.427510793274285213e-02
1.462638876114193652e-02
1.108431992586435613e-02
1.139457651333903969e-02
1.665878735385282680e-02
1.778879306491056370e-02
2.689579715943632779e-02
1.891452704779247526e-02
1.972654481043792027e-02
1.777177666818470503e-02
1.832449358615245369e-02
2.293826776197551570e-02
3.226152230210398153e-02
6.231384304806347058e-02
6.244002156640567069e-02
8.111412214005545018e-02
5.137006491532341429e-02
2.750868843104800274e-02
1.686501782998066704e-02
3.849834150521658921e-02
4.332880897507185997e-02
3.946494934447803554e-02
4.763329270134311622e-02
3.730192361704488119e-02
2.184088942513285128e-02
1.835506674499088817e-02
1.467069068179492446e-02
3.665233497915101890e-02
8.203206084897661510e-02
8.285214133657209379e-02
9.585501868637896772e-02
1.638458653356598127e-01
8.712274449122468789e-02
5.521564512111824807e-02
4.299808383944591500e-02
3.709617507168452843e-02
2.607399995475167750e-02
3.285096600105479742e-02
3.056598825456932275e-02
3.094282768292778985e-02
4.935644688173226879e-02
1.243747586186902954e-01
1.570079563442391413e-01
3.509602175411942748e-01
4.086515349655595042e-01
3.679010338267220681e-01
3.319479452123555441e-01
2.175593085885684785e-01
1.631011729692041778e-01
2.566984852018738272e-01
3.313240622507371835e-01
2.320791672195496036e-01
1.374930375253512749e-01
1.279116477123261320e-01
1.040493635639298253e-01
9.539767074115473866e-02
6.228965579927537438e-02
1.441674812979496789e-01
1.474569013650716687e-01
8.815513295663765514e-02
1.044274747305923151e-01
6.336344847137045933e-02
4.995099918450621873e-02
3.284334322030284942e-02
2.881951892366293316e-02
2.194655185528824812e-02
1.995069136220098058e-02
2.792289125692215893e-02
4.278335487071934645e-02
4.425389590626659791e-02
4.994417180944678292e-02
3.816859599657147079e-02
2.406262560535821216e-02
3.355943405332847268e-02
2.249699552241281666e-02
1.512690658229135128e-02
1.588372507080053342e-02
1.759741389500602687e-02
1.651228140132227420e-02
2.382643165391131260e-02
2.512351902733162001e-02
4.469590146888150622e-02
4.640166763990105636e-02
4.719775506486433014e-02
3.625760541390411762e-02
2.389299261325293286e-02
3.683020254437944369e-02
2.935310585215453877e-02
4.111765288551832292e-02
4.174429827202149473e-02
4.847044570038631928e-02
4.493392090276379647e-02
4.772120385616754334e-02
4.891194966996248450e-02
2.205971570667277643e-02
3.828594817919084292e-02
3.815887551376394293e-02
5.778026545459546276e-02
8.604411477510963413e-02
1.013988225717777081e-01
8.867696280654237262e-02
7.922985654934125432e-02
7.734563012159936801e-02
7.830255223959486921e-02
4.436905803014424415e-02
4.442229787687205361e-02
2.998482820053581174e-02
3.022836153760396008e-02
5.970913036999229984e-02
8.474529320507828700e-02
7.694322186272291308e-02
1.582145751346163143e-01
1.112670522299442355e-01
7.623063509740163335e-02
1.111084340066498810e-01
1.221429151903540011e-01
1.474777106604599486e-01
1.036589287726107783e-01
1.213333414285713285e-01
1.947529400346418027e-01
1.146740746105369690e-01
1.653410469561359120e-01
2.019175555938235445e-01
1.600334721907806235e-01
2.020745190970603955e-01
1.562840779659835921e-01
2.758060115087707653e-01
2.577538089889211959e-01
1.797742007624896499e-01
1.424427261760331520e-01
1.561528017551045977e-01
2.841401385555309411e-01
6.279555723388609012e-01
6.977251839132724287e-01
4.426827071914666289e-01
3.242919009279123244e-01
4.493692606117850596e-01
1.910900235834465666e-01
1.077919863098927844e-01
9.076604497950101214e-02
3.986568858349386762e-02
4.539651965352727025e-02
3.944089695450615773e-02
2.886491922011857197e-02
3.066984887299377405e-02
1.941677968597338433e-02
1.716251891373914845e-02
1.068774721981591118e-02
7.927994790885347504e-03
2.223598668763258554e-02
3.396121410731120505e-02
1.896802878241605345e-02
1.082971664607685486e-02
9.158654760440919015e-03
1.165432453989259480e-02
1.411611819396020942e-02
1.658354319989857259e-02
1.476497883054379325e-02
1.591930057073605645e-02
1.254995354962574854e-02
1.602886407511379396e-02
1.412523238334390321e-02
1.500985252063477202e-02
1.163049724427393447e-02
1.685689746365322608e-02
1.030428813245096338e-02
1.080655586391082029e-02
1.234183125681053393e-02
1.636052238268819944e-02
2.135345153641606333e-02
2.737584080700473932e-02
1.603049929864679701e-01
2.752077093589886392e-01
4.104748524527863651e-01
5.142617497215801192e-01
7.126225859706367682e-01
4.787545453731997802e-01
4.240581518120616900e-01
3.178799899910355053e-01
4.667633905523119742e-01
3.198533287987729845e-01
1.870985112436026054e-01
1.586788847579445327e-01
1.316109838466888171e-01
1.104791192007821415e-01
6.094964149218107252e-02
4.879209855876490837e-02
3.105257860733451683e-02
2.781343143339184282e-02
1.843991638073296663e-02
2.934570609367057742e-02
1.356218023003590359e-02
1.465127066409338194e-02
1.361602286564551206e-02
2.268769401957515530e-02
1.636558515808681294e-02
2.774036668659460650e-02
2.653628427425068145e-02
2.727849940778431098e-02
2.906878365935405134e-02
1.271030732683096215e-02
1.184718021469072409e-02
1.053246920512762586e-02
1.205328976866308285e-02
1.124296761642381778e-02
1.185842656865582039e-02
9.754878793316988303e-03
1.050760758426101497e-02
1.400767729977490765e-02
2.219925413729845198e-02
7.416821692062280924e-02
8.483530719043111401e-02
9.134608711878648701e-02
3.811551135664979773e-02
6.545938762784890563e-02
4.710484665569850821e-02
3.826923754218457957e-02
1.977480895924190948e-02
1.737699595545240394e-02
2.662534656079500184e-02
2.827937211262609302e-02
2.720215200404904957e-02
2.447186056000769799e-02
2.686235093692854875e-02
1.751871488447556344e-02
1.918114883453891917e-02
1.669348228373900012e-02
1.338678073839434483e-02
2.023777423336285686e-02
2.501830359630906331e-02
3.363424049614958944e-02
2.455917940485877887e-02
3.073261087337328737e-02
4.418339758008418827e-02
4.402620382889656236e-02
3.223875831401772779e-02
4.188271338720742087e-02
4.376416272813372921e-02
4.192150506298853579e-02
3.162735738952558717e-02
3.047880016469367223e-02
2.366333865006913992e-02
3.271705919607939550e-02
1.856683185057432517e-02
1.778035009424637491e-02
2.537192280924412818e-02
3.560187517979014615e-02
3.253194790439645212e-02
3.701938452849900391e-02
4.591155093670486187e-02
6.458222657149716162e-02
5.039231984312509544e-02
6.199858788424907063e-02
8.056850552161164136e-02
4.575620179393554560e-02
3.008177751705216896e-02
3.277880448015386278e-02
2.927419592019808031e-02
2.339315715689036304e-02
5.729884679991430890e-02
7.337581525619150946e-02
1.648730831345515957e-01
2.971568131794758982e-01
1.519757709152497749e-01
1.196067085619252207e-01
8.222635456163471246e-02
1.605713186901430445e-01
1.333733014124863225e-01
1.196449337701552540e-01
7.777283982028491971e-02
5.359479216225040976e-02
3.346295680364376468e-02
3.116709297517370608e-02
3.987323705295374443e-02
4.713970758083364104e-02
1.421326535073150765e-01
1.572673169667682391e-01
1.987524604072793410e-01
7.965959309708825486e-02
5.260142981190991246e-02
5.584509232011679314e-02
7.503178438714110110e-02
1.004837010604105463e-01
1.170873296656999157e-01
7.121045566116637748e-02
4.586175840716877339e-02
1.166748220115281509e-01
2.012018871417691201e-01
1.744084413804393163e-01
8.839034245279357715e-02
6.230502022744339313e-02
2.520740369983190746e-02
3.315111700286384189e-02
2.528254713187223085e-02
2.828364098336185253e-02
1.712570245863492477e-02
2.749188608383057800e-02
2.708433533065843918e-02
2.494089376172699268e-02
2.416738952897680426e-02
2.475996423457883094e-02
1.772212517025120726e-02
3.740823379449904895e-02
3.753933471702236568e-02
3.309926344114632463e-02
4.588411129955343587e-02
4.292144579335669535e-02
4.493048842190291992e-02
3.922966758786876340e-02
3.589419303964130198e-02
3.664701337049680596e-02
4.583190446503756371e-02
1.119384721854554399e-01
2.610703727734036139e-01
2.160031434814413953e-01
2.488779867507234234e-01
4.022331434329681765e-01
2.653436522080913074e-01
2.253454569810825203e-01
1.211927594633257360e-01
1.120144491955210597e-01
7.090495936016068257e-02
4.362648671253090138e-02
2.372100897392891844e-02
4.025577062421555052e-02
4.267919171908347853e-02
4.601390088343081802e-02
4.627736649833820437e-02
3.921783787731618343e-02
3.026368430470374390e-02
3.312685896745536096e-02
4.497226787086146954e-02
4.130065718407063824e-02
4.139264878932205627e-02
5.883637557564080217e-02
8.414655899132122974e-02
1.004106046529075758e-01
6.392630678066030248e-02
1.147339781915448498e-01
1.146533936054489611e-01
1.006949123511037825e-01
8.330073886310805642e-02
5.980209152123265592e-02
5.903409863458213003e-02
4.462562620524756357e-02
3.730043146418682287e-02
4.477880624624825529e-02
5.942057050379488670e-02
3.559343395662428744e-02
5.794886916409235089e-02
1.771120927308911797e-01
2.111819771184543226e-01
1.014635725949933620e-01
1.031069443000730279e-01
6.132626659662950008e-02
2.746170646983312966e-02
2.056350809131983134e-02
9.409593487470634121e-03
6.075069271886394257e-03
5.464061262293012922e-03
4.913494606964107468e-03
5.291270924349686898e-03
5.019847438500044459e-03
5.377778599407347267e-03
4.265524795452105798e-03
4.348099251512262640e-03
4.497544955123521093e-03
4.515260058751962603e-03
4.487517411221528946e-03
4.675953469179424532e-03
4.000361659227759208e-03
4.091473229685846716e-03
4.346521282572028168e-03
6.748068217012530637e-03
8.169757621425412578e-03
9.043427398822193736e-03
6.431993898751462574e-03
4.351609800922149121e-03
4.406024094427694535e-03
6.786504004719030349e-03
5.777088047760987541e-03
6.098361474522830811e-03
5.398554255277533340e-03
5.442617482728191042e-03
4.218819834743855156e-03
5.233864962039637587e-03
6.602484333708379984e-03
6.604095750404067808e-03
6.481089783649743828e-03
5.697931261385686362e-03
7.780871454715671334e-03
6.767255343833052973e-03
5.266693849312577107e-03
3.824170525895865484e-03
4.101423976021317461e-03
7.005503057868263730e-03
6.181389188129756372e-03
5.147421450305069389e-03
4.376608039274642280e-03
7.812372417676686359e-03
6.208213828544384763e-03
8.604469264367939005e-03
6.320270126999602903e-03
5.497789762553838971e-03
5.035704747383518143e-03
5.955536259339618346e-03
5.613489201177564343e-03
7.314178419295204632e-03
7.512973006764539496e-03
6.991943642056687794e-03
9.444540886354896997e-03
7.244295634497119329e-03
7.979774114357256545e-03
7.895459232790480106e-03
8.367999645878653608e-03
7.191387413212451708e-03
7.479562395834351771e-03
6.425841178619296282e-03
6.601915066159120583e-03
5.592016152833994592e-03
6.006405860078578053e-03
8.108322296450660299e-03
8.784786745172442138e-03
6.943117671032032409e-03
7.009050476385438218e-03
7.149017205392607134e-03
7.673587454763995501e-03
5.680669569629624022e-03
1.004774405214583707e-02
7.033328907552057960e-03
7.068280893845506861e-03
6.261880886837141967e-03
1.140834041421115094e-02
2.188736969047366462e-02
1.674318935658157190e-02
1.274936659952872683e-02
1.198939807433549616e-02
1.140312179217040089e-02
1.714338859685005448e-02
1.299893973915273657e-02
7.146431136686051330e-03
6.877894384360505944e-03
6.999042404472397005e-03
7.055848240420273948e-03
7.375063762475686166e-03
1.084542193274756414e-02
6.620595871102831313e-03
5.540575237260221726e-03
7.615604594447641928e-03
5.634574698778178382e-03
1.003166379821473879e-02
1.478072547633354182e-02
1.188600697202886122e-02
8.219769143906242859e-03
6.590674283556722732e-03
8.110077299281924154e-03
9.172904063118155621e-03
1.277816591867790910e-02
1.338345930916359609e-02
1.799218376029311853e-02
2.164104367128073803e-02
1.184030634361356478e-02
9.219585521830111000e-03
1.289119000354746816e-02
1.059047800364834417e-02
