2.370105520647949326e-01
3.768448117944949716e-01
2.640913882909036725e-01
1.553174592617058425e-01
2.612243134090503904e-01
1.766481336940020352e-01
1.803086085046640696e-01
3.297334694729330828e-01
1.114733338525747186e+00
1.960537508522372852e+00
1.796568925554442142e+00
1.773380823433002407e+00
1.624390956627776994e+00
1.460548466456133232e+00
1.471240174640010334e+00
1.451476532096933170e+00
1.245884954352377783e+00
1.139637829348518760e+00
9.879247230817036485e-01
1.286823093673998386e+00
8.687320106773839257e-01
8.613710342959757238e-01
9.823516752145859954e-01
1.115447046171903933e+00
8.173671456356099707e-01
1.006575013479454439e+00
1.020713645308566564e+00
1.080825409779223589e+00
9.622855128813730952e-01
9.226372029230872629e-01
9.603415118222103919e-01
9.671462205144470969e-01
8.888744675872920498e-01
8.923288056281203362e-01
1.081280939897855564e+00
8.457289124816280701e-01
1.157856071846716128e+00
1.027804417230889555e+00
1.004774038727720642e+00
9.733529240997988996e-01
9.878065612574515875e-01
1.101473142543127892e+00
1.092068391052287701e+00
1.055326356720751368e+00
1.071292981953404055e+00
1.062249577885855167e+00
1.074360083818496570e+00
1.094433337459392197e+00
1.112636878841877897e+00
1.145935180553886434e+00
1.039004436895980099e+00
1.138091314468675064e+00
1.113272300505575352e+00
1.145108268190054623e+00
9.430847375716038261e-01
1.220249950967082775e+00
1.188583131306634844e+00
8.851403494035152697e-01
9.326281029677404577e-01
9.192515837180825766e-01
8.607593091263502361e-01
7.883846209330049870e-01
7.724298111179148663e-01
7.398307165265929353e-01
7.131924871670833888e-01
6.620364193930294849e-01
6.999076298807058727e-01
6.266727569372352313e-01
7.004613486954591739e-01
5.967700002944206217e-01
5.553607750333783288e-01
6.292083171018254539e-01
6.441665609865681041e-01
5.958136571566601258e-01
5.514272891742216798e-01
6.256610542146779919e-01
5.363895303451544638e-01
4.115583025850794163e-01
4.246391639941267115e-01
3.883533752006602668e-01
3.587196606018106526e-01
3.684251126297856671e-01
4.155145635750910338e-01
3.718535907205451352e-01
3.241989296335852089e-01
3.248241343341558562e-01
3.270029883560324757e-01
3.042314679337403960e-01
3.017471831867605259e-01
3.137901196491792444e-01
2.707318246846180942e-01
3.271155545831901379e-01
2.714553315301646008e-01
2.644576833140409589e-01
2.538903762466900860e-01
2.215100785614928514e-01
2.484339135384536490e-01
2.666405094156646394e-01
2.059474896844788183e-01
2.276808166910355147e-01
2.627335304906570079e-01
2.581228033497583452e-01
2.308304417760833616e-01
1.940510159925409039e-01
1.961903483425582739e-01
2.098845839381285328e-01
1.856576677310484424e-01
1.656206337835758879e-01
1.809085502327045236e-01
1.848357866784942349e-01
2.120134420209961457e-01
1.734164742301051165e-01
1.914417120296154629e-01
1.849944943500605454e-01
1.968120594169603665e-01
1.576907618625572050e-01
1.687608073066913239e-01
1.634946891744436526e-01
1.570610855660528327e-01
1.400784628152252353e-01
1.242725064451663114e-01
1.630997395303872277e-01
1.841851276719511099e-01
1.492807568231035165e-01
1.331236910260941708e-01
1.398525126597948143e-01
1.290625193301530027e-01
1.463211102737044800e-01
1.766883634592997798e-01
1.869891379506860851e-01
1.282173473602730707e-01
1.412441902099383639e-01
1.250508894232397195e-01
1.352428637478423346e-01
1.243257810149810821e-01
1.228154078565157764e-01
1.148517204115193785e-01
1.332881610886259560e-01
1.267685069606563075e-01
1.149475607413821265e-01
1.297505383394533529e-01
1.291406915998784544e-01
1.233853692245522743e-01
1.194051334191885694e-01
1.215349765338691185e-01
1.080455423725664166e-01
1.044035336303203026e-01
1.232814629786505023e-01
1.255281643062987618e-01
1.178817624686777227e-01
1.079931655810546370e-01
1.156443044545436560e-01
1.484567296587799290e-01
1.429110833485926491e-01
1.153392460382206136e-01
1.207724526730317022e-01
1.223381483611526294e-01
1.274647293836712325e-01
1.267185857232114299e-01
1.386760072379181752e-01
1.543357446960376966e-01
1.155276217219648183e-01
1.330120302116343800e-01
1.487987378437747310e-01
1.523679402971152286e-01
1.318267630154239811e-01
1.558673815861487677e-01
1.374264987537254512e-01
1.504598598699974366e-01
1.386434617482270037e-01
1.343081247042250959e-01
1.353801562712705353e-01
1.333998094610484297e-01
1.186133953755211662e-01
1.390650898118651613e-01
1.360170364629655626e-01
1.140308633796137533e-01
1.439481003766860112e-01
1.122241681407901148e-01
2.032999409271572799e-01
2.127082152167523998e-01
1.241671959702249917e-01
1.487729527058027079e-01
1.566254138246601368e-01
1.329001930667507991e-01
1.259939871689849111e-01
1.498334267028877398e-01
1.127188444143021190e-01
1.114937437871088288e-01
1.342601558460805866e-01
1.252305611612477554e-01
1.335100033437650047e-01
1.251383173268772186e-01
1.159478498069941438e-01
1.205912593375340902e-01
1.083720213372463548e-01
1.274046641186855622e-01
1.215687825096677804e-01
1.247567401247181434e-01
1.315450766336483668e-01
1.470037888345089305e-01
1.174700439975518013e-01
1.643055812870572729e-01
1.138686910184682904e-01
1.654051130367169831e-01
1.443669354308050601e-01
1.441012643117096648e-01
1.147310812043969147e-01
1.227932017464371944e-01
1.072972969399557802e-01
9.764218840385109621e-02
1.291334436691089493e-01
1.340551624277016018e-01
1.069117358571287507e-01
1.367551004631811784e-01
1.360324173613347842e-01
2.147501011987921482e-01
1.213253108712023798e-01
1.361762649650822554e-01
1.323739334360890529e-01
1.071743024700892166e-01
1.063667045996212895e-01
1.563023574986256437e-01
1.374427885693252083e-01
1.538039481217649829e-01
1.246480127958780743e-01
1.078502264957258289e-01
1.067978709990338726e-01
9.858385251208713618e-02
9.547842333066124121e-02
1.249438767393768329e-01
1.215624169007466920e-01
1.234277824869433604e-01
9.151259650524404266e-02
7.976146541712098026e-02
1.222034336208325384e-01
1.186288410438513796e-01
1.034767696662013264e-01
9.021505518018960168e-02
9.878346580789744424e-02
9.003147819654921946e-02
8.444201088976671654e-02
9.320133103375760619e-02
6.594368181339167745e-02
7.657491022620342702e-02
9.323827256710290334e-02
9.877070492410473801e-02
1.027877586224641704e-01
7.811312098238074042e-02
8.617505730981597778e-02
1.223076877602503054e-01
9.896535744910892052e-02
7.446561343722848947e-02
8.338614873309693754e-02
7.554887885275959891e-02
9.100909021049319314e-02
6.945415262493821740e-02
6.733554433523719629e-02
8.344784801519174178e-02
8.049728429298814991e-02
9.086114738573278227e-02
8.759813547863837258e-02
7.086523538449222837e-02
7.274928962938966015e-02
7.390980894971382886e-02
7.739881850046698153e-02
6.190363539866499537e-02
6.424619047033687524e-02
6.708813146911909997e-02
6.617716621499467045e-02
6.579528327415587463e-02
7.254979466573606428e-02
8.353149875952896319e-02
6.236773652904128995e-02
7.149043962431916865e-02
5.485138271190730802e-02
4.980404981058821762e-02
6.685546925564672671e-02
5.436726851260953453e-02
7.381376787636334535e-02
1.086416754271465751e-01
1.232376755247212990e-01
9.047415825706105197e-02
9.674076399611918065e-02
6.747131748677781538e-02
8.885192527007663987e-02
7.813625557687833845e-02
6.015477707935306534e-02
5.544888752971668944e-02
7.591817426387305334e-02
1.090756821648079383e-01
1.040635763984340545e-01
8.319715103859906535e-02
7.376488199655049927e-02
5.169839245718276660e-02
6.171904609807465913e-02
8.691613670901174316e-02
9.305075048582139852e-02
6.672003717000299372e-02
9.659833488947083824e-02
7.817452470836497302e-02
4.935533465519482965e-02
5.631746259827485890e-02
4.813723837404104006e-02
4.927407260259778626e-02
4.524561692532567958e-02
4.838020637104124833e-02
6.704721140328559481e-02
5.426452876200253683e-02
4.067631199357145400e-02
3.934580967655566114e-02
4.737626855059601932e-02
5.125384858453160136e-02
4.771346734413840773e-02
4.918166141112954859e-02
5.326121423271165667e-02
9.295741818677465129e-02
8.064150818416751521e-02
5.929111788472195971e-02
5.139241903829883107e-02
4.609818588692585206e-02
5.282681219432142083e-02
8.200916621716010380e-02
8.180624912610492960e-02
4.888027636298987455e-02
3.308833040961720734e-02
3.491444480668377121e-02
4.001778350842732923e-02
4.731589575027039113e-02
6.154182279474350314e-02
5.220438074255665667e-02
3.497943476292032089e-02
3.250178301846966961e-02
3.111887463523044586e-02
3.278700446457400580e-02
2.655619172589634286e-02
3.366717188454923515e-02
4.005820225958341141e-02
9.191656691912832022e-02
6.928891501073716763e-02
4.765616079200514499e-02
5.449529446805223554e-02
5.292656427605875458e-02
4.448757506812832385e-02
3.562359886665845271e-02
4.946760173118098375e-02
7.184875986868040354e-02
3.919981622306231012e-02
3.538737418840683102e-02
3.344801011782112810e-02
3.208661508399766882e-02
3.650450142304351858e-02
8.954307958076020146e-02
1.027595245407537661e-01
7.388974884572095669e-02
7.289638066559883667e-02
6.066649649723684229e-02
5.952584465738444686e-02
6.451174153089467289e-02
5.570877174663262099e-02
4.990441089110479733e-02
3.959209388018983949e-02
9.445997525648223980e-02
7.456866409940224316e-02
3.874823545968898719e-02
4.686731130165049108e-02
1.168192330487710512e-01
1.485798378185889113e-01
1.262642568632604267e-01
1.270887322866001978e-01
3.270967843021740928e-01
3.714844864727889218e-01
1.855491631743249326e-01
2.361766535466766903e-01
1.288286522084015340e-01
4.890290377830851937e-02
9.899240737522420341e-02
1.022701305824145757e-01
6.671135909310389744e-02
4.121007211803818376e-02
3.765122862172597118e-02
2.311681891693562196e-02
6.439426339346453199e-02
5.940769611242346926e-02
3.967077567975539620e-02
6.110197581103808673e-02
7.061904658979074878e-02
6.347977838180932086e-02
5.957395057632158125e-02
4.569460942655588498e-02
4.336539292511381455e-02
3.917246057903855938e-02
6.205064388710645334e-02
3.491427329611674485e-02
7.543452439403858234e-02
4.593982603200089110e-02
3.341458344731824959e-02
6.054140664673759997e-02
5.095109962454422159e-02
5.416443060162073192e-02
3.594797876403542369e-02
3.316773357815922668e-02
3.236018343922029972e-02
3.263030510359119646e-02
3.495199414370102342e-02
7.433011011347633035e-02
4.546564613601943028e-02
3.412913328268219609e-02
2.978182603552612454e-02
2.419441282224814999e-02
3.633749138691834413e-02
3.620207104882856158e-02
3.433489331500633873e-02
2.322147809579111141e-02
2.436587706719941376e-02
2.611711966151318565e-02
1.820538535666516716e-02
2.029984289336286135e-02
2.537350604060305964e-02
4.802273980800752379e-02
2.744450930618764356e-02
2.467546327259926772e-02
2.450006851318331513e-02
3.397976427263645766e-02
2.796089242143862813e-02
4.083684171408621943e-02
3.304272799577004371e-02
3.098247206359768663e-02
2.738357486904054866e-02
2.877726146306708657e-02
3.705484825637107849e-02
4.302025884499130481e-02
3.164818606153958075e-02
2.399599463603614008e-02
2.329275656249119378e-02
2.388340398198289180e-02
1.790540732509035213e-02
1.842505666951127843e-02
2.015857861496312201e-02
2.845274324053967060e-02
3.241874802689890395e-02
4.848657804372387414e-02
3.043798540137256092e-02
2.295995171220504422e-02
2.027493089930225076e-02
2.805605534131682538e-02
4.339277352830118312e-02
3.164297683459271066e-02
2.514695142999102268e-02
3.590468819710677939e-02
3.674703612980168010e-02
2.416741202078762432e-02
2.693177132331725510e-02
2.835363138177985839e-02
4.925391556161248102e-02
1.305235265542992185e-01
1.140360413211867208e-01
5.466214122904929779e-02
6.757292679249410350e-02
7.184127624450119265e-02
5.827146756393126320e-02
2.905057878261821033e-02
2.160879029798061166e-02
2.665359657927590664e-02
3.471570872455344292e-02
2.444073358233463805e-02
2.817631593218072536e-02
2.637647097379346162e-02
3.021144907382190131e-02
3.732821557933883178e-02
2.766482270865574036e-02
3.493337326803828274e-02
2.762454129182934787e-02
5.487755177197094908e-02
4.134843733829728779e-02
4.347792341625763418e-02
2.567258104395761173e-02
7.872299425224651981e-02
5.706550195721505486e-02
6.544055330534691295e-02
5.928590506803426557e-02
4.098743384725092587e-02
3.177772627544768469e-02
3.295086233207754345e-02
3.145334208945004678e-02
4.767398592022459997e-02
3.669019005612269430e-02
7.186754931625392862e-02
2.399392159663268353e-01
7.686950374307600642e-01
1.092424270712683665e+00
7.297406177612372202e-01
1.588010395556414267e-01
1.299088386314845578e-01
4.605793365306841414e-02
3.645249169552979701e-02
2.203542403830657456e-02
2.508841055176619719e-02
1.912451422469952853e-02
1.889370691188211812e-02
1.402124938053128655e-02
1.597322564997674665e-02
1.280837279648884899e-02
1.067530692066950664e-02
1.144790353881725183e-02
1.239129946986181063e-02
1.626764319785492865e-02
1.587457234788675758e-02
1.338391185062822418e-02
1.992003684489237689e-02
2.949475248705567959e-02
1.515459306869965279e-02
1.689082703528291957e-02
1.444081528989681583e-02
1.477917339381507045e-02
1.142417934044203873e-02
1.306980828250410218e-02
1.177833624737116905e-02
1.145139474761220667e-02
1.161341411081557619e-02
1.470141989694946465e-02
1.330398274222865940e-02
1.340244108546216791e-02
2.190738010644166858e-02
1.971187954772395112e-02
1.426853090862157704e-02
2.083832016373280208e-02
2.072935112365721644e-02
1.626919462167349811e-02
1.456669446794344250e-02
2.711210396406313686e-02
3.372142230229300403e-02
2.021541710351897059e-02
1.307799569199317308e-02
2.594967399785194986e-02
1.863718479749436330e-02
1.784977528958316129e-02
1.834360413112400001e-02
1.599554905783003717e-02
1.637226623731347780e-02
1.326701825374236761e-02
9.748590828444099465e-03
1.099493225790371988e-02
1.049215266633029241e-02
1.075780236828405290e-02
1.307601947731141558e-02
1.288673244213233392e-02
1.419436949153346506e-02
3.318581646603175478e-02
3.972711652664689258e-02
4.504128572680121678e-02
1.226297571219543137e-01
1.214479238529295735e-01
8.009542911782005503e-02
7.873294867952709830e-02
4.578274814366067869e-02
2.875778645026849309e-02
1.442240696102838407e-02
1.190711476291088713e-02
1.551291190270094947e-02
1.300650437101186566e-02
1.752956532406917817e-02
1.634413717338719860e-02
1.389922078826385209e-02
1.710084301805827461e-02
1.795527326615323563e-02
1.589233953521354895e-02
3.154389574647673000e-02
3.000282807748023972e-02
3.528057614891672716e-02
4.189976328275738654e-02
4.596874156613255102e-02
4.896482188960814969e-02
3.221295688710264227e-02
3.335833214365273997e-02
8.804241596444167817e-02
5.889088515857603123e-02
4.933315674503657017e-02
3.172348440225142979e-02
1.713783898398929181e-02
1.859335844206515959e-02
1.855803687446954883e-02
3.134114961208636640e-02
2.947937414958201260e-02
2.403988243654183593e-02
2.005052981546751739e-02
1.592486253560599155e-02
2.968662180790437519e-02
2.085620246307307024e-02
1.544918005453619833e-02
2.768694203692342523e-02
4.617373898490262363e-02
9.469643537145147616e-02
8.477323336275915944e-02
1.334393156677047276e-01
1.189636391264590198e-01
1.457091654269259684e-01
4.975315439023949432e-02
4.258857896739755289e-02
3.735140634673098092e-02
2.381190821782369973e-02
1.872987292274591251e-02
1.667516898827118427e-02
1.700876738371399216e-02
2.155856459743821923e-02
2.056955509143989363e-02
1.427121436056318429e-02
2.836725085194935145e-02
2.287951443429230708e-02
2.147580674585966923e-02
2.587181921361806150e-02
2.251706533143656500e-02
1.075758382183458414e-02
1.308631008256382240e-02
1.346473103945649251e-02
1.309228966610583716e-02
2.225217364403692111e-02
1.710431089134389210e-02
2.879216621638100090e-02
2.133837346325133041e-02
1.921109180161304636e-02
1.130058490945376297e-02
1.440516383436313101e-02
1.658423596146928192e-02
1.316735177238450433e-02
2.082740603923836920e-02
3.745480935871004641e-02
3.089314819722273342e-02
3.707853039994590122e-02
2.306170819291869858e-02
1.611832652598408147e-02
2.130346698480177492e-02
2.075706529901211878e-02
1.690229787230863520e-02
2.000979888230288925e-02
2.714815456741557706e-02
2.148410434645395967e-02
5.666471409344323029e-02
3.718383345348900970e-02
3.146622858497687830e-02
3.257120335651304127e-02
2.225811190084152347e-02
1.638516488034482549e-02
1.679952180638333292e-02
1.315521754902197575e-02
1.579800498236268863e-02
1.569535115438566719e-02
1.506983384393570206e-02
2.692731158344228298e-02
1.238855618951725801e-01
1.710472363704199639e-01
1.997637989173915440e-01
1.122472140622587239e-01
1.654859238002628630e-01
1.722982165820106382e-01
7.748172584931796447e-02
9.703440690801017066e-02
7.031674032898199700e-02
6.669732965076352604e-02
3.960948194024508512e-02
3.657049232893741508e-02
2.494244414898273698e-02
2.092329533402938549e-02
2.014271475680329965e-02
1.352616830866531367e-02
1.648640311736575964e-02
1.229059727588957540e-02
1.040009335887155488e-02
1.042661693087996479e-02
1.080962536926709586e-02
9.721011094972297276e-03
1.129113666883259544e-02
8.983781963755493524e-03
8.452190102526875928e-03
7.796596373969457219e-03
1.093129643613721842e-02
9.244375298787034165e-03
1.371355188511796074e-02
1.175820538895084623e-02
9.351747916709420710e-03
9.944614682180490106e-03
9.924749892301481038e-03
1.574245775174816855e-02
2.139260667547261685e-02
1.268556575021253900e-02
1.024632034582233578e-02
1.013740747230810688e-02
1.536951966194738048e-02
1.480330666980231129e-02
1.467892449676271548e-02
1.963221161078874608e-02
2.225493713426544146e-02
4.246269354755123626e-02
3.004543178441955800e-02
3.641928191222273958e-02
2.305163596844019350e-02
3.779325294991153078e-02
4.144172338808102540e-02
2.306156064251887322e-02
2.530671545028036554e-02
2.727687077252714115e-02
3.605220846488855352e-02
4.017651903512678424e-02
3.073085940285678191e-02
2.466272597945599540e-02
2.428623323014239901e-02
2.655338302716143267e-02
4.546923122357159758e-02
1.889671482615578116e-02
1.750170594395821649e-02
2.110819203617513018e-02
4.052853843698100977e-02
2.113852681012937454e-02
1.366270708111357382e-02
2.271556736809688531e-02
1.456681985903006578e-02
2.191084086398022851e-02
1.731277459287193510e-02
2.137152392968685172e-02
2.149006792077598135e-02
1.656207325371996525e-02
1.216128419676330667e-02
1.484292707394137614e-02
2.039224196992721339e-02
2.214409726098964457e-02
2.717543648202168372e-02
2.116748684479907022e-02
2.074594127833950113e-02
1.140258089402303686e-02
1.605356961662746801e-02
1.316640323074056915e-02
2.292755114790695839e-02
1.918784970371931187e-02
2.388350030715447395e-02
3.398907131619276906e-02
3.652121046096119122e-02
2.676530837112717220e-02
2.847241907994381774e-02
3.537209049575789493e-02
6.879263471569835309e-02
6.295761607224917289e-02
2.021573122646545262e-01
1.395485061372410407e-01
1.789999586580831581e-01
1.411977731527087332e-01
9.665975173171846568e-02
1.048792534350196370e-01
2.131989073070840457e-01
2.033222164051828595e-01
2.472858468453166259e-01
2.008456466303939758e-01
1.005013165236627593e-01
6.073885826368792540e-02
3.691616155639124153e-02
2.486022772110235354e-02
2.150069571994509682e-02
1.721290591804773215e-02
1.630992841519133055e-02
1.481509765857034686e-02
1.274993345839028555e-02
1.522346923753201825e-02
1.332516086571283037e-02
1.288917233931747945e-02
8.331641352198874972e-03
1.449923803964111441e-02
1.160017414122661329e-02
1.667713709017813045e-02
1.026030718671003955e-02
2.116201016051688991e-02
1.313862313269371744e-02
1.104479638305929864e-02
1.331943866626819802e-02
1.391803511066045523e-02
1.558838218060867691e-02
3.507214875606910753e-02
6.756476331677764569e-02
3.069917805438028904e-02
1.972331402014468674e-02
1.088089649409332976e-02
1.438694470749763733e-02
1.341486658622475202e-02
8.722588298450757033e-03
1.407267578699691706e-02
2.816157357980501180e-02
2.100147822596343250e-02
1.315777036373762948e-02
1.305033016002999854e-02
2.354177364398970379e-02
2.059958271658840490e-02
1.318938806247876849e-02
2.015688377456962416e-02
2.303663672622987407e-02
2.950861138462618563e-02
2.594076420923247320e-02
3.152698423037138264e-02
3.742153685734406904e-02
1.982452249114911164e-02
1.713002061459222708e-02
1.155242348158477816e-02
1.505661126897137742e-02
2.812493299285665285e-02
1.159692088265171922e-02
7.934249800197579194e-03
1.003248246748164769e-02
1.105685002257477192e-02
1.848233857371839317e-02
1.442753288808933630e-02
4.469783306613910046e-02
2.183973901709032953e-02
3.550014569178700646e-02
2.203441540450795655e-02
9.757409798621509076e-03
1.084998104352392391e-02
1.023403842258198936e-02
9.116607450974791027e-03
1.832100832618682382e-02
2.371481350886937844e-02
3.495831463879146839e-02
2.455890740052889959e-02
1.567274294701812357e-02
3.019289462238494010e-02
1.895430090849250723e-02
1.510595735451497786e-02
8.823638564453003402e-03
1.131598068953141786e-02
1.777330140799595476e-02
1.153880841102907472e-02
1.682075670522282032e-02
4.264838196164069672e-02
1.894817240025335053e-02
1.744309470814967358e-02
3.296068216272078633e-02
1.145004198529106926e-01
1.105167881077964986e-01
7.162343084079922373e-02
9.841689575141734925e-02
1.110433081621940016e-01
9.969410217255433859e-02
2.077791880032055921e-02
4.215511466891527781e-02
1.070878759110491241e-01
9.509109424184614134e-02
7.753471289879608486e-02
1.925661223835343216e-01
2.330377751403675257e-01
2.577057562139422608e-01
2.724959730129835611e-01
1.306453823782791346e-01
7.181351598040865147e-02
7.805293199701519857e-02
6.545085072169185003e-02
3.288372203172214292e-02
5.475506844797516093e-02
5.737888190028046786e-02
2.779120556096991573e-02
2.868910601436869615e-02
2.954506606490566595e-02
3.500279738671267099e-02
1.281938210722796505e-02
8.317261449040925375e-03
8.586324992959148278e-03
1.081624353436101173e-02
8.661221242198702264e-03
1.160020465773527881e-02
1.168888999602070780e-02
1.211394839572261031e-02
9.005664575852050102e-03
1.117911334302915810e-02
6.413688615404236106e-03
7.844191584148113919e-03
7.837044909396469194e-03
5.758382960374724448e-03
6.433438827818747235e-03
9.328025538256155130e-03
6.321536325713027725e-03
6.895192565964733920e-03
1.001113550958450220e-02
1.326053299601630785e-02
9.679258609846676242e-03
8.188546281150047360e-03
8.621083655003893009e-03
7.319135558268448881e-03
5.431729931703092006e-03
5.805942077066323509e-03
6.126720398366754944e-03
6.601372521103910339e-03
7.512061909584106384e-03
7.470852777575660159e-03
7.343460525310045901e-03
7.192127850286694768e-03
6.863452110191057588e-03
6.688013310561651513e-03
6.007983801358343125e-03
8.180080714034913825e-03
7.555196878359926593e-03
9.386720259100648361e-03
1.089828496150707475e-02
1.236421861166646027e-02
2.163288816188555647e-02
2.279185109471509180e-02
2.682448931170407225e-02
2.341762928874828106e-02
1.807350769223360978e-02
1.586962318252957416e-02
1.012000182562428942e-02
1.115130859754485601e-02
1.077090033610067152e-02
1.579592576814017532e-02
1.704720524511081983e-02
2.682418330554472638e-02
2.918182540951867396e-02
5.908931649438224631e-02
3.302992438499246369e-02
3.816718669124802982e-02
3.639059634486675743e-02
4.690488975471387989e-02
7.134303747413203722e-02
5.211395190107020320e-02
2.622427181040520514e-02
2.692638990832117718e-02
2.293424362544794343e-02
2.816441226886398988e-02
1.527137390711271261e-02
1.720420581158197196e-02
4.463459443412497174e-02
3.766236603036802327e-02
2.699234040423233172e-02
1.645186213005300074e-02
1.035692758403341379e-02
1.388400413431872989e-02
1.378992122287324602e-02
1.152902711888826454e-02
9.916333549172135983e-03
1.585927923049792673e-02
9.113094904182723888e-03
1.717880486308661497e-02
1.934960459353431139e-02
1.512241377673285807e-02
1.515201799409516062e-02
8.553093852465772778e-03
2.778555272330851533e-02
2.902565722804176587e-02
1.338730252219957721e-02
1.552067099811485495e-02
1.817791412915103696e-02
2.828205233359212464e-02
3.430359770176859280e-02
4.673559562446992499e-02
2.941460360365634810e-02
2.862709850286956209e-02
5.299985978265621400e-02
4.325193783066562381e-02
4.476146320149495400e-02
6.291705152463235307e-02
3.779526460339911742e-02
5.982929437275288920e-02
6.154862394630049999e-02
1.247472867927498785e-01
2.395182603145585842e-01
9.413407172766349862e-02
5.715646142811911523e-02
8.274510171590991614e-02
5.353713338839018177e-02
3.881136807339492095e-02
3.971042502365235843e-02
3.525524273679548487e-02
1.048205241483823741e-01
1.132069532244301957e-01
7.719129781786090994e-02
5.939085989348405481e-02
4.699691979263954239e-02
6.420964476344576122e-02
1.500693913575484595e-01
1.900398677784216617e-01
7.349153811850941964e-02
4.976194725287968329e-02
4.491024454255428816e-02
1.874246859120248451e-02
1.818504632068602272e-02
1.074894600395148378e-02
1.301114822121612544e-02
1.068096727976006188e-02
9.456139778792798170e-03
8.197922257553634517e-03
7.938751634437414897e-03
9.589166413779822568e-03
7.193115225303948167e-03
1.428080418863233829e-02
7.355756746522962991e-03
8.923364801369799981e-03
5.798265670406823301e-03
6.989066248297561706e-03
6.311579446370498177e-03
6.016622338621944836e-03
6.015158569866859047e-03
8.004987576380222930e-03
8.616520678794172688e-03
6.233754786536450758e-03
9.594974122918934617e-03
1.186087650301075568e-02
7.828216307845865807e-03
5.592680389261302926e-03
5.961570448043232093e-03
8.633383795436681482e-03
1.103543017475474945e-02
7.482519040811172993e-03
7.831508263580925361e-03
5.462746190132308430e-03
8.167800517668853330e-03
5.468991198226516234e-03
6.680018026554392606e-03
6.760547289972420638e-03
1.477154194353056532e-02
1.906250122764272664e-02
1.726825273542909739e-02
1.369212107074088691e-02
3.844606901759686085e-02
6.949357997989945301e-02
8.434341360028586865e-02
6.345847412667628140e-02
2.827680334339327875e-02
1.258209245013870541e-02
1.447148241184213931e-02
2.364218044613536004e-02
2.028507824719348249e-02
2.079805362877326300e-02
2.280565796273329240e-02
1.673627581343228518e-02
1.414754418649860970e-02
1.143360075394738058e-02
1.031778564628155898e-02
1.380882488407994720e-02
1.196720302078453473e-02
7.151150104692607229e-03
8.701763631181667208e-03
9.460933221159388909e-03
6.430712646557062116e-03
9.561682125906608223e-03
1.009716412834726906e-02
1.244677639029424625e-02
9.012917482043521916e-03
5.865756637893095732e-03
7.422126697635288324e-03
9.027511210464045713e-03
9.663272229502603214e-03
7.220991216403471052e-03
6.847715050134836265e-03
7.429539312380792869e-03
1.124998704522834660e-02
1.793142458619842103e-02
3.961348401367913163e-02
1.028222623830263582e-01
9.503423330996128848e-02
8.127781561291584633e-02
1.504476401078637393e-01
1.184136694521028960e-01
7.643236096848618488e-02
4.610974520507115509e-02
2.352824976263888021e-02
4.366020456687384754e-02
2.309744429552398545e-02
1.530818389534782664e-02
1.411544889553477920e-02
9.922787101982882829e-03
7.680534327561432985e-03
9.525915687285016475e-03
6.755201026436171569e-03
5.801047497367152819e-03
7.612739803555391808e-03
1.011077934468822791e-02
7.885901826754897898e-03
7.869677704541817517e-03
1.859632913877209276e-02
5.282496046643800347e-02
4.429023441795665317e-02
3.215385254068803961e-02
3.326443160243083147e-02
3.502320624717854269e-02
2.555547505788259913e-02
1.220723774727601636e-02
2.244722112897920910e-02
1.363576792932063089e-02
1.156986504100760739e-02
2.424278371068595839e-02
1.664254415122417771e-02
2.164455220189991091e-02
1.713774708805157823e-02
1.553594434364382292e-02
1.705885729707037543e-02
1.981845426386079356e-02
2.917084727563360250e-02
3.106654411028521301e-02
2.346768572597266941e-02
1.764135367185686726e-02
2.348064133579364637e-02
2.173821802168716955e-02
1.558062959097496376e-02
2.872604786839123153e-02
3.156939773438147828e-02
2.562511044878235458e-02
1.604211547916089414e-02
1.728822454950159487e-02
2.729816833446136251e-02
2.394347110674117929e-02
1.552541440470889440e-02
1.405207046811548892e-02
1.247940063840299180e-02
1.273705608923341413e-02
1.493635023255837808e-02
9.728615997030022264e-03
1.232202900024627693e-02
8.292467844024263221e-03
1.963702581258875562e-02
2.032309976385049399e-02
6.678021841103910783e-02
6.793610858321533219e-02
5.992656954977627903e-02
5.021576055926250948e-02
4.721743001832789943e-02
3.501379953368550374e-02
4.348285299976559215e-02
3.229570952749204887e-02
2.111557799925634776e-02
2.333155208484318302e-02
2.121246264996147490e-02
1.566424257535470668e-02
1.623459433387606371e-02
1.071508471435443297e-02
1.155312388330802069e-02
9.424995919859445806e-03
9.934638644833324733e-03
1.327087491064096736e-02
1.024357379240817614e-02
5.982571159531217993e-03
9.566951406768666247e-03
1.203386864624461303e-02
9.432129819683447020e-03
1.454847672349612875e-02
3.016186712952698482e-02
1.688144594994708120e-02
3.205919955572266583e-02
2.188200734650109017e-02
1.486171350569993541e-02
2.799744650207284732e-02
3.366710015746185447e-02
3.036623426873788154e-02
2.112538032677151872e-02
1.540046442587889204e-02
1.647836807164148459e-02
2.390720341126099935e-02
1.732912486646798200e-02
2.876531422465616883e-02
3.422569021997019789e-02
3.294445217102921070e-02
3.254808304180529382e-02
2.031844779596696932e-02
3.401170370051277703e-02
2.859770344755598048e-02
4.166277410813697818e-02
2.498016690266826462e-02
1.943045544771382707e-02
1.494138520962502020e-02
1.312182993879256604e-02
1.630090280437627298e-02
1.486022382363771585e-02
1.056985022605142974e-02
1.639320688298116085e-02
1.827030470503574616e-02
6.741596874250990745e-02
6.273561740849065149e-02
1.318197748075158882e-01
8.448646995804034998e-02
6.071833003730525008e-02
4.460433343875651324e-02
3.888693770684552298e-02
3.034909570301474666e-02
3.668277990624748547e-02
1.839525863280979875e-02
3.766932396002837385e-02
4.784119904566398046e-02
1.100693746790096517e-01
8.473552349369067871e-02
6.932629580129215374e-02
4.986616661873873729e-02
4.743103473242744200e-02
2.728968762933985104e-02
2.282750806156410781e-02
1.513920404921312128e-02
1.029244862165869072e-02
8.830832865708411472e-03
9.826883684420667509e-03
9.496445894899018664e-03
1.096109441821757624e-02
1.543269349473254740e-02
1.319922293874380322e-02
7.644396704468535073e-03
1.353097631796549433e-02
7.671409073078876845e-03
7.379865245231225293e-03
6.067671972521207838e-03
7.141130258660204240e-03
6.113954557027581616e-03
6.540608716051690003e-03
5.008754540405936824e-03
7.663006001272524605e-03
1.389499163351311066e-02
6.696537020513490882e-03
1.022928537761937789e-02
8.291666558097222570e-03
1.421650461571526483e-02
1.571653140629788656e-02
2.093612493319951459e-02
3.819150818975700079e-02
4.644061807634609212e-02
4.818666607011926062e-02
1.004321917642986423e-01
1.521136910074017412e-01
1.197235101845039451e-01
1.615293292733741559e-01
7.426631002668650228e-02
4.126964450968473308e-02
3.378490233197559145e-02
1.141237333483799236e-02
1.864819825780282547e-02
1.136601065223774402e-02
8.742928794209172891e-03
1.015051631385404524e-02
1.770655643134717849e-02
1.050019726427480447e-02
1.016156334624311423e-02
6.563971242927601688e-03
9.018964953027491099e-03
7.818639956287934747e-03
8.669925477461520175e-03
9.687101256022860943e-03
8.102180608251135716e-03
4.089826458033848922e-02
4.497321049141693450e-02
3.454832623282880905e-02
2.609856855609226506e-02
5.389040794598865675e-02
2.317152733317820804e-02
4.381135139633663550e-02
3.517395321409097497e-02
2.372584438549901059e-02
5.786552506006541197e-02
2.375907287470364893e-02
2.554484857094760017e-02
1.447107037076348843e-02
1.158566920747596679e-02
1.392461972005670963e-02
9.514509811045028867e-03
1.074223113177083175e-02
6.302216153098800372e-03
8.693856248110868462e-03
6.973705122331649332e-03
7.796854806659736167e-03
5.493257237397613374e-03
4.421783630739379439e-03
8.159253552669925441e-03
6.258798641215103896e-03
6.816712425136212637e-03
1.305729476981303504e-02
1.125714897921465188e-02
1.280092530485876789e-02
1.755748085027107608e-02
1.324414468408957601e-02
1.515664866069973277e-02
2.106641092790850420e-02
2.412318294518276535e-02
2.056351655287113819e-02
2.611526370241782843e-02
1.229525456764013133e-02
1.785230533499465935e-02
1.992281878170142767e-02
2.080872220696542568e-02
2.311773494580499771e-02
8.407343071619961111e-03
8.899360517013272728e-03
1.505798995572623332e-02
1.311699205282864517e-02
1.203564490503745456e-02
2.564024332667066280e-02
2.010598778675554144e-02
1.975070915789669396e-02
2.953437471530315911e-02
2.982583579563236054e-02
1.386473687257787912e-01
5.750263101274376287e-02
2.762060115113638623e-02
7.814162262147363036e-02
5.520398737050261073e-02
6.380580812062285057e-02
1.286352432374327504e-01
7.039747769613703687e-02
2.655414040753284119e-02
3.112325516800980643e-02
1.432780114659355439e-02
6.543060585000799387e-03
1.450505003772207917e-02
1.542124540060033251e-02
1.724007545375950273e-02
1.139939195475045235e-02
1.158977464922889868e-02
1.232801062872561013e-02
1.366841795420410503e-02
7.531273141396011006e-03
8.266863155622862849e-03
2.088644413152111051e-02
2.318623482949660336e-02
1.510486628427471292e-02
2.831388005591744736e-02
1.355446174461100162e-02
9.109276642698166740e-03
6.506860244030644377e-03
8.894935179918172022e-03
6.624492410144830479e-03
9.664742175218767051e-03
1.158671877005676421e-02
1.117174838902781041e-02
1.289311057714058635e-02
1.269194632554248268e-02
1.676724588807268837e-02
1.671720051939682219e-02
3.204657454609791123e-02
2.702599609749459578e-02
1.573469909558853838e-02
1.234375992588140208e-02
1.435232741097732662e-02
1.554996860434824241e-02
2.002105136149563008e-02
2.271123131283496119e-02
1.854653789133794625e-02
1.133431731307238052e-02
1.682597801951546054e-02
1.751564370436562226e-02
2.117119475239002263e-02
1.882829472779745314e-02
2.559182896678082603e-02
2.242155322158722805e-02
1.726779519704706167e-02
1.861547502782808644e-02
6.702616615472455769e-03
1.339376945133698669e-02
1.072185658174201056e-02
6.020680610262762675e-03
7.608060526970601527e-03
9.557458142460336509e-03
1.734813097047703881e-02
1.230344751737744158e-02
2.107326770857154141e-02
5.399990948323682427e-02
4.373384373300951561e-02
7.653149695424343868e-02
4.696683264846210348e-02
5.663505637118020769e-02
6.906007159664784290e-02
1.054187435727514804e-01
9.042038565682350426e-02
1.993671543162157389e-01
1.634035559556368256e-01
1.221924450921467731e-01
7.213269847684192215e-02
2.930755978591535055e-02
2.273371131433464531e-02
2.162954539050737993e-02
1.795062035273722531e-02
2.090343414051794996e-02
9.586843460677198919e-03
7.823694291204582110e-03
8.170894902178796673e-03
7.576440624918264963e-03
7.072874078578607858e-03
5.521791891690270085e-03
7.860883078126835663e-03
5.034914372111273795e-03
5.707878665593232002e-03
6.203953768547703675e-03
6.879052493090096615e-03
6.373275119780447140e-03
5.473947706274143177e-03
5.190282908664128371e-03
4.651633446090128882e-03
7.889886285569965713e-03
7.605851518867883833e-03
8.007070659652306549e-03
5.723704823195091551e-03
5.539850464651265190e-03
8.930248847446330129e-03
5.532490827796147752e-03
4.952348564315640737e-03
7.936512327338636832e-03
6.851666010711491769e-03
1.087313323619963461e-02
8.851718506640791559e-03
1.216173735072049837e-02
1.837588161836897424e-02
1.262215369801904935e-02
1.006636116030789133e-02
8.527622461129941850e-03
9.811603587497181450e-03
1.298141392571722577e-02
1.446150580679086625e-02
2.589569258422319553e-02
5.511303536771976902e-02
3.259077523510579139e-02
3.235465480703068886e-02
3.824683399451957178e-02
2.527857556487363849e-02
1.738641321053181060e-02
1.980889741898325326e-02
2.040205766763862616e-02
1.519669122127528110e-02
8.613907967897471013e-03
7.181286897434561826e-03
8.401157597399887614e-03
9.087534352692414746e-03
7.804627486826169400e-03
2.276222759559935749e-02
2.356033922357702801e-02
1.435172283041896354e-02
1.758909653186129657e-02
7.786174080711969966e-03
1.001538486094597988e-02
8.523978019094631889e-03
1.288261367903818441e-02
7.603185309083094340e-03
5.894094966447182594e-03
9.189386654607223370e-03
1.624801806417746491e-02
3.224660357706456149e-02
5.635549171701438598e-02
5.995556040143752707e-02
5.388300331652894071e-02
7.046236854719564735e-02
2.805014391840277357e-02
3.044007773829589952e-02
1.745166021957069574e-02
8.386577075810079662e-03
8.155409872271084104e-03
9.804769373410911204e-03
1.988103077286431514e-02
1.510419854334159491e-02
9.411099370605604392e-03
1.252396256590385983e-02
1.519530510112784838e-02
1.220958371401353014e-02
9.010533090896548358e-03
1.998596909905038868e-02
3.419162344389026914e-02
2.573221193581570060e-02
1.544382735683797088e-02
1.255047520472831954e-02
1.882855323435064440e-02
2.131074032342153771e-02
2.773752370116485538e-02
1.046300449174887154e-01
1.940102036379763029e-01
1.076516385623904060e-01
9.090727737294362898e-02
1.008570394409224052e-01
5.696068849917804156e-02
3.333760740075084050e-02
4.551635495249695129e-02
4.976807038315427673e-02
2.987521582214253471e-02
2.809262266149935988e-02
1.990696321942741695e-02
1.436572215104225947e-02
1.819835756921734174e-02
1.924894955310290853e-02
6.028600427148719451e-03
8.413443772936048115e-03
1.013230434176669130e-02
8.417480575728067405e-03
6.114729360711694192e-03
5.969177016218875191e-03
7.197373328340391299e-03
1.059857003630477502e-02
1.704447598615711421e-02
8.250434143865408368e-03
9.655368616747699029e-03
1.113950426135761756e-02
1.095770395572778777e-02
8.295599118502715308e-03
6.150676310206660592e-03
5.563559780145897575e-03
9.141995506275389649e-03
1.158939908632143287e-02
5.958447028204218003e-03
6.358703264129544896e-03
7.339390809532838657e-03
7.657345812301374899e-03
1.006227090274506783e-02
8.053045065136644337e-03
1.402134070887629119e-02
2.306117310677457261e-02
1.407634769447182847e-02
9.759994057295141856e-03
6.735308751596220771e-03
9.492575762208872031e-03
3.386702705152812298e-02
4.308840882595134369e-02
5.354739021644092101e-02
5.309315236176419955e-02
3.912829269168716789e-02
3.191192469106816920e-02
3.210717099180932649e-02
1.992635582428248925e-02
1.415083097471848267e-02
1.355826646025596119e-02
8.209707539771699675e-03
7.354568442033674984e-03
9.165963113621628661e-03
1.182725698420976183e-02
1.090414828513444796e-02
2.216522484326659270e-02
1.377039591593625344e-02
1.921725382007922686e-02
3.309539847718707961e-02
1.589123397499012796e-02
2.498264047478135005e-02
2.375584677212787266e-02
2.583829366052909152e-02
2.270478838249714165e-02
3.208066374509448843e-02
2.713908373638923219e-02
1.398896260724480367e-02
1.277215144190999366e-02
7.366925649893750656e-03
7.806510415714112451e-03
1.082867098102557706e-02
1.178664303163988632e-02
7.435690200898681379e-03
5.493660868015262135e-03
5.069475133148759749e-03
7.269305459196235067e-03
4.977545435523141742e-03
4.531463198635470382e-03
4.560193331807934139e-03
4.302498300622402926e-03
5.226502785690918633e-03
5.862907308993410387e-03
4.913707245856254423e-03
3.713481753057981671e-03
4.510948232188884306e-03
5.258531828439166542e-03
6.090315158512095602e-03
1.073549416335523900e-02
1.540857031782529550e-02
1.384854923381047438e-02
1.645697592070540644e-02
1.225560557064739146e-02
9.076595542091180774e-03
9.967504635137392627e-03
1.344206621221876591e-02
1.045492008166120854e-02
1.069799330632803872e-02
5.551431295226703228e-03
5.639220532441578150e-03
6.588399509458841424e-03
7.045425499925915026e-03
8.473001219614461135e-03
1.004374501027884177e-02
1.621967021544360246e-02
1.497009171769026793e-02
2.908567353642897702e-02
2.274892591300259337e-02
1.595590154946959632e-02
9.399327816381395501e-03
9.018581074771835765e-03
7.775526099919387486e-03
8.585227148910344955e-03
1.107867732692384768e-02
1.524288250754076215e-02
3.679871336389377301e-02
5.152689788487451600e-02
5.515064749849261927e-02
5.870933864702890248e-02
7.741587774960818902e-02
1.288096138886265229e-01
7.162685594883817786e-02
4.298355177348319595e-02
5.700200039971811683e-02
3.931237955150765351e-02
4.370602594992326062e-02
3.572055166716666535e-02
4.034842597431477496e-02
5.778635720909362783e-02
1.850983790940915683e-02
1.743673417054189198e-02
1.962975957886960165e-02
4.568782692623785113e-02
2.990746527861856338e-02
2.843471558485990633e-02
2.134333189975889944e-02
1.909480816504566941e-02
8.468971459606601526e-03
1.155620722603781583e-02
6.358084360806834888e-03
7.337130763462425959e-03
8.638612255049537419e-03
1.508985200954195312e-02
1.844730228584275794e-02
1.839962973233504051e-02
2.029941461068451858e-02
1.337202879329354131e-02
7.010139537560177228e-03
7.833503646861876904e-03
5.736632945700551912e-03
4.692815193665759131e-03
4.514609887667563742e-03
6.856355040582930854e-03
6.227647870475967566e-03
6.438005616106657128e-03
8.943553329460712104e-03
1.054464799084071404e-02
1.507945779409488804e-02
8.431250650528751903e-03
8.440531594318295347e-03
8.774973645486501203e-03
9.241833701236976117e-03
7.507955597813000675e-03
1.047515645300872537e-02
1.737348584040351168e-02
1.928272103797947640e-02
9.661265323503719082e-03
1.420991704024475097e-02
1.502146152388610274e-02
1.160425648451261435e-02
8.258554166481867770e-03
1.058857268321127150e-02
1.042533253049460901e-02
9.851263318948406608e-03
8.537010355807323966e-03
1.700628614467957628e-02
1.284238414378089700e-02
1.182728700265707998e-02
1.727257014346562231e-02
7.140572136939889528e-03
7.381469481067843424e-03
8.704473032457433340e-03
9.583080882966717867e-03
1.554706357545478611e-02
1.872232869470519950e-02
1.809863685220765989e-02
2.356087347987427527e-02
3.857383399026088899e-02
2.536663750398483741e-02
1.900857980698720737e-02
4.599068615389841075e-02
2.311280499555336959e-02
1.416389518405658347e-02
2.839357769820353289e-02
6.073119440058771801e-02
4.809248574800355919e-02
1.793470277561239057e-02
5.283015636220933509e-02
4.025024828846643365e-02
6.601790504759795508e-02
4.443487460468818762e-02
6.321006360111999789e-02
7.322711283646497760e-02
4.283985579188714227e-02
2.370025870065929630e-02
4.032340074327941948e-02
8.124429783026806962e-02
1.323696449649206519e-01
1.554340152792125229e-01
4.932561257866228954e-02
5.536053215098893365e-02
4.327994950356461867e-02
4.312467349319908799e-02
1.467924320351321824e-02
1.167833164006364284e-02
7.039942121137963797e-03
9.215779927494262280e-03
6.876507768515622253e-03
8.241844517901220080e-03
9.622701171706000978e-03
6.732693162772173875e-03
6.298636458176821822e-03
4.910313135915327955e-03
3.995416263873062188e-03
8.884619147491581298e-03
9.768937463364766802e-03
5.568605963227053583e-03
5.942074340611122087e-03
4.654674741742066343e-03
3.636508166222608262e-03
3.665993720719528098e-03
4.128552322200495193e-03
4.355017719992376572e-03
6.057662666816123267e-03
4.672328931576514612e-03
7.000116705780218794e-03
6.651296903063227614e-03
3.899603553641761092e-03
5.081936470329581276e-03
4.517582444950284971e-03
5.912741976836480631e-03
5.186715320922060356e-03
4.701654269809474665e-03
5.885502924037757690e-03
7.518202188813628666e-03
1.116156717519845021e-02
1.509319176413633466e-02
4.003723715437680630e-02
1.309878814779277811e-01
1.511966851203168649e-01
1.227597634923396214e-01
6.165929241683747175e-02
6.237469972943240903e-02
4.996112937318548941e-02
4.231146716281830589e-02
7.565242338016910095e-02
6.339637074325860100e-02
4.061745991304352432e-02
2.058557424134684066e-02
1.496763711137466361e-02
1.235215330239279943e-02
7.175199940697453253e-03
7.677895950688502433e-03
5.353918854964721460e-03
4.125638086435004168e-03
4.699995949649809525e-03
5.686061429153300636e-03
6.747031769076940709e-03
7.266770145064748061e-03
6.637093685953699383e-03
4.493226122676198531e-03
5.009562620297684267e-03
7.315622169760640364e-03
5.952678302720697777e-03
5.526822397003186213e-03
4.117442323819148382e-03
3.607631739159198291e-03
4.362885436695409375e-03
5.242834380365776238e-03
3.786791622699152080e-03
4.258917636304151814e-03
3.590144575558020922e-03
3.298721251905993145e-03
4.382387236892424688e-03
6.016677259196316976e-03
2.756277854197644941e-02
2.003233900953833163e-02
1.913621489267784692e-02
1.294019663295112484e-02
1.567131588360189121e-02
6.988286152183307426e-03
6.525614878412837154e-03
4.906041688159284639e-03
5.306336802884267789e-03
4.961655540772601757e-03
8.743753445003872235e-03
7.501372664687708594e-03
8.887954975845368047e-03
1.157036489019029786e-02
1.113013540614440737e-02
9.764933701319384457e-03
9.751240448242413233e-03
1.141293110504314721e-02
1.293717830884589907e-02
7.391053440039134330e-03
6.418665325234478719e-03
5.925904394257956211e-03
6.533875218575010274e-03
1.028387553157406736e-02
1.022936630903536689e-02
8.695170983394836378e-03
7.126530180155164068e-03
9.427730514035000814e-03
1.203898647348738797e-02
8.868127669326788393e-03
4.996314936152781994e-03
4.472701325624712024e-03
6.090195450537649359e-03
4.413258723296779873e-03
4.605903190435983556e-03
6.014057958329602910e-03
9.176425788349385979e-03
8.076720571540236052e-03
6.520776221513487937e-03
1.210458998393974112e-02
1.217473023701442017e-02
1.839445486281510514e-02
2.085682356870014256e-02
1.859050808625448484e-02
1.146313167749312550e-02
1.890823459756553818e-02
1.323827525938302621e-02
7.785805579950197917e-03
1.224267421067764053e-02
1.219748091832498563e-02
1.371467608721759456e-02
3.931260939990671027e-02
3.647233014434087678e-02
8.704866589137769117e-02
4.648765719695675119e-02
2.173883296644567309e-02
5.199424056703638719e-02
1.673583142037302768e-02
2.532286364941486317e-02
1.839503754381397252e-02
1.283267705412965802e-02
1.083978788075462898e-02
1.681327761811743024e-02
2.014767275628065110e-02
1.689487777591203860e-02
2.892472059833442119e-02
3.370647151123225271e-02
3.168432482001781042e-02
2.937429021511343830e-02
1.778172992603841915e-02
1.988965888614774302e-02
1.219761014386051487e-02
9.625748272764782926e-03
1.296430533015299584e-02
2.249158504989881915e-02
1.731784398764447258e-02
1.680692313171541427e-02
3.799344216027414345e-02
1.918681521743560020e-02
1.128611758886792840e-02
1.123942962225397448e-02
1.112194113408348367e-02
9.886775921584064694e-03
6.821835155697023902e-03
5.671348936178243101e-03
1.076935499007759291e-02
1.087813396951006588e-02
6.699556769693058161e-03
7.627093911971128543e-03
9.174303067123901895e-03
6.753672401536085258e-03
6.289412813872395126e-03
9.094408723163379879e-03
1.112354687449124309e-02
9.303226146369508037e-03
1.295530432306008298e-02
1.190783987828056452e-02
9.128310193550136578e-03
8.846626949602321918e-03
7.238725567806392723e-03
6.284151667925841345e-03
1.952919417044599384e-02
3.384962012017482536e-02
5.374692321220334718e-02
5.511585335757814008e-02
4.811542074042377687e-02
6.428938915088823480e-02
3.201134153947864103e-02
5.852647959822986773e-02
2.544488065627105791e-02
2.672517895041131783e-02
1.712769413390014678e-02
1.302773183246570127e-02
9.201721456911600081e-03
9.428284888221533100e-03
1.302277098751164833e-02
1.166891057418695254e-02
2.057009392788426705e-02
8.007340117599870757e-03
8.468919389642715762e-03
8.739991760150261219e-03
7.490895215750120045e-03
5.846370907926197805e-03
1.127710215175582904e-02
1.422878488714061744e-02
1.621157747649459163e-02
1.166819408499687218e-02
1.560261388391110532e-02
2.266875594424812637e-02
1.625560752652125546e-02
2.030996723959366604e-02
2.117985230174435074e-02
1.345543999632547658e-02
8.238676519287431096e-03
9.442115611239322234e-03
9.285955497694477895e-03
1.476536026438082100e-02
1.354988818345521408e-02
1.290019274179072563e-02
1.348945291224165274e-02
2.214641331774911542e-02
4.230177734321812627e-02
3.425709611813623073e-02
2.525582300826803919e-02
1.139853974573950407e-02
5.512268926249576893e-03
3.608535984057919307e-03
4.177428711462757155e-03
2.354190571350169361e-03
2.793908895611603004e-03
2.504088407971248164e-03
2.653649582828052425e-03
2.109621133112480999e-03
2.374523497032050411e-03
2.268743819687175922e-03
2.494608620819891744e-03
2.212714297195978071e-03
2.527339147948302021e-03
2.243499484927160420e-03
2.289917475254255475e-03
2.317556610596125007e-03
2.321679727854145114e-03
1.950972555139183356e-03
2.214135214486868692e-03
2.167122455154667053e-03
2.514301667655792234e-03
2.328588231510173370e-03
2.148279710461603945e-03
2.184936733581306547e-03
2.180647765156194448e-03
2.491729112497667251e-03
2.101934218169626643e-03
2.275567678924879031e-03
2.264430018654970365e-03
2.381014732525775588e-03
2.362107169186143402e-03
2.493725645816788523e-03
3.372500739290287472e-03
2.803736654794192640e-03
2.963154778195778178e-03
2.310013834941165769e-03
2.297554821874814562e-03
3.058616712406589128e-03
2.280924526099771966e-03
2.140583963927904666e-03
2.707153798360425415e-03
2.735578745606981332e-03
2.879670336784329997e-03
2.309522597066295327e-03
2.440619543198861967e-03
2.356647369172255174e-03
2.437957000791669826e-03
2.711245294818989248e-03
2.360630841788722342e-03
2.107097116195136895e-03
2.164057372892176385e-03
2.141897254545159935e-03
2.282413009581079916e-03
2.903782453980665278e-03
3.388643573486254355e-03
3.349963926339737628e-03
3.269961962119753273e-03
2.421654154961860265e-03
2.838965155557164957e-03
3.332354833912908390e-03
3.502215404838132998e-03
3.482651196978582553e-03
2.952081473823605848e-03
2.259397341760192423e-03
2.336163322987683515e-03
2.762667188083850044e-03
2.881242013654914443e-03
3.287250537909102484e-03
2.812465445667025957e-03
2.286616910182621108e-03
2.225081123465782150e-03
2.805566381646639861e-03
2.327826154804494597e-03
3.620006253924110302e-03
3.084435043971981826e-03
2.764639275005702831e-03
2.797682638248568700e-03
2.430595399216816093e-03
6.531219699967527083e-03
8.265629536609588393e-03
4.020986313438412209e-03
2.885060589898939213e-03
2.463603934374930266e-03
4.270196292056336988e-03
4.591363409089247935e-03
2.828752907346829097e-03
2.409388295656897123e-03
2.741050015188795617e-03
2.696093258331242349e-03
2.654946735856378043e-03
3.367945107181270596e-03
2.664254693995859059e-03
4.086628186139942137e-03
2.941620999068642311e-03
3.516361576199491731e-03
3.443818266254387861e-03
3.386164046806223061e-03
3.491838829455337027e-03
2.939977344255564895e-03
2.363001602911236117e-03
2.332541860248086348e-03
2.936506288719354599e-03
3.205318841949762482e-03
2.861180402507377749e-03
2.997838774774476411e-03
4.933596662408153664e-03
4.367456424614982527e-03
4.385347716725413771e-03
3.756931668847300274e-03
6.176295000362412406e-03
