2.093525193006119935e+03
2.082222789455566726e+03
2.077136524711962011e+03
2.071200650046155260e+03
2.060643937823448596e+03
2.025258016118261139e+03
1.895194032711742921e+03
1.651708899030074008e+03
1.384691202693028799e+03
1.225884841066768331e+03
1.101253499641984490e+03
1.016630292292463764e+03
9.325627941306067896e+02
8.500166896327411905e+02
7.947723333179869769e+02
7.082739062101678655e+02
6.498229195246955214e+02
5.885748224879729378e+02
5.272950175922960625e+02
4.738597421441800748e+02
3.990538865831643989e+02
3.458709838775661183e+02
2.843877866672107757e+02
2.384862987615318275e+02
2.015651694714117639e+02
1.748222897674765477e+02
1.575168296271433519e+02
1.413210013075115796e+02
1.276469155893615977e+02
1.186863241024262550e+02
1.107757827210801054e+02
1.022553620193803710e+02
9.528273946346902790e+01
8.674494530749909416e+01
8.036510286706126749e+01
7.475471860616283948e+01
6.922576734833444334e+01
6.482310238438795125e+01
6.000881997441556592e+01
5.651833541853469711e+01
5.446931335585805556e+01
5.050662621833803456e+01
4.757706518360980397e+01
4.400636192256695978e+01
4.263123182831687075e+01
4.022478366375879233e+01
3.922694123430670032e+01
3.744923849005124339e+01
3.688638611854619143e+01
3.707059821762323537e+01
3.322202585589680268e+01
3.140784695018445305e+01
3.128843947081921684e+01
2.956931723767846520e+01
2.900122846472994453e+01
2.793948577153293300e+01
2.737254181586414603e+01
2.579487888304373300e+01
2.480579348666461925e+01
2.441632075517285472e+01
2.317907426645749069e+01
2.253607727277490369e+01
2.212131370535860597e+01
2.145297984663631752e+01
2.169094759167977671e+01
2.014185893284654583e+01
1.987443811991279219e+01
1.928435235536910497e+01
1.876302867941648245e+01
1.829153777302800066e+01
1.800370376755294188e+01
1.741155773041145594e+01
1.715405409622992750e+01
1.649275980599347946e+01
1.786080905526836915e+01
1.687267255738450444e+01
1.566655934079481227e+01
1.539579414927151291e+01
1.492544226566084653e+01
1.452452796383744449e+01
1.454122752900950033e+01
1.395513096360775229e+01
1.343541965831445317e+01
1.333030158724208647e+01
1.287238847917080875e+01
1.293108149113028027e+01
1.286040120565349731e+01
1.263832124183511674e+01
1.275492809673237105e+01
1.228983472862901039e+01
1.182737863377987964e+01
1.177745356899518114e+01
1.152845112225294066e+01
1.143224510597618959e+01
1.129746583029361773e+01
1.094253603233171646e+01
1.080881112021854129e+01
1.080535367315296469e+01
1.046627340614446844e+01
1.058284793360731335e+01
1.099343829352704027e+01
1.028949961234568633e+01
1.009338083201135206e+01
9.731132383116676721e+00
9.673600091304198401e+00
9.762958965205825734e+00
9.488878784427734914e+00
9.214530056754902887e+00
9.018216426861773272e+00
9.193668863545475745e+00
9.510878203018739541e+00
9.326497788683688839e+00
8.964751347580479646e+00
8.893650009697983805e+00
8.592085320019986483e+00
8.617058045960295232e+00
8.346748248152710659e+00
7.952263852025048152e+00
7.925686541222518144e+00
7.877330005995552220e+00
7.851432246107147961e+00
7.757552684305212942e+00
7.687721185063484342e+00
7.512198492806913208e+00
7.469902836499073828e+00
7.703816940828261295e+00
7.612552644031950422e+00
7.299993940036452855e+00
7.525440577620716276e+00
7.678052988612868113e+00
7.181614989610648259e+00
6.899442833424305199e+00
6.799145980367427455e+00
6.714190585344647744e+00
6.400493463516065518e+00
6.345113525907790653e+00
6.119016685973805103e+00
6.179404240594652542e+00
6.128697019441788463e+00
6.063056632802669377e+00
6.294857557829582007e+00
6.110339928934390485e+00
5.719288826514191015e+00
5.650546044076735441e+00
5.455429095031723463e+00
5.360297143382639184e+00
5.383031212423713185e+00
5.676106536893971821e+00
5.529031412670105006e+00
5.212522497920257791e+00
5.255143264887117027e+00
5.333264410308675707e+00
5.155190988782530681e+00
4.923401491232329619e+00
4.995179754592226296e+00
4.790175964106390794e+00
4.872351680004689101e+00
4.822202456308818164e+00
4.702377346412291104e+00
4.631173814804342648e+00
4.744844535657900764e+00
4.661914130003740553e+00
4.534883302598612609e+00
4.474968269605139604e+00
4.451314276265822656e+00
4.422461009302877777e+00
4.498551474989676890e+00
4.300671490650011641e+00
4.246080967517055882e+00
4.540498978314284173e+00
4.242991966193696562e+00
4.142044571707675260e+00
3.926444966020383287e+00
4.158594334024908079e+00
4.099741697565138843e+00
3.987908468562529674e+00
3.932019136069129672e+00
3.741308621498325770e+00
3.826942207240361604e+00
4.037425178520791746e+00
3.904295447737214708e+00
4.051682497524955906e+00
3.912422087673251170e+00
3.812637615770503974e+00
3.646480155832995340e+00
3.429994860293890557e+00
3.486482001521971519e+00
3.287281386038181541e+00
3.330777719839813411e+00
3.350929770733936053e+00
3.330784060217159226e+00
3.291854187511685126e+00
3.297050297620042869e+00
3.116841487478574368e+00
3.150517872619630566e+00
3.255132587383901654e+00
3.142592922839626102e+00
2.933426312590427187e+00
3.073075729329586725e+00
3.280250871983996674e+00
3.192251887477777217e+00
2.896681278856914954e+00
2.964943472139913716e+00
3.346109042880589080e+00
3.575290272283967230e+00
3.270608328699760037e+00
3.000554226165414118e+00
2.915865387052268609e+00
2.951898875784985332e+00
2.960258315739562107e+00
2.787076033458931956e+00
2.693996496684179842e+00
2.628861103538545407e+00
2.472079124729610555e+00
2.618231245893480885e+00
3.148351826385288099e+00
2.842448112702431473e+00
2.673179385456792456e+00
2.489442095953159129e+00
2.490145730054457385e+00
2.446078320452888200e+00
2.363388710426957307e+00
2.323405388435617613e+00
2.344792407755725616e+00
2.504156914327499983e+00
2.269409548142072186e+00
2.260525222420482816e+00
2.227633443644005951e+00
2.126933018507228823e+00
2.260911604159085542e+00
2.424093347727663605e+00
2.580134256902195666e+00
2.358551440035486113e+00
2.186435593805227118e+00
2.205103957311110197e+00
2.143008516432630461e+00
2.021036007735884876e+00
2.132569527712534274e+00
1.975652214259733697e+00
1.938723252544448661e+00
2.072313086667147086e+00
1.921286417214147724e+00
1.903306715181533715e+00
1.844755415470941573e+00
1.827445165961395279e+00
1.718834085609318052e+00
1.854087190089204640e+00
1.902237652861541672e+00
1.990978643193621167e+00
2.211462205928820257e+00
2.058517595256105448e+00
1.847120857290269091e+00
1.888643705691166019e+00
1.888677442740726242e+00
1.708693040203710600e+00
1.714028615470234662e+00
1.641594294928321762e+00
1.604466205862306261e+00
1.555514757854224772e+00
1.633161058787274467e+00
1.589245307690832165e+00
1.449667099648245250e+00
1.420850188850722562e+00
1.520555926703917926e+00
1.541726575783397557e+00
1.399773708428588392e+00
1.362585027963755024e+00
1.248660065230058569e+00
1.257217171198678818e+00
1.267549164931728534e+00
1.353554071672646186e+00
1.327449850426460687e+00
1.338748961018845662e+00
1.292643513695396207e+00
1.301304410970044234e+00
1.191872898433788741e+00
1.144083436822695754e+00
1.271230560878396476e+00
1.153028426246036409e+00
1.217077137262832620e+00
1.606648194036816690e+00
1.667818939174555259e+00
1.512881752748413078e+00
1.437169906639997219e+00
1.222438187996777614e+00
1.332511164180058882e+00
1.443569714982070984e+00
1.260669666518187793e+00
1.161517030402795747e+00
1.769508553028837916e+00
1.774000858347112519e+00
1.496865604694498586e+00
1.426170499310854600e+00
1.343889765292872296e+00
1.158636856447472718e+00
1.489680164790583294e+00
1.630936429848085512e+00
1.484406819411576706e+00
1.267790107659660492e+00
1.306858666532425772e+00
1.344107502651977759e+00
1.400454925309843945e+00
1.190514623091757596e+00
1.029548756246427610e+00
8.761106073641579117e-01
9.228354176828615918e-01
1.122716052202911596e+00
1.092104499107148907e+00
1.059380856874922561e+00
8.537528242133178846e-01
8.923620632038988809e-01
1.046228099505686737e+00
9.916088712369689473e-01
1.079886197272470261e+00
1.038660243469821554e+00
1.039493384252083485e+00
1.032649446159625173e+00
8.895518181680138747e-01
9.225568041431557731e-01
8.739732092517387141e-01
1.119877944026281602e+00
1.182814038071214657e+00
1.138495024485854046e+00
9.646195650362575646e-01
7.679879254477012251e-01
7.343373848050194219e-01
7.151142787596956873e-01
7.538811012414059487e-01
8.141234023869070580e-01
8.279191646750306832e-01
7.825112033208759810e-01
7.517651976346997333e-01
7.309599053036164307e-01
6.703691760772008124e-01
7.130914283401910136e-01
6.797888554221270807e-01
6.590424568081465484e-01
7.976687298240356938e-01
9.473598275784249623e-01
8.374961445399583537e-01
7.955476605649096644e-01
8.599874730610674867e-01
8.534596893746878576e-01
7.118381651447126535e-01
9.176521925151703840e-01
1.107012695707186412e+00
9.292265383027070724e-01
7.247487806094247142e-01
6.401933419430620997e-01
6.449280705132846014e-01
6.445243135311374827e-01
1.039393325827473458e+00
1.042788846584856710e+00
9.618091521848494141e-01
9.248737753152945773e-01
9.351848488667535708e-01
1.070367246017501550e+00
1.467202110048126729e+00
1.054475262680198311e+00
7.775107308844277920e-01
7.713984663588790980e-01
8.566020588175932149e-01
9.829704347080711058e-01
1.088952916483940880e+00
1.398059747927683283e+00
1.375724747797181013e+00
2.089405861294188593e+00
2.171033959577670647e+00
1.735090530546235410e+00
1.963082851359640113e+00
2.636113917389702799e+00
2.513661463090017811e+00
2.140706436410954261e+00
2.936973255444586428e+00
1.462165542857155165e+00
1.044330697403409447e+00
1.033447365097884152e+00
1.040075455881717126e+00
1.158987787695083593e+00
8.760587995314071952e-01
8.619553306925945568e-01
8.520005014447149527e-01
1.596690808508746784e+00
1.290909689733137800e+00
1.018816337990338328e+00
9.237692904501085822e-01
1.381393962142030585e+00
1.424577971654724884e+00
1.287887594166712502e+00
9.428650139702067223e-01
9.195490629716300823e-01
1.143075353369774394e+00
1.178498333195595826e+00
7.705803309428082004e-01
8.267495202328700721e-01
7.431247914890636297e-01
7.322691963754928146e-01
1.330231664458465302e+00
1.049106762634061107e+00
1.204974243332033179e+00
8.765437214397016064e-01
6.481646054827682191e-01
7.599211653891090323e-01
6.743900245944770555e-01
8.313542051374294140e-01
7.556459448435514092e-01
7.255445708446647268e-01
5.775463781217314851e-01
6.115583847160166453e-01
5.825478042585492400e-01
5.490161657387602201e-01
5.393278324407652091e-01
5.418318317528972861e-01
5.136854824777802309e-01
4.624517754199299335e-01
4.919499316340991690e-01
5.055273829540840591e-01
5.741604735559443506e-01
6.104783244268420228e-01
7.213931874382091269e-01
6.434489148344408882e-01
4.953286546699526283e-01
4.362397218402315757e-01
5.007079118774246940e-01
5.714580929718645619e-01
5.837171367126642307e-01
5.637973316200340923e-01
7.551434171700095455e-01
5.116212950392238223e-01
4.701209172728495478e-01
5.219884580515199435e-01
5.541775299980475911e-01
4.529152255378647296e-01
4.189570298693922057e-01
4.242769977915371027e-01
4.000032809946306167e-01
3.763494446121379844e-01
4.019165066354412619e-01
4.411686458886769358e-01
5.399502981214502340e-01
5.596355842595583940e-01
7.686665528450369322e-01
5.391332658344322182e-01
5.230916354662032974e-01
6.476169781379159662e-01
6.549086392256679989e-01
5.791613086876523653e-01
5.455469147933523777e-01
6.314407421757044503e-01
5.651705633459881417e-01
6.123754199163466971e-01
4.937431544335637579e-01
4.483097472545399254e-01
6.206706554519222374e-01
1.311141722758368822e+00
1.751033940372272557e+00
1.527306739159772331e+00
8.692769896499571436e-01
1.004259309011869217e+00
1.246130124245855120e+00
8.387149074938102800e-01
5.999553746110275476e-01
5.113429482448806906e-01
5.490453552325407216e-01
5.594402820517552222e-01
5.971884943851158978e-01
5.380701716421675274e-01
5.982925702539914070e-01
6.687654277475768572e-01
6.629289815312584544e-01
7.536243506192497055e-01
7.402373857964719139e-01
6.794711857831505775e-01
6.605397134440639251e-01
7.724762959085452740e-01
7.778389506075698012e-01
8.870844822097495586e-01
1.118170782749858816e+00
1.059860992203469410e+00
1.345614764395874685e+00
9.652640874428221052e-01
7.725020895425906975e-01
5.884777143715466119e-01
6.653973955939516127e-01
7.399397724284350053e-01
8.673977116267123089e-01
1.123997826272427059e+00
2.385582321480165024e+00
1.402999311529371873e+01
1.553670810479680853e+01
1.030830866357327480e+01
6.459318803329373360e+00
3.432206017296276723e+00
1.900797906319813046e+00
9.597137017217752808e-01
6.883276766311370309e-01
5.802699992475391921e-01
4.935222796802128942e-01
5.064345393905443915e-01
3.879616405278964453e-01
3.401064597808145518e-01
3.326136359012313304e-01
3.333604692460584440e-01
3.070790918002544445e-01
3.051748744655374823e-01
3.037215172527403251e-01
3.034391380150807671e-01
3.015610205704385427e-01
2.829495020456349597e-01
2.994847790325412262e-01
3.279118246252841207e-01
3.102050276623634639e-01
3.319090277142745515e-01
3.057345855853240146e-01
2.774614649115432208e-01
2.677809855070663603e-01
2.926436382724989516e-01
3.050903518496156930e-01
2.938238204156712885e-01
3.085310563210423296e-01
3.114269397134772355e-01
3.029445780145437750e-01
3.755208744175866364e-01
4.585086343875977577e-01
4.414819420108846981e-01
3.485277428597677307e-01
3.545488394469195059e-01
3.338326894329222694e-01
2.980916511220827458e-01
3.065969932280994126e-01
4.791134668128854690e-01
4.775902284919806839e-01
3.964538583196006161e-01
3.215836580044460491e-01
4.174039520182647456e-01
3.717320313083808947e-01
4.036174398858167756e-01
3.824579237399506337e-01
3.315828315706972340e-01
3.446906421102065021e-01
3.226851640898418805e-01
2.644202627318644749e-01
2.567749790556703160e-01
2.652925813927005660e-01
2.568954035608001507e-01
3.126957737753058852e-01
3.325566985724936475e-01
3.664311659005321520e-01
5.915462109172305860e-01
5.194025692803889704e-01
1.847079046828228543e+00
2.297536403719719011e+00
1.728324864566801677e+00
1.474249178794790671e+00
8.572994604997690171e-01
8.182790096583264505e-01
5.771116404095281149e-01
4.000045233438456194e-01
3.520295581848629229e-01
3.616815688878594615e-01
2.723889154124229384e-01
3.290087274900815872e-01
3.513520795613436776e-01
3.893132670007594109e-01
3.586071408640736369e-01
3.189125554449890876e-01
3.311519980403692109e-01
5.860548761074044766e-01
6.400361008521997519e-01
5.779636341562452984e-01
5.218833065339333332e-01
8.209812138623223676e-01
6.646236684215856005e-01
6.569012584799067689e-01
1.465480546380685478e+00
1.405498527958749522e+00
9.596904400524440826e-01
6.141259378991993367e-01
4.454168575558746790e-01
4.351085296749204745e-01
3.932767958768648708e-01
3.930638742279950471e-01
4.571773614555275644e-01
4.437626557609810618e-01
3.549104301339108258e-01
3.384183097843110333e-01
3.480153163011810435e-01
3.416630422698462288e-01
3.669674144296062868e-01
3.739333540040548076e-01
7.596699441813876685e-01
1.109088003448460036e+00
1.417798786841468983e+00
1.880273048666187163e+00
2.651259555871058549e+00
2.456852435072503393e+00
1.646163277254695245e+00
9.650288424702445633e-01
9.357097990240142993e-01
5.642187750847920125e-01
4.406088205062854701e-01
3.098061248884722563e-01
4.291287256898420610e-01
5.243826788572296671e-01
4.542918085611923340e-01
3.977656507625602078e-01
3.825870389720788523e-01
4.552965257947475530e-01
4.422810279130808819e-01
4.061175782924908439e-01
3.616981452952831022e-01
3.606249976081856712e-01
3.304265149689672443e-01
3.604350669154486320e-01
3.423026095052846829e-01
4.636038454943854359e-01
6.310024612871343308e-01
9.462701272245648276e-01
6.533739051421294519e-01
4.824493426893228798e-01
4.010968148384281284e-01
3.660147121318601537e-01
4.010490599573692250e-01
3.314620617043205764e-01
3.415049924571427753e-01
6.389469099029845278e-01
9.472055575256598248e-01
8.091807227599124852e-01
6.829201753064364500e-01
4.843150263477327133e-01
3.912447077936167528e-01
3.650788187271813978e-01
3.914885389834267260e-01
3.853364415786427188e-01
4.178215245278927847e-01
6.986669964222632645e-01
4.911105202004605874e-01
8.618867058389825253e-01
7.593157392798025596e-01
5.117666903228672570e-01
5.437792675932223707e-01
3.803610642799813424e-01
3.014374534848528464e-01
2.673838439434415570e-01
2.727337545707609334e-01
2.849157804205916800e-01
3.394178416129969289e-01
3.886618793385780424e-01
1.046704306508402960e+00
2.095651233075858322e+00
2.111479908370992753e+00
2.397750898069888947e+00
2.826896956804574312e+00
2.828128168050666247e+00
1.868975704752347644e+00
2.040123305125599806e+00
2.338640147706418482e+00
1.696568582939003367e+00
1.607630915403257976e+00
9.822997561704296388e-01
7.362895634039244852e-01
4.800211352700217149e-01
3.877362188455377723e-01
3.431881210106459967e-01
2.844246666285629166e-01
2.870935827778765548e-01
3.230862860999956787e-01
2.550586854290803895e-01
2.336431713794715759e-01
2.423869987624676647e-01
2.454781374799107907e-01
2.102731827008632870e-01
2.270861176014157823e-01
2.136947759259207602e-01
2.411346182694574791e-01
2.063181415068807700e-01
2.203570828997535036e-01
2.414544757444269107e-01
2.345961661173326107e-01
2.276574142978730897e-01
2.480879840315661500e-01
2.747202226790708690e-01
2.776120016798034329e-01
2.988947983016206900e-01
2.423070621435813865e-01
2.274909765168735831e-01
2.494654415242234524e-01
2.715749045608524814e-01
2.662168727303348970e-01
4.047248135446804285e-01
4.891627668114138516e-01
7.682933146087559395e-01
8.951770786494267496e-01
6.607126256986446400e-01
6.214865070372964651e-01
6.908825792926625020e-01
7.125667190220151825e-01
5.832151606110145270e-01
4.970375026962128850e-01
4.756377112184861922e-01
4.626354587213430958e-01
4.125643181037101370e-01
4.623489334746773705e-01
3.869997432796838388e-01
6.460012283372497111e-01
4.653216764648259729e-01
6.642309282935845438e-01
6.233579243275053638e-01
4.267956377798777234e-01
3.918043117184174529e-01
4.686780182984592869e-01
8.326938680228930245e-01
4.373611917402627225e-01
3.192286692140522963e-01
4.063771373801189912e-01
3.646883228505979901e-01
3.390971409932289626e-01
2.993215789146574934e-01
4.334843608038942420e-01
3.871873207402242167e-01
3.092913025781798275e-01
2.543570895038702595e-01
2.947899404323998662e-01
4.247755827085363256e-01
4.218885045233919384e-01
4.052738162048578618e-01
3.137607746106610418e-01
3.045295323367326334e-01
2.885749209783403102e-01
3.467410913823762431e-01
3.892449351914049060e-01
5.286361046909631156e-01
4.680373616842610773e-01
5.330101762824667189e-01
7.110924394036021168e-01
6.174727806350899240e-01
4.948321073774326617e-01
5.528044703593374409e-01
6.292753214314060761e-01
9.229434793380945079e-01
1.971107448345081226e+00
5.608964144542749608e+00
4.044738606177713081e+00
3.543457515077727216e+00
2.777923202400398139e+00
3.033240935876303279e+00
4.351545428113509750e+00
3.621982760011503988e+00
3.892884105782447257e+00
3.560632192312961575e+00
1.959017433043187761e+00
1.289885699699190313e+00
9.683809735432268306e-01
7.344401850917193775e-01
4.913564365222961028e-01
3.389270885733554062e-01
3.485630540503140695e-01
3.324879012936179379e-01
2.589019115211101396e-01
2.890939532443008719e-01
2.518827665022784212e-01
2.718855162362290856e-01
3.139483887294228226e-01
2.680424336998161738e-01
2.863723732827359036e-01
2.995193357405192547e-01
2.860428752783704676e-01
3.013860123704806271e-01
3.930396907332823209e-01
2.841853194470099209e-01
2.332962399648813856e-01
2.231743527065390698e-01
2.939535681553487878e-01
5.296124095155808620e-01
5.047509669662219034e-01
4.734104882558934912e-01
3.882717161717461618e-01
4.015051410007440258e-01
2.594016009650118582e-01
2.258106356621424338e-01
2.343867780867812667e-01
2.284826220726894619e-01
2.835308107811206346e-01
3.462496758415493092e-01
3.753984783250260970e-01
2.836688942087748910e-01
3.042329673584951433e-01
4.347372998834304059e-01
4.413563462445284635e-01
3.652233904954552135e-01
3.732768154596703414e-01
4.906467851863467455e-01
5.318339484179600563e-01
4.896232289938717286e-01
5.401671947098727333e-01
4.199890365078081111e-01
3.808533300267843424e-01
3.182308526567769191e-01
2.505282490056052191e-01
3.862140570750067781e-01
3.537736306828587196e-01
2.824230182060560868e-01
2.632309143099171855e-01
2.721718322296707848e-01
4.544824726525631964e-01
5.377842777571384403e-01
4.203831193510687014e-01
9.295786209735262817e-01
5.601341875209332466e-01
4.274911222616558648e-01
3.823744723243761579e-01
2.536376481355688828e-01
2.233643019073105751e-01
2.941830384802245346e-01
3.296061341274497680e-01
4.244410002786079827e-01
5.009979226694043497e-01
4.475078152208085691e-01
3.588759250122136035e-01
3.941375550292986474e-01
4.797621403663548389e-01
4.035083086930071339e-01
2.738692487960838751e-01
2.387345568353725078e-01
2.429774863761123282e-01
2.894746812037410355e-01
2.806932002928395065e-01
4.359949271901956691e-01
6.183971785464010829e-01
5.022773121190866608e-01
5.436562412184636761e-01
1.067360707037301459e+00
2.787330171776986276e+00
2.665471007463795505e+00
1.872240083898073060e+00
1.508146186589718996e+00
1.068068385996964409e+00
1.013001645854792576e+00
9.873980478815085338e-01
1.104918419277681974e+00
1.160905168057611458e+00
1.212054395447189181e+00
2.423864976001477878e+00
4.226413578679958150e+00
3.701889891352739603e+00
4.359268873224549701e+00
3.744774241998732656e+00
2.405241602713561022e+00
2.524787576546589030e+00
1.879377312594909810e+00
1.734487005055173281e+00
1.240209903145492287e+00
1.335813138287764490e+00
1.142710581676195769e+00
5.664510692607965803e-01
5.269335212067599583e-01
7.572794382692847881e-01
4.692368754836159228e-01
2.532650124007167491e-01
1.899202600425241583e-01
1.839123289474105527e-01
2.519027923337842645e-01
2.128585836665833619e-01
1.906601157877735320e-01
1.814032558003237372e-01
1.834677100397612282e-01
1.511990887555825502e-01
1.471270864963929725e-01
1.379847187009491660e-01
1.558594339788331173e-01
1.600380900111459670e-01
1.569857120961102304e-01
1.426654702973519373e-01
1.478341601125533200e-01
1.562157601370457449e-01
1.858322082326443470e-01
1.864403736228981978e-01
2.190647184482333587e-01
1.807353824538127651e-01
1.740155518068193519e-01
1.537740803570548098e-01
1.323026278711436077e-01
1.387742626370380983e-01
1.332776377274280111e-01
1.313769925951748241e-01
1.593055220312961096e-01
1.581809539437223078e-01
1.424374133229608930e-01
1.518099338029704759e-01
1.485922335120738458e-01
1.535380414575638619e-01
1.448476715670256598e-01
1.374897347350604315e-01
1.550174386679220584e-01
1.663835787360377627e-01
1.642646015202736398e-01
1.798660969116212260e-01
1.944688704477729180e-01
2.693148647811307583e-01
4.103842888832843760e-01
6.320775019786730731e-01
5.321088020320803302e-01
3.842820210833907679e-01
3.166309411063258916e-01
2.472480359805194761e-01
2.308904235487656831e-01
3.065038087760946217e-01
2.494105452539504830e-01
3.102739190581751405e-01
3.260086068919625935e-01
5.339602205124458489e-01
6.264925029968096970e-01
5.006913418810593486e-01
6.904043970731567059e-01
5.304351363423709387e-01
6.530256892912973399e-01
8.470134728439162597e-01
6.610530390280348056e-01
6.995068462523086339e-01
5.436476411671974374e-01
4.669685738933895269e-01
4.245788993799267663e-01
3.387173677093563429e-01
3.881923155937571646e-01
5.694701639925799919e-01
5.519273876686187075e-01
3.579025263105038435e-01
3.171218573389750772e-01
2.951848593399685750e-01
2.945071010757652763e-01
2.073174294749613733e-01
2.005908730213896152e-01
1.971974308504834961e-01
2.100362800937925489e-01
2.134794563503370213e-01
3.021236084665556154e-01
2.969561163055174369e-01
3.248178046743228631e-01
3.528967952373420758e-01
3.018353808375870972e-01
3.297480018739805119e-01
3.709935636770561596e-01
3.272834747100095143e-01
2.604354651867217263e-01
2.746496498214647808e-01
3.037294958476604023e-01
4.256745246779313208e-01
4.854107776965660426e-01
6.072916678679520786e-01
1.019326255672367010e+00
6.710416602569001521e-01
7.478752341219311317e-01
7.811932460611906714e-01
7.340581469248350643e-01
8.013299060820243680e-01
1.237743073149632389e+00
2.048184751080253108e+00
2.166424757540938106e+00
2.077253672353740033e+00
1.227728694282181232e+00
9.030808909032284060e-01
8.085609173884314993e-01
8.949037222838712724e-01
1.192346519270238714e+00
1.184696829388074857e+00
1.188813132492038793e+00
1.673247626536088051e+00
2.183283467871599548e+00
1.498937702655386728e+00
1.252575509905136109e+00
1.649383078045327800e+00
2.278533663939667608e+00
2.847583011024218180e+00
3.299379876657636768e+00
2.340526078639275198e+00
1.128826990632954441e+00
8.523239213376574419e-01
6.146132151876346761e-01
4.461021650730381816e-01
2.514495696655262846e-01
2.589251457931152078e-01
2.119689746488418458e-01
1.766062840908901033e-01
1.640025499471861048e-01
1.523087383781207560e-01
1.771135341261704799e-01
2.166981438102400792e-01
1.999370518613509395e-01
1.941280771488396450e-01
2.191889158432981655e-01
1.968072839952446640e-01
1.388333592410986028e-01
1.360337332798852439e-01
1.216909656552744023e-01
1.528139661474527122e-01
1.868308796711396491e-01
1.387738754296874710e-01
1.514530295559286532e-01
1.983914993315305519e-01
1.363974982465202823e-01
1.307493685428085806e-01
1.218809975918345306e-01
1.349160630897102420e-01
1.315814159994155852e-01
1.471706617422470775e-01
1.346174251066849237e-01
1.107867996349523182e-01
1.214211221754627340e-01
1.130086427261938892e-01
1.128220700491918832e-01
1.193387113823437540e-01
1.524969323881882610e-01
4.361587303847144215e-01
4.768294961100562057e-01
4.267677236220716042e-01
6.334250393175079319e-01
8.679429781432022040e-01
1.984405094772343059e+00
1.239942029529893963e+00
7.498815621646039986e-01
4.762734071560887350e-01
3.822302886191658033e-01
3.448548807942755645e-01
4.816392197246436302e-01
4.517327010669366372e-01
2.982555036251603453e-01
3.415898677627846047e-01
3.193928252958819769e-01
2.199400056768795186e-01
2.024175283576381545e-01
2.419810874675241141e-01
2.478041226605874614e-01
2.101320750573446305e-01
1.817170906794079999e-01
2.308420286384926801e-01
1.600981369584368597e-01
1.658917237738711525e-01
1.532586923634285669e-01
2.450667567947565906e-01
2.640405661856369823e-01
1.767658580001803259e-01
1.209964819998251978e-01
1.144525118592247259e-01
1.423257531396351638e-01
1.674283170026807654e-01
1.593882013822268962e-01
2.083037096467531823e-01
1.685029498680470084e-01
1.970430655725869395e-01
3.645636010610086020e-01
1.136245893860991840e+00
1.278812570138448068e+00
1.453799577860250825e+00
1.448671037457075705e+00
2.146604899341288508e+00
1.319755159624026453e+00
9.268633290426905313e-01
5.039820192334085736e-01
4.715389489140269785e-01
4.396074561487368082e-01
2.691476887314495081e-01
2.396997446738179938e-01
2.131596575723903875e-01
1.750566300667847908e-01
1.522754040472483472e-01
1.347926768705774159e-01
1.367637027652853499e-01
1.422617950075228677e-01
1.856193066396519820e-01
1.745386889223791427e-01
2.090278827727991284e-01
3.803790067976705602e-01
8.416743684176595242e-01
1.102147629979254972e+00
1.303467277311337380e+00
9.751747380561323064e-01
7.786129750220119883e-01
5.335343932475433704e-01
3.993356221141386442e-01
3.099231934292613899e-01
2.996727509434086167e-01
2.257885408942091887e-01
2.326644442552477376e-01
4.287633804594538356e-01
2.842986396190550491e-01
2.844804685382914533e-01
3.487873916866261470e-01
2.727628803737783825e-01
2.892690066072920452e-01
4.941581588842708372e-01
7.858388175573648438e-01
8.338083779781791938e-01
6.638768626399208506e-01
5.764707070546450929e-01
5.991822057622586684e-01
5.197267905044059555e-01
4.812556680582884550e-01
6.323359616208137357e-01
4.823173547104586678e-01
3.549172079497331933e-01
3.267610376475633682e-01
4.031504230399196032e-01
3.651294052831706161e-01
3.569812164417826006e-01
3.464653903782577982e-01
3.489797562206899961e-01
2.886592214568678427e-01
2.250158460382189751e-01
2.343164333071464656e-01
2.622066585157200591e-01
2.736363772168954323e-01
5.728370449864627068e-01
8.051893291048348722e-01
7.588525677301635186e-01
9.445142549972015411e-01
8.672218088414545001e-01
6.775642597295394864e-01
7.332565686778563796e-01
7.695943215736670284e-01
9.195581090542723768e-01
9.241044128763757914e-01
9.224206968262471662e-01
6.576229762849092886e-01
4.936026536553217992e-01
4.233196863492622031e-01
3.398563739565581554e-01
2.189054838011265380e-01
2.126793006626576665e-01
1.990268508540488923e-01
1.909677723792023718e-01
2.161554006135482098e-01
2.132821075740029548e-01
1.971322608633929441e-01
1.477460629590882091e-01
2.116745303892554331e-01
1.946806825117999018e-01
2.151742738559164758e-01
2.517320284950368414e-01
2.984209617177976392e-01
4.311216906704182783e-01
5.010717738217611572e-01
5.323733283486925538e-01
4.130241849159320133e-01
5.259477950441474592e-01
7.059364563462828812e-01
4.853195635985057543e-01
3.412399259941504837e-01
3.660616371967047034e-01
2.552882786796738523e-01
3.281623986066927734e-01
5.606960701634906563e-01
9.021794741235317217e-01
7.285195675274412919e-01
5.750681853412946687e-01
6.036789835647968783e-01
4.722554242419916282e-01
5.423454366373527957e-01
4.904313630901029897e-01
4.329689543799509766e-01
6.916886330954453710e-01
3.694359809661360572e-01
3.019125125458969050e-01
3.319038637006226367e-01
3.823098414602559281e-01
4.086232028383113835e-01
5.071616070348222705e-01
6.195023468786425846e-01
4.320554843008886925e-01
2.264532279005104343e+00
2.203395708146830501e+00
2.110454085844259975e+00
1.860835801921849164e+00
1.307952769674159521e+00
7.842493246194313095e-01
4.898646258618494231e-01
4.956495607990044072e-01
6.890887070669813319e-01
6.582577327920495769e-01
7.300197978730215143e-01
1.949269992657437722e+00
2.570234791888536652e+00
1.534440909227564598e+00
1.019846600524297209e+00
8.764727554720090907e-01
6.343949386336116270e-01
4.200949817166994560e-01
3.672527993722062845e-01
2.444581419241934894e-01
2.130587528491976190e-01
1.909848293527588448e-01
1.437419008857540315e-01
1.918607195856506242e-01
1.900675270319263088e-01
2.347410425109872911e-01
2.290857132309829791e-01
1.443981416488517855e-01
1.556034972927747839e-01
1.769950254054396543e-01
1.348854731398753393e-01
1.088229101274672816e-01
9.844946753252603600e-02
1.298186723226317230e-01
1.426287111106016858e-01
9.948341142102197499e-02
1.209505139038989097e-01
1.351845499130435724e-01
1.227728397207047267e-01
1.845841763692137594e-01
2.761470019299363532e-01
2.369074663180285867e-01
4.579529775186667040e-01
1.076347058509153687e+00
6.993104102150192736e-01
1.306835264173028310e+00
1.789287558664898192e+00
1.808922365149741251e+00
1.327955627674220151e+00
1.123238144133818617e+00
1.407161466211233947e+00
1.099611477389470737e+00
6.936917607471663194e-01
4.285688348034999429e-01
3.482396899778830157e-01
2.430507838067306192e-01
2.163323575601206195e-01
1.945972207189531067e-01
1.958301110703157821e-01
2.316101087976160378e-01
2.152563148849686581e-01
1.719642038797267736e-01
1.235884792111019287e-01
1.067755268743206393e-01
9.876115204426209881e-02
1.356998319038585643e-01
1.694745144796385994e-01
3.790821850995850784e-01
9.055461620860870697e-01
8.898579256260877868e-01
6.758125265824405092e-01
8.551320888198423731e-01
9.261593666189937846e-01
7.712662031091351844e-01
8.539308620211910617e-01
8.176068548101224076e-01
5.099140019680570290e-01
5.813884447167141367e-01
5.370458355846030596e-01
3.631941833357376637e-01
2.607341827006516843e-01
1.985822323239041787e-01
2.329767134482725321e-01
1.491610432950095932e-01
1.767858896486176612e-01
1.502483893507162160e-01
1.515623813508239492e-01
1.632223594975911185e-01
1.034935696329326443e-01
8.150086581666238228e-02
9.717677746784925130e-02
1.580612848735606646e-01
1.418009553088794839e-01
2.007749983550218553e-01
3.739609184265967889e-01
4.365053324203594931e-01
3.879880542389504416e-01
5.267009213163944548e-01
3.787080838523260717e-01
4.067175442050618983e-01
4.784222612669457586e-01
7.647307282890083435e-01
7.429517259514303307e-01
5.761539734117866463e-01
2.998920397164687168e-01
3.027617993888639392e-01
3.032072140595868381e-01
2.936523106942620642e-01
2.937140602661625355e-01
1.756648066152582677e-01
1.239898290612391901e-01
1.553162065772557276e-01
2.340655962236163623e-01
3.409232164933271303e-01
3.597981271592043395e-01
2.943633812572485353e-01
3.367091981491731056e-01
7.902962873229563145e-01
1.076583979080251607e+00
2.231809585646441274e+00
2.062681969473161736e+00
1.442094479839057364e+00
2.067182021153408211e+00
1.584416305949721604e+00
1.621293800100563676e+00
1.429238695278407301e+00
9.647465294982530137e-01
4.897548834464149348e-01
3.161942366168191132e-01
2.089913704258243576e-01
1.522303273485965114e-01
2.276216664990584337e-01
2.433597092198341305e-01
1.759982261974601669e-01
1.624488153901059162e-01
1.336053005537933824e-01
1.367010089453293831e-01
1.206350460136737385e-01
1.441249895474280562e-01
2.237689589636292775e-01
3.268840271449448553e-01
4.030423412992893417e-01
3.177381054296475882e-01
2.411508494712168993e-01
1.841707089602703518e-01
1.365322328085223358e-01
1.913454895586197968e-01
1.693624521433272079e-01
1.574908091384360498e-01
1.550922306089729530e-01
2.695014274848911429e-01
2.608850625831142245e-01
2.890018040139254452e-01
3.943097887283195657e-01
3.878984903873926027e-01
6.018909309943633046e-01
6.167296598205177505e-01
5.362538147174327197e-01
3.020841601620890549e-01
3.016935833665363442e-01
5.001805030145775044e-01
5.236868779526977491e-01
3.602755816063602512e-01
3.811114028666999221e-01
3.142629180304860603e-01
3.957810516430203540e-01
3.877232102349081888e-01
4.022172765088537494e-01
2.812134719735807087e-01
2.839543380256575045e-01
4.113357306764107157e-01
3.931254211746538219e-01
2.711664764473779021e-01
3.465024808173522985e-01
2.926635989901146262e-01
2.152534985217611774e-01
1.513261996243421004e-01
1.318663084040988254e-01
1.678331048884491861e-01
1.670970510506418205e-01
4.997487960966376375e-01
2.463567096733520756e-01
5.252390598478464678e-01
1.131631723672809731e+00
7.122189858364750270e-01
8.427183998164990975e-01
1.126860342502739920e+00
1.718607953417411904e+00
2.600092037306070747e+00
2.869098409939525585e+00
3.390890282399591893e+00
3.982473740104726989e+00
2.341671914035564850e+00
1.909817473226851137e+00
1.167679207589692902e+00
9.265032066390783694e-01
5.443328719938822502e-01
3.596880808886676051e-01
2.985372928987049534e-01
2.433217775608379485e-01
1.807125301888370117e-01
1.480280664968462723e-01
1.499100861852635802e-01
1.627031760794938053e-01
1.501380774650186156e-01
1.164212320201728212e-01
9.677759226206865406e-02
8.397139238175864440e-02
8.930159517525268487e-02
9.339174925002993732e-02
9.595523297724460610e-02
8.707267252399435165e-02
8.592983673638006359e-02
8.778994627422799513e-02
1.219689291589035607e-01
1.305632070878385287e-01
1.241535093452294791e-01
9.524610865064411791e-02
7.875557974996853783e-02
9.952382842072339530e-02
1.088832697222380103e-01
7.902130486986005953e-02
8.109614936212684866e-02
1.293213049929199943e-01
1.533647109028694611e-01
1.942567523072084024e-01
1.455109778526003650e-01
1.362668291348567706e-01
1.681314596152335139e-01
1.540375837182581253e-01
1.388217825836970676e-01
1.457899196580300372e-01
1.960187233408094420e-01
1.610279062692586971e-01
2.893775404115913608e-01
1.111606933040142131e+00
9.362796695415898096e-01
7.863205760566175373e-01
7.893698393480106379e-01
5.253493343157686901e-01
4.258328583328661598e-01
4.859853239536197078e-01
4.620417493707956180e-01
3.296378723214787865e-01
2.402002105261790144e-01
2.067843699476978325e-01
1.611139903010704311e-01
2.247577911919694804e-01
1.920131409731309913e-01
2.149038756774112047e-01
5.409351984256991486e-01
3.929806354282787129e-01
3.361856089299672390e-01
2.083205431363341631e-01
1.660770465542099894e-01
1.796272582779788740e-01
1.534118972351730392e-01
1.477747793913415375e-01
1.307885023204623798e-01
1.420984541482424035e-01
3.549002091040047713e-01
6.013143345238680659e-01
1.171881254799614247e+00
1.928658025221722028e+00
2.098735292220127224e+00
1.180012608828451492e+00
7.019323168070695784e-01
3.358643316220411568e-01
2.721063539709469015e-01
1.889405225731635440e-01
1.616874105897953551e-01
1.178250070659212223e-01
1.510583844249307195e-01
2.040956392203440162e-01
2.216908069186890595e-01
1.750145312866058234e-01
1.932954734532145724e-01
1.988664726766300461e-01
2.264885315753970008e-01
2.469633525002452035e-01
3.998918528102954340e-01
4.407251304372684086e-01
2.412985513458871245e-01
2.627766543728284332e-01
3.327677771564550024e-01
4.370820363940778330e-01
4.340866705431321027e-01
1.529302934103617950e+00
1.723859145903180456e+00
2.899925487387406520e+00
3.643429612461633216e+00
4.048095347795588772e+00
1.672542811914090599e+00
8.360127787463339510e-01
7.407488205128188730e-01
6.814805298070020223e-01
5.913834162475719580e-01
4.211298847940775358e-01
3.695003895060514076e-01
2.878779119503581119e-01
2.799247857960374675e-01
2.940759185353277738e-01
2.125795103750377502e-01
1.897057436191492974e-01
1.618840426886414274e-01
1.075579053432697829e-01
8.354135612242848119e-02
9.850863702869300242e-02
9.222217455006413711e-02
9.449448351858585893e-02
1.477689736598223336e-01
1.578540089711219507e-01
1.372075940689189422e-01
1.365530513388913125e-01
1.688381365390566324e-01
1.161309884298953321e-01
9.424444293173336873e-02
8.803992434576433934e-02
1.082473407317246783e-01
1.147068090024241233e-01
1.189168728009362547e-01
1.135564683528540314e-01
1.208073596800450511e-01
1.171369740091226658e-01
1.105470382680868585e-01
9.211004405768369319e-02
1.214527618370637718e-01
2.026567137343332492e-01
2.404709957701634815e-01
2.036257143084197196e-01
1.621288452544296932e-01
2.427585258401565860e-01
5.057395168930309826e-01
7.132638893276826986e-01
9.541005657863819156e-01
1.529157089784205281e+00
1.522337019732074692e+00
1.490658762872906884e+00
7.962782500265901398e-01
7.499980081812325228e-01
4.459843176890789795e-01
3.555470809889207384e-01
3.562375137708256312e-01
2.464518779598983134e-01
1.951019402755478915e-01
2.412529145079451431e-01
3.899471057192693824e-01
3.245778812968452276e-01
2.539686822798341570e-01
3.066768656880515809e-01
5.285747473644046845e-01
4.015438088940404548e-01
3.321640262830771184e-01
4.791481319768945424e-01
3.358364284507875386e-01
4.103697566357596416e-01
5.765765677062254513e-01
5.404745588565512682e-01
3.295167929398360451e-01
2.308926538586284771e-01
1.577536858960435218e-01
1.561364150174396059e-01
1.603764014100861612e-01
1.623884225915489254e-01
1.378417615799258644e-01
1.188460681458405471e-01
8.959190896376706403e-02
8.438432737009599061e-02
8.277604698353129009e-02
7.993320819162157143e-02
6.772755897830080862e-02
8.487253622096492534e-02
7.127734685015453542e-02
8.609761194405772533e-02
9.735460578480528704e-02
9.006262628730210551e-02
6.998744157679512301e-02
1.100453568108529928e-01
1.153623955797599132e-01
1.415816202874386198e-01
2.535556223094870276e-01
2.090165045929205379e-01
2.242983031730408083e-01
1.811925367113494667e-01
1.991474868343131033e-01
1.776585666483958548e-01
1.789605446265175870e-01
2.116073401896078898e-01
1.498099358910675027e-01
1.748671085414755799e-01
1.334283905842762741e-01
8.930878228066010949e-02
1.077829770010656357e-01
1.054601027812153702e-01
1.415221943747954070e-01
2.012894779793440447e-01
1.850239431966740900e-01
2.155973245267997773e-01
3.599935229247242519e-01
2.799760105161734902e-01
2.098291100712149360e-01
1.740553070501770216e-01
1.266915398893970757e-01
1.293104369329552139e-01
2.884948812355530023e-01
4.255828984237431389e-01
4.907251242650834122e-01
8.037931371922809598e-01
9.552529216155329905e-01
1.978486043140267103e+00
2.753829827234402394e+00
2.555648681534301581e+00
1.472715509367297892e+00
1.132840107163738175e+00
9.605713164217553057e-01
1.217243445813739333e+00
9.820170425346830267e-01
1.170800995976210679e+00
9.902160468640086588e-01
9.784720739904048115e-01
6.050688299655559987e-01
3.755951208875640823e-01
4.078319371848257435e-01
5.948341547498502413e-01
6.908252882527867733e-01
9.333275650573118476e-01
8.801607061410294808e-01
5.934484341647487948e-01
3.012334262705652077e-01
2.556065719499353572e-01
2.288871854864262534e-01
1.638253120960748432e-01
1.915808713241907990e-01
2.319568463677530168e-01
1.829836984844206427e-01
2.191375454959995084e-01
3.596093807447616197e-01
3.072357427262685792e-01
1.939253909091720740e-01
1.263962235468748807e-01
1.322208082702756859e-01
1.328126815059604837e-01
9.002648670211250981e-02
7.860541163848083768e-02
7.834890755936385620e-02
1.009571151176806708e-01
1.458469550685294880e-01
1.592447711392714349e-01
1.775013008943978343e-01
1.828413690723294238e-01
1.293287558830678863e-01
1.089220438500660693e-01
1.212394990691523372e-01
1.351995468999875050e-01
1.557357580772126826e-01
2.420687139026024004e-01
3.840749507031617771e-01
2.755241943539795679e-01
2.517812939501075098e-01
3.645851027560396140e-01
2.067310368075107041e-01
1.415528169174940509e-01
1.287264354928571441e-01
1.362864284815487603e-01
1.713672485586998639e-01
1.887742305137118382e-01
2.364383657409998285e-01
3.137047351016418739e-01
2.944000905131528567e-01
2.391043336508969497e-01
2.259764584255722353e-01
1.606257638485026062e-01
1.621487611141393670e-01
1.346319365629109199e-01
1.336730302336180398e-01
2.802790825905996375e-01
4.062666126539196676e-01
4.269568707410223984e-01
7.299417488952321120e-01
6.543621158012831174e-01
5.046815451190638235e-01
1.019294297971216068e+00
6.463260838371615025e-01
4.212332155258986521e-01
3.808939060312410141e-01
7.011930151136831491e-01
7.732609460491408626e-01
7.499063397203804548e-01
1.107037492786411725e+00
1.530064325095464195e+00
1.046960265950593438e+00
1.167346421524129152e+00
1.041611331245770433e+00
9.817320659589409138e-01
9.787007097815820789e-01
6.441661202338199166e-01
8.432382783041082464e-01
1.843028613016747919e+00
2.520512304323355490e+00
2.512752289180443022e+00
2.140180651747509266e+00
1.273638991446994329e+00
8.653464657668996640e-01
1.163892865173623115e+00
8.255778585742428177e-01
4.591755028353348145e-01
2.889249253641868465e-01
1.969940994236263065e-01
2.021910912751606060e-01
1.851427091736136399e-01
1.721394056628447466e-01
1.427116656587168741e-01
1.326742948023204027e-01
1.145544609253179719e-01
1.114983587908416618e-01
1.036039887342180277e-01
1.875828364150081140e-01
1.618111337653529991e-01
9.308351954604637823e-02
6.806201694478128394e-02
6.055724358522844575e-02
5.748928618175029592e-02
7.521610743131232346e-02
9.679309365820661093e-02
1.067684838893055155e-01
8.408205269713601993e-02
8.778577474843672623e-02
8.256755532897196159e-02
8.821109428626090765e-02
7.677786842847157678e-02
7.039118180768308419e-02
8.296564853981697185e-02
7.992331162489954566e-02
8.289930813588279601e-02
9.467615506885687648e-02
8.743534272961854537e-02
1.905856804084416767e-01
2.468388340443396223e-01
5.986562030595171668e-01
1.494086540994767676e+00
2.344261558069073104e+00
1.875678771003149947e+00
2.010712015251688634e+00
2.065933866481371783e+00
2.101907747753775091e+00
3.113952679247462552e+00
4.021151266282791070e+00
2.476860978909474209e+00
1.383837775166943285e+00
7.343161304694767466e-01
5.603652459980059675e-01
3.630994084240790620e-01
2.744570602442711893e-01
1.704063675020673074e-01
1.258480074250757363e-01
1.169021914968733505e-01
1.186544897692535516e-01
1.674597411939149072e-01
1.664099100249999130e-01
1.168156376406176977e-01
1.355522201957911899e-01
1.436408990501651384e-01
1.003607890047979317e-01
9.491733173166608251e-02
9.609944068332235134e-02
9.299342804117431693e-02
9.202398031398216494e-02
7.058500275416401681e-02
7.262298987840402897e-02
6.811960146237336367e-02
6.509885331428839905e-02
6.433543040613498576e-02
6.318467811992815875e-02
5.952338888256497595e-02
6.867144348599725501e-02
1.054848497198774965e-01
1.543902856412558700e-01
3.606444368486759200e-01
2.369496119540628887e-01
2.164591042838395762e-01
1.468866096429440882e-01
1.756573713011752302e-01
1.357075977684435719e-01
1.262541601668617786e-01
8.964123842175847345e-02
9.399283604076977272e-02
1.180943970907359503e-01
1.248120157861291324e-01
1.080059265581979622e-01
8.339716700372507008e-02
9.506717259709152046e-02
8.556862223374761545e-02
9.276928273664349078e-02
1.187352514174693091e-01
1.316094134893697754e-01
1.953165004842138397e-01
1.301417113147302629e-01
1.160234482090153618e-01
1.466507653684309409e-01
2.246007756026296986e-01
2.261476043913545897e-01
3.212188612390950992e-01
2.137576668391539536e-01
2.299743060924112903e-01
1.760306041749308270e-01
1.819925770564520262e-01
1.420142029291818209e-01
1.034576757809829023e-01
9.116332249000552723e-02
9.187906582529191402e-02
8.653258526433857400e-02
1.071357372985201201e-01
1.254407858487849581e-01
1.173856759938337463e-01
1.017446293898252446e-01
1.215028743169795089e-01
1.844192937500041263e-01
3.010064640620729870e-01
3.551127839953311938e-01
3.696390956768413893e-01
3.469960732052902452e-01
2.563986735619476764e-01
2.187919627836379666e-01
1.914151759474036762e-01
1.856638689420590793e-01
2.923265175090577483e-01
4.333682064600397066e-01
4.068706221159584246e-01
8.699714392035339250e-01
8.562682446669275249e-01
8.931103833077661536e-01
8.777293828615639892e-01
6.768999597097686838e-01
1.055109353760426583e+00
8.111580859100295804e-01
5.532119345737335214e-01
3.286668716698335491e-01
2.309745426767102483e-01
2.029282400746834358e-01
3.924389252130439099e-01
5.810812215048468676e-01
4.523289372584293755e-01
7.167391269128162712e-01
9.382757874513946161e-01
8.565502990975711883e-01
5.520359010381745701e-01
4.396947206911551720e-01
4.887371315716231290e-01
3.853693260067940218e-01
3.041092021783471933e-01
3.712219155539133730e-01
3.015992830615916720e-01
2.286060714637665747e-01
2.481568746319242902e-01
3.835770202548076657e-01
3.279190006466592422e-01
2.039514041123467736e-01
1.880515232472008968e-01
1.426385021670882047e-01
1.700928241787096062e-01
1.356340701945777383e-01
1.762130166972321610e-01
1.883235837425582537e-01
2.145815560465623162e-01
1.300021439251829447e-01
1.089781840303714194e-01
1.083225109367576128e-01
1.102576607087657340e-01
1.166722171217565301e-01
1.473341163003858423e-01
2.203636015407313409e-01
3.047269010063428651e-01
3.716638562348374974e-01
2.354289157216112038e-01
1.989404168872997980e-01
1.880921235093799826e-01
2.748291235402711696e-01
3.525375926741893817e-01
6.750584446474501288e-01
6.932241897265845054e-01
8.032499926897146425e-01
8.948683908036959567e-01
1.173762787165112176e+00
1.022092689807466925e+00
7.908923079925317401e-01
7.203080517021749341e-01
3.951007603596361495e-01
4.178558358943830209e-01
3.480997498334462148e-01
1.607679011380786227e-01
1.886651053190896432e-01
1.912107477754994567e-01
2.720101326104751860e-01
2.421036896502319347e-01
3.576570313863836059e-01
2.347711278139318902e-01
1.980233645949891486e-01
2.299725357875911091e-01
2.279201531569064743e-01
3.501832771137734501e-01
3.253861525307273350e-01
3.678754529369655524e-01
3.728228811516333119e-01
4.262629123681593302e-01
3.848403117554045627e-01
5.803691672891831965e-01
7.456129799054700413e-01
6.525797473371409696e-01
3.864144898234211367e-01
2.974387621687754057e-01
1.989399647480876721e-01
1.562786076185948836e-01
1.847651310666637015e-01
3.123703718919138561e-01
4.574273061059775936e-01
2.525677234395742321e-01
3.446829623791545227e-01
6.133570355314690303e-01
6.504798149426860299e-01
3.216895610824418994e-01
2.665477727933890373e-01
2.021788973543698076e-01
1.183877842637392763e-01
8.327741444990560682e-02
6.085764133305519852e-02
4.825763645515733502e-02
4.085446652733836642e-02
3.740690937569384616e-02
3.674411025118130142e-02
3.653460888971654663e-02
3.767798664019271493e-02
3.977098747554146108e-02
4.481690061008406639e-02
3.776023439594460018e-02
3.510745890344692949e-02
4.017438329347631371e-02
3.551497780059904852e-02
3.383344904489640065e-02
3.686501350155206580e-02
3.291997812193470790e-02
3.512930014606277518e-02
3.855841146356724786e-02
3.972037672555051718e-02
4.015641804773480150e-02
3.738352004947492063e-02
4.053351530513001066e-02
5.200740727408025010e-02
4.551059464456611026e-02
4.393282976938782391e-02
3.880192177832979261e-02
3.603361500579189969e-02
3.404805345847942283e-02
3.647761159633918643e-02
3.451987946263296997e-02
4.940117376076387512e-02
4.112695184761717276e-02
3.899990773282049211e-02
3.818862837285905837e-02
3.820646139194873447e-02
3.878773741242200201e-02
3.355842532899019903e-02
3.577702664875662131e-02
4.876273617490232276e-02
4.552583399696000926e-02
4.062110608143623680e-02
4.044086915543571026e-02
4.924447865833674748e-02
7.129434918142242561e-02
4.931698031575969948e-02
4.354119169820903218e-02
4.895964828087420034e-02
4.352777838599111021e-02
3.771681379739468681e-02
3.917486424858833416e-02
4.353553962662398691e-02
4.764929185496830782e-02
4.829334971810880089e-02
5.009439451558416606e-02
4.729082568519691471e-02
4.821199950942545859e-02
5.028864896983548105e-02
4.743022385847298766e-02
4.652057750233990624e-02
4.937381259009185341e-02
4.995244467094408364e-02
4.385349545328410398e-02
4.033832998149696619e-02
4.012133903797705792e-02
4.016344692274352590e-02
4.478516866732334956e-02
4.657745314557713151e-02
3.998143320159409930e-02
4.179025799716758888e-02
4.686599650088804636e-02
5.182451028074730459e-02
5.601215566701810838e-02
6.033161795609195271e-02
6.388083190450170867e-02
6.139119853994746967e-02
8.224543046112434141e-02
1.309826415358768814e-01
1.158453088754549803e-01
8.081530991538606046e-02
8.228766747909123380e-02
7.233192755120898543e-02
7.745895815988550204e-02
6.405558819750788169e-02
4.488790083754595761e-02
4.590540797728744071e-02
4.989701684341178722e-02
4.942970512087266344e-02
6.862694354878977332e-02
6.303377259280931733e-02
6.900312038832606687e-02
5.359818831935865557e-02
5.914417683539993642e-02
4.769116536441933563e-02
5.432354572401101173e-02
6.021233350888786223e-02
5.493206831084272018e-02
5.101804181213310391e-02
4.252917644630534871e-02
4.447780827216041982e-02
4.731200041547690277e-02
6.120640783635845905e-02
6.791009136458291129e-02
9.716315795736767125e-02
9.407800928973145127e-02
8.100391763215959717e-02
7.381636610908243190e-02
6.698173406785806749e-02
9.618254043507273865e-02
