0.000000000000000000e+00
1.096834051066365723e-01
2.193668102132731446e-01
3.290502153199097446e-01
4.387336204265462891e-01
5.484170255331828336e-01
6.581004306398194892e-01
7.677838357464560337e-01
8.774672408530925782e-01
9.871506459597291228e-01
1.096834051066365667e+00
1.206517456173002323e+00
1.316200861279638978e+00
1.425884266386275412e+00
1.535567671492912067e+00
1.645251076599548501e+00
1.754934481706185156e+00
1.864617886812821812e+00
1.974301291919458246e+00
2.083984697026094679e+00
2.193668102132731335e+00
2.303351507239367990e+00
2.413034912346004646e+00
2.522718317452641301e+00
2.632401722559277957e+00
2.742085127665914168e+00
2.851768532772550824e+00
2.961451937879187479e+00
3.071135342985824135e+00
3.180818748092460790e+00
3.290502153199097002e+00
3.400185558305733657e+00
3.509868963412370313e+00
3.619552368519006968e+00
3.729235773625643624e+00
3.838919178732279835e+00
3.948602583838916491e+00
4.058285988945553591e+00
4.167969394052189358e+00
4.277652799158826014e+00
4.387336204265462669e+00
4.497019609372099325e+00
4.606703014478735980e+00
4.716386419585372636e+00
4.826069824692009291e+00
4.935753229798645947e+00
5.045436634905282602e+00
5.155120040011919258e+00
5.264803445118555913e+00
5.374486850225191681e+00
5.484170255331828336e+00
5.593853660438464992e+00
5.703537065545101648e+00
5.813220470651738303e+00
5.922903875758374959e+00
6.032587280865011614e+00
6.142270685971648270e+00
6.251954091078284925e+00
6.361637496184921581e+00
6.471320901291557348e+00
6.581004306398194004e+00
6.690687711504830659e+00
6.800371116611467315e+00
6.910054521718103970e+00
7.019737926824740626e+00
7.129421331931377281e+00
7.239104737038013937e+00
7.348788142144650593e+00
7.458471547251287248e+00
7.568154952357923904e+00
7.677838357464559671e+00
7.787521762571196327e+00
7.897205167677832982e+00
8.006888572784470526e+00
8.116571977891107181e+00
8.226255382997742061e+00
8.335938788104378716e+00
8.445622193211015372e+00
8.555305598317652027e+00
8.664989003424288683e+00
8.774672408530925338e+00
8.884355813637561994e+00
8.994039218744198649e+00
9.103722623850835305e+00
9.213406028957471960e+00
9.323089434064108616e+00
9.432772839170745272e+00
9.542456244277381927e+00
9.652139649384018583e+00
9.761823054490655238e+00
9.871506459597291894e+00
9.981189864703928549e+00
1.009087326981056520e+01
1.020055667491720186e+01
1.031024008002383852e+01
1.041992348513047517e+01
1.052960689023711183e+01
1.063929029534374671e+01
1.074897370045038336e+01
1.085865710555702002e+01
1.096834051066365667e+01
1.107802391577029333e+01
1.118770732087692998e+01
1.129739072598356664e+01
1.140707413109020330e+01
1.151675753619683995e+01
1.162644094130347661e+01
1.173612434641011326e+01
1.184580775151674992e+01
1.195549115662338657e+01
1.206517456173002323e+01
1.217485796683665988e+01
1.228454137194329654e+01
1.239422477704993319e+01
1.250390818215656985e+01
1.261359158726320651e+01
1.272327499236984316e+01
1.283295839747647982e+01
1.294264180258311470e+01
1.305232520768975135e+01
1.316200861279638801e+01
1.327169201790302466e+01
1.338137542300966132e+01
1.349105882811629797e+01
1.360074223322293463e+01
1.371042563832957129e+01
1.382010904343620794e+01
1.392979244854284460e+01
1.403947585364948125e+01
1.414915925875611791e+01
1.425884266386275456e+01
1.436852606896939122e+01
1.447820947407602787e+01
1.458789287918266453e+01
1.469757628428930119e+01
1.480725968939593784e+01
1.491694309450257450e+01
1.502662649960921115e+01
1.513630990471584781e+01
1.524599330982248269e+01
1.535567671492911934e+01
1.546536012003575600e+01
1.557504352514239265e+01
1.568472693024902931e+01
1.579441033535566596e+01
1.590409374046230262e+01
1.601377714556894105e+01
1.612346055067557771e+01
1.623314395578221436e+01
1.634282736088885102e+01
1.645251076599548412e+01
1.656219417110212078e+01
1.667187757620875743e+01
1.678156098131539409e+01
1.689124438642203074e+01
1.700092779152866740e+01
1.711061119663530405e+01
1.722029460174194071e+01
1.732997800684857737e+01
1.743966141195521402e+01
1.754934481706185068e+01
1.765902822216848733e+01
1.776871162727512399e+01
1.787839503238176064e+01
1.798807843748839730e+01
1.809776184259503395e+01
1.820744524770167061e+01
1.831712865280830727e+01
1.842681205791494392e+01
1.853649546302158058e+01
1.864617886812821723e+01
1.875586227323485389e+01
1.886554567834149054e+01
1.897522908344812720e+01
1.908491248855476385e+01
1.919459589366140051e+01
1.930427929876803717e+01
1.941396270387467382e+01
1.952364610898131048e+01
1.963332951408794713e+01
1.974301291919458379e+01
1.985269632430122044e+01
1.996237972940785710e+01
2.007206313451449375e+01
2.018174653962113041e+01
2.029142994472776707e+01
2.040111334983440372e+01
2.051079675494104038e+01
2.062048016004767703e+01
2.073016356515431369e+01
2.083984697026095034e+01
2.094953037536758700e+01
2.105921378047422365e+01
2.116889718558085676e+01
2.127858059068749341e+01
2.138826399579413007e+01
2.149794740090076672e+01
2.160763080600740338e+01
2.171731421111404003e+01
2.182699761622067669e+01
2.193668102132731335e+01
2.204636442643395000e+01
2.215604783154058666e+01
2.226573123664722331e+01
2.237541464175385997e+01
2.248509804686049662e+01
2.259478145196713328e+01
2.270446485707376993e+01
2.281414826218040659e+01
2.292383166728704325e+01
2.303351507239367990e+01
2.314319847750031656e+01
2.325288188260695321e+01
2.336256528771358987e+01
2.347224869282022652e+01
2.358193209792686318e+01
2.369161550303349983e+01
2.380129890814013649e+01
2.391098231324677315e+01
2.402066571835340980e+01
2.413034912346004646e+01
2.424003252856668311e+01
2.434971593367331977e+01
2.445939933877995642e+01
2.456908274388659308e+01
2.467876614899322973e+01
2.478844955409986639e+01
2.489813295920650305e+01
2.500781636431313970e+01
2.511749976941977636e+01
2.522718317452641301e+01
2.533686657963304967e+01
2.544654998473968632e+01
2.555623338984632298e+01
2.566591679495295963e+01
2.577560020005959274e+01
2.588528360516622939e+01
2.599496701027286605e+01
2.610465041537950270e+01
2.621433382048613936e+01
2.632401722559277601e+01
2.643370063069941267e+01
2.654338403580604933e+01
2.665306744091268598e+01
2.676275084601932264e+01
2.687243425112595929e+01
2.698211765623259595e+01
2.709180106133923260e+01
2.720148446644586926e+01
2.731116787155250591e+01
2.742085127665914257e+01
2.753053468176577923e+01
2.764021808687241588e+01
2.774990149197905254e+01
2.785958489708568919e+01
2.796926830219232585e+01
2.807895170729896250e+01
2.818863511240559916e+01
2.829831851751223581e+01
2.840800192261887247e+01
2.851768532772550913e+01
2.862736873283214578e+01
2.873705213793878244e+01
2.884673554304541909e+01
2.895641894815205575e+01
2.906610235325869240e+01
2.917578575836532906e+01
2.928546916347196571e+01
2.939515256857860237e+01
2.950483597368523903e+01
2.961451937879187568e+01
2.972420278389851234e+01
2.983388618900514899e+01
2.994356959411178565e+01
3.005325299921842230e+01
3.016293640432505896e+01
3.027261980943169561e+01
3.038230321453833227e+01
3.049198661964496537e+01
3.060167002475160203e+01
3.071135342985823868e+01
3.082103683496487534e+01
3.093072024007151199e+01
3.104040364517814865e+01
3.115008705028478531e+01
3.125977045539142196e+01
3.136945386049805862e+01
3.147913726560469527e+01
3.158882067071133193e+01
3.169850407581796858e+01
3.180818748092460524e+01
3.191787088603124189e+01
3.202755429113788210e+01
3.213723769624451876e+01
3.224692110135115541e+01
3.235660450645779207e+01
3.246628791156442873e+01
3.257597131667106538e+01
3.268565472177770204e+01
3.279533812688433159e+01
3.290502153199096824e+01
3.301470493709760490e+01
3.312438834220424155e+01
3.323407174731087821e+01
3.334375515241751486e+01
3.345343855752415152e+01
3.356312196263078818e+01
3.367280536773742483e+01
3.378248877284406149e+01
3.389217217795069814e+01
3.400185558305733480e+01
3.411153898816397145e+01
3.422122239327060811e+01
3.433090579837724476e+01
3.444058920348388142e+01
3.455027260859051808e+01
3.465995601369715473e+01
3.476963941880379139e+01
3.487932282391042804e+01
3.498900622901706470e+01
3.509868963412370135e+01
3.520837303923033801e+01
3.531805644433697466e+01
3.542773984944361132e+01
3.553742325455024798e+01
3.564710665965688463e+01
3.575679006476352129e+01
3.586647346987015794e+01
3.597615687497679460e+01
3.608584028008343125e+01
3.619552368519006791e+01
3.630520709029670456e+01
3.641489049540334122e+01
3.652457390050997788e+01
3.663425730561661453e+01
3.674394071072325119e+01
3.685362411582988784e+01
3.696330752093652450e+01
3.707299092604316115e+01
3.718267433114979781e+01
3.729235773625643446e+01
3.740204114136307112e+01
3.751172454646970778e+01
3.762140795157634443e+01
3.773109135668298109e+01
3.784077476178961774e+01
3.795045816689625440e+01
3.806014157200289105e+01
3.816982497710952771e+01
3.827950838221616436e+01
3.838919178732280102e+01
3.849887519242943767e+01
3.860855859753607433e+01
3.871824200264271099e+01
3.882792540774934764e+01
3.893760881285598430e+01
3.904729221796262095e+01
3.915697562306925761e+01
3.926665902817589426e+01
3.937634243328253092e+01
3.948602583838916757e+01
3.959570924349580423e+01
3.970539264860244089e+01
3.981507605370907754e+01
3.992475945881571420e+01
4.003444286392235085e+01
4.014412626902898751e+01
4.025380967413562416e+01
4.036349307924226082e+01
4.047317648434889747e+01
4.058285988945553413e+01
4.069254329456217079e+01
4.080222669966880744e+01
4.091191010477544410e+01
4.102159350988208075e+01
4.113127691498871741e+01
4.124096032009535406e+01
4.135064372520199072e+01
4.146032713030862737e+01
4.157001053541526403e+01
4.167969394052190069e+01
4.178937734562853734e+01
4.189906075073517400e+01
4.200874415584181065e+01
4.211842756094844731e+01
4.222811096605507686e+01
4.233779437116171351e+01
4.244747777626835017e+01
4.255716118137498682e+01
4.266684458648162348e+01
4.277652799158826014e+01
4.288621139669489679e+01
4.299589480180153345e+01
4.310557820690817010e+01
4.321526161201480676e+01
4.332494501712144341e+01
4.343462842222808007e+01
4.354431182733471672e+01
4.365399523244135338e+01
4.376367863754799004e+01
4.387336204265462669e+01
4.398304544776126335e+01
4.409272885286790000e+01
4.420241225797453666e+01
4.431209566308117331e+01
4.442177906818780997e+01
4.453146247329444662e+01
4.464114587840108328e+01
4.475082928350771994e+01
4.486051268861435659e+01
4.497019609372099325e+01
4.507987949882762990e+01
4.518956290393426656e+01
4.529924630904090321e+01
4.540892971414753987e+01
4.551861311925417652e+01
4.562829652436081318e+01
4.573797992946744984e+01
4.584766333457408649e+01
4.595734673968072315e+01
4.606703014478735980e+01
4.617671354989399646e+01
4.628639695500063311e+01
4.639608036010726977e+01
4.650576376521390642e+01
4.661544717032054308e+01
4.672513057542717974e+01
4.683481398053381639e+01
4.694449738564045305e+01
4.705418079074708970e+01
4.716386419585372636e+01
4.727354760096036301e+01
4.738323100606699967e+01
4.749291441117363632e+01
4.760259781628027298e+01
4.771228122138690964e+01
4.782196462649354629e+01
4.793164803160018295e+01
4.804133143670681960e+01
4.815101484181345626e+01
4.826069824692009291e+01
4.837038165202672957e+01
4.848006505713336622e+01
4.858974846224000288e+01
4.869943186734663954e+01
4.880911527245327619e+01
4.891879867755991285e+01
4.902848208266654950e+01
4.913816548777318616e+01
4.924784889287982281e+01
4.935753229798645947e+01
4.946721570309309612e+01
4.957689910819973278e+01
4.968658251330636944e+01
4.979626591841300609e+01
4.990594932351964275e+01
5.001563272862627940e+01
5.012531613373291606e+01
5.023499953883955271e+01
5.034468294394618937e+01
5.045436634905282602e+01
5.056404975415946268e+01
5.067373315926609934e+01
5.078341656437273599e+01
5.089309996947937265e+01
5.100278337458600930e+01
5.111246677969264596e+01
5.122215018479928261e+01
5.133183358990591927e+01
5.144151699501255592e+01
5.155120040011918547e+01
5.166088380522582213e+01
5.177056721033245879e+01
5.188025061543909544e+01
5.198993402054573210e+01
5.209961742565236875e+01
5.220930083075900541e+01
5.231898423586564206e+01
5.242866764097227872e+01
5.253835104607891537e+01
5.264803445118555203e+01
5.275771785629218869e+01
5.286740126139882534e+01
5.297708466650546200e+01
5.308676807161209865e+01
5.319645147671873531e+01
5.330613488182537196e+01
5.341581828693200862e+01
5.352550169203864527e+01
5.363518509714528193e+01
5.374486850225191858e+01
5.385455190735855524e+01
5.396423531246519190e+01
5.407391871757182855e+01
5.418360212267846521e+01
5.429328552778510186e+01
5.440296893289173852e+01
5.451265233799837517e+01
5.462233574310501183e+01
5.473201914821164848e+01
5.484170255331828514e+01
5.495138595842492180e+01
5.506106936353155845e+01
5.517075276863819511e+01
5.528043617374483176e+01
5.539011957885146842e+01
5.549980298395810507e+01
5.560948638906474173e+01
5.571916979417137838e+01
5.582885319927801504e+01
5.593853660438465170e+01
5.604822000949128835e+01
5.615790341459792501e+01
5.626758681970456166e+01
5.637727022481119832e+01
5.648695362991783497e+01
5.659663703502447163e+01
5.670632044013110828e+01
5.681600384523774494e+01
5.692568725034438160e+01
5.703537065545101825e+01
5.714505406055765491e+01
5.725473746566429156e+01
5.736442087077092822e+01
5.747410427587756487e+01
5.758378768098420153e+01
5.769347108609083818e+01
5.780315449119747484e+01
5.791283789630411150e+01
5.802252130141074815e+01
5.813220470651738481e+01
5.824188811162402146e+01
5.835157151673065812e+01
5.846125492183729477e+01
5.857093832694393143e+01
5.868062173205056808e+01
5.879030513715720474e+01
5.889998854226384140e+01
5.900967194737047805e+01
5.911935535247711471e+01
5.922903875758375136e+01
5.933872216269038802e+01
5.944840556779702467e+01
5.955808897290366133e+01
5.966777237801029798e+01
5.977745578311693464e+01
5.988713918822357130e+01
5.999682259333020795e+01
6.010650599843684461e+01
6.021618940354348126e+01
6.032587280865011792e+01
6.043555621375675457e+01
6.054523961886339123e+01
6.065492302397002788e+01
6.076460642907666454e+01
6.087428983418329409e+01
6.098397323928993075e+01
6.109365664439656740e+01
6.120334004950320406e+01
6.131302345460984071e+01
6.142270685971647737e+01
6.153239026482311402e+01
6.164207366992975068e+01
6.175175707503638733e+01
6.186144048014302399e+01
6.197112388524966065e+01
6.208080729035629730e+01
6.219049069546293396e+01
6.230017410056957061e+01
6.240985750567620727e+01
6.251954091078284392e+01
6.262922431588948058e+01
6.273890772099611723e+01
6.284859112610275389e+01
6.295827453120939055e+01
6.306795793631602720e+01
6.317764134142266386e+01
6.328732474652930051e+01
6.339700815163593717e+01
6.350669155674257382e+01
6.361637496184921048e+01
6.372605836695584713e+01
6.383574177206248379e+01
6.394542517716912045e+01
6.405510858227576421e+01
6.416479198738240086e+01
6.427447539248903752e+01
6.438415879759567417e+01
6.449384220270231083e+01
6.460352560780894748e+01
6.471320901291558414e+01
6.482289241802222080e+01
6.493257582312885745e+01
6.504225922823549411e+01
6.515194263334213076e+01
6.526162603844876742e+01
6.537130944355540407e+01
6.548099284866204073e+01
6.559067625376866317e+01
6.570035965887529983e+01
6.581004306398193648e+01
6.591972646908857314e+01
6.602940987419520980e+01
6.613909327930184645e+01
6.624877668440848311e+01
6.635846008951511976e+01
6.646814349462175642e+01
6.657782689972839307e+01
6.668751030483502973e+01
6.679719370994166638e+01
6.690687711504830304e+01
6.701656052015493970e+01
6.712624392526157635e+01
6.723592733036821301e+01
6.734561073547484966e+01
6.745529414058148632e+01
6.756497754568812297e+01
6.767466095079475963e+01
6.778434435590139628e+01
6.789402776100803294e+01
6.800371116611466960e+01
6.811339457122130625e+01
6.822307797632794291e+01
6.833276138143457956e+01
6.844244478654121622e+01
6.855212819164785287e+01
6.866181159675448953e+01
6.877149500186112618e+01
6.888117840696776284e+01
6.899086181207439950e+01
6.910054521718103615e+01
6.921022862228767281e+01
6.931991202739430946e+01
6.942959543250094612e+01
6.953927883760758277e+01
6.964896224271421943e+01
6.975864564782085608e+01
6.986832905292749274e+01
6.997801245803412939e+01
7.008769586314076605e+01
7.019737926824740271e+01
7.030706267335403936e+01
7.041674607846067602e+01
7.052642948356731267e+01
7.063611288867394933e+01
7.074579629378058598e+01
7.085547969888722264e+01
7.096516310399385929e+01
7.107484650910049595e+01
7.118452991420713261e+01
7.129421331931376926e+01
7.140389672442040592e+01
7.151358012952704257e+01
7.162326353463367923e+01
7.173294693974031588e+01
7.184263034484695254e+01
7.195231374995358919e+01
7.206199715506022585e+01
7.217168056016686251e+01
7.228136396527349916e+01
7.239104737038013582e+01
7.250073077548677247e+01
7.261041418059340913e+01
7.272009758570004578e+01
7.282978099080668244e+01
7.293946439591331909e+01
7.304914780101995575e+01
7.315883120612659241e+01
7.326851461123322906e+01
7.337819801633986572e+01
7.348788142144650237e+01
7.359756482655313903e+01
7.370724823165977568e+01
7.381693163676641234e+01
7.392661504187304899e+01
7.403629844697968565e+01
7.414598185208632231e+01
7.425566525719295896e+01
7.436534866229959562e+01
7.447503206740623227e+01
7.458471547251286893e+01
7.469439887761950558e+01
7.480408228272614224e+01
7.491376568783277889e+01
7.502344909293941555e+01
7.513313249804605221e+01
7.524281590315268886e+01
7.535249930825932552e+01
7.546218271336596217e+01
7.557186611847259883e+01
7.568154952357923548e+01
7.579123292868587214e+01
7.590091633379250879e+01
7.601059973889914545e+01
7.612028314400578211e+01
7.622996654911241876e+01
7.633964995421905542e+01
7.644933335932569207e+01
7.655901676443232873e+01
7.666870016953896538e+01
7.677838357464560204e+01
7.688806697975223869e+01
7.699775038485887535e+01
7.710743378996551201e+01
7.721711719507214866e+01
7.732680060017878532e+01
7.743648400528542197e+01
7.754616741039205863e+01
7.765585081549869528e+01
7.776553422060533194e+01
7.787521762571196859e+01
7.798490103081860525e+01
7.809458443592524191e+01
7.820426784103187856e+01
7.831395124613851522e+01
7.842363465124515187e+01
7.853331805635178853e+01
7.864300146145842518e+01
7.875268486656506184e+01
7.886236827167169849e+01
7.897205167677833515e+01
7.908173508188497181e+01
7.919141848699160846e+01
7.930110189209824512e+01
7.941078529720488177e+01
7.952046870231151843e+01
7.963015210741815508e+01
7.973983551252479174e+01
7.984951891763142839e+01
7.995920232273806505e+01
8.006888572784470171e+01
8.017856913295133836e+01
8.028825253805797502e+01
8.039793594316461167e+01
8.050761934827124833e+01
8.061730275337788498e+01
8.072698615848452164e+01
8.083666956359115829e+01
8.094635296869779495e+01
8.105603637380443161e+01
8.116571977891106826e+01
8.127540318401770492e+01
8.138508658912434157e+01
8.149476999423097823e+01
8.160445339933761488e+01
8.171413680444425154e+01
8.182382020955088819e+01
8.193350361465752485e+01
8.204318701976416151e+01
8.215287042487079816e+01
8.226255382997743482e+01
8.237223723508407147e+01
8.248192064019070813e+01
8.259160404529734478e+01
8.270128745040398144e+01
8.281097085551061809e+01
8.292065426061725475e+01
8.303033766572389140e+01
8.314002107083052806e+01
8.324970447593716472e+01
8.335938788104380137e+01
8.346907128615043803e+01
8.357875469125707468e+01
8.368843809636371134e+01
8.379812150147034799e+01
8.390780490657698465e+01
8.401748831168362130e+01
8.412717171679025796e+01
8.423685512189689462e+01
8.434653852700351706e+01
8.445622193211015372e+01
8.456590533721679037e+01
8.467558874232342703e+01
8.478527214743006368e+01
8.489495555253670034e+01
8.500463895764333699e+01
8.511432236274997365e+01
8.522400576785661030e+01
8.533368917296324696e+01
8.544337257806988362e+01
8.555305598317652027e+01
8.566273938828315693e+01
8.577242279338979358e+01
8.588210619849643024e+01
8.599178960360306689e+01
8.610147300870970355e+01
8.621115641381634020e+01
8.632083981892297686e+01
8.643052322402961352e+01
8.654020662913625017e+01
8.664989003424288683e+01
8.675957343934952348e+01
8.686925684445616014e+01
8.697894024956279679e+01
8.708862365466943345e+01
8.719830705977607010e+01
8.730799046488270676e+01
8.741767386998934342e+01
8.752735727509598007e+01
8.763704068020261673e+01
8.774672408530925338e+01
8.785640749041589004e+01
8.796609089552252669e+01
8.807577430062916335e+01
8.818545770573580000e+01
8.829514111084243666e+01
8.840482451594907332e+01
8.851450792105570997e+01
8.862419132616234663e+01
8.873387473126898328e+01
8.884355813637561994e+01
8.895324154148225659e+01
8.906292494658889325e+01
8.917260835169552990e+01
8.928229175680216656e+01
8.939197516190880322e+01
8.950165856701543987e+01
8.961134197212207653e+01
8.972102537722871318e+01
8.983070878233534984e+01
8.994039218744198649e+01
9.005007559254862315e+01
9.015975899765525980e+01
9.026944240276189646e+01
9.037912580786853312e+01
9.048880921297516977e+01
9.059849261808180643e+01
9.070817602318844308e+01
9.081785942829507974e+01
9.092754283340171639e+01
9.103722623850835305e+01
9.114690964361498970e+01
9.125659304872162636e+01
9.136627645382826302e+01
9.147595985893489967e+01
9.158564326404153633e+01
9.169532666914817298e+01
9.180501007425480964e+01
9.191469347936144629e+01
9.202437688446808295e+01
9.213406028957471960e+01
9.224374369468135626e+01
9.235342709978799292e+01
9.246311050489462957e+01
9.257279391000126623e+01
9.268247731510790288e+01
9.279216072021453954e+01
9.290184412532117619e+01
9.301152753042781285e+01
9.312121093553444950e+01
9.323089434064108616e+01
9.334057774574772282e+01
9.345026115085435947e+01
9.355994455596099613e+01
9.366962796106763278e+01
9.377931136617426944e+01
9.388899477128090609e+01
9.399867817638754275e+01
9.410836158149417940e+01
9.421804498660081606e+01
9.432772839170745272e+01
9.443741179681408937e+01
9.454709520192072603e+01
9.465677860702736268e+01
9.476646201213399934e+01
9.487614541724063599e+01
9.498582882234727265e+01
9.509551222745390930e+01
9.520519563256054596e+01
9.531487903766718262e+01
9.542456244277381927e+01
9.553424584788045593e+01
9.564392925298709258e+01
9.575361265809372924e+01
9.586329606320036589e+01
9.597297946830700255e+01
9.608266287341363920e+01
9.619234627852027586e+01
9.630202968362691252e+01
9.641171308873354917e+01
9.652139649384018583e+01
9.663107989894682248e+01
9.674076330405345914e+01
9.685044670916009579e+01
9.696013011426673245e+01
9.706981351937336910e+01
9.717949692448000576e+01
9.728918032958664242e+01
9.739886373469327907e+01
9.750854713979991573e+01
9.761823054490655238e+01
9.772791395001318904e+01
9.783759735511982569e+01
9.794728076022646235e+01
9.805696416533309900e+01
9.816664757043973566e+01
9.827633097554637231e+01
9.838601438065300897e+01
9.849569778575964563e+01
9.860538119086628228e+01
9.871506459597291894e+01
9.882474800107955559e+01
9.893443140618619225e+01
9.904411481129282890e+01
9.915379821639946556e+01
9.926348162150610221e+01
9.937316502661273887e+01
9.948284843171937553e+01
9.959253183682601218e+01
9.970221524193264884e+01
9.981189864703928549e+01
9.992158205214592215e+01
1.000312654572525588e+02
1.001409488623591955e+02
1.002506322674658321e+02
1.003603156725724688e+02
1.004699990776791054e+02
1.005796824827857421e+02
1.006893658878923787e+02
1.007990492929990154e+02
1.009087326981056520e+02
1.010184161032122887e+02
1.011280995083189254e+02
1.012377829134255620e+02
1.013474663185321987e+02
1.014571497236388353e+02
1.015668331287454720e+02
1.016765165338521086e+02
1.017861999389587453e+02
1.018958833440653819e+02
1.020055667491720186e+02
1.021152501542786553e+02
1.022249335593852919e+02
1.023346169644919286e+02
1.024443003695985652e+02
1.025539837747052019e+02
1.026636671798118385e+02
1.027733505849184752e+02
1.028830339900251118e+02
1.029927173951317343e+02
1.031024008002383709e+02
1.032120842053450076e+02
1.033217676104516443e+02
1.034314510155582809e+02
1.035411344206649176e+02
1.036508178257715542e+02
1.037605012308781909e+02
1.038701846359848275e+02
1.039798680410914642e+02
1.040895514461981008e+02
1.041992348513047375e+02
1.043089182564113742e+02
1.044186016615180108e+02
1.045282850666246475e+02
1.046379684717312841e+02
1.047476518768379208e+02
1.048573352819445574e+02
1.049670186870511941e+02
1.050767020921578307e+02
1.051863854972644674e+02
1.052960689023711041e+02
1.054057523074777407e+02
1.055154357125843774e+02
1.056251191176910140e+02
1.057348025227976507e+02
1.058444859279042873e+02
1.059541693330109240e+02
1.060638527381175606e+02
1.061735361432241973e+02
1.062832195483308340e+02
1.063929029534374706e+02
1.065025863585441073e+02
1.066122697636507439e+02
1.067219531687573806e+02
1.068316365738640172e+02
1.069413199789706539e+02
1.070510033840772905e+02
1.071606867891839272e+02
1.072703701942905639e+02
1.073800535993972005e+02
1.074897370045038372e+02
1.075994204096104738e+02
1.077091038147171105e+02
1.078187872198237471e+02
1.079284706249303838e+02
1.080381540300370204e+02
1.081478374351436571e+02
1.082575208402502938e+02
1.083672042453569304e+02
1.084768876504635671e+02
1.085865710555702037e+02
1.086962544606768404e+02
1.088059378657834770e+02
1.089156212708901137e+02
1.090253046759967503e+02
1.091349880811033870e+02
1.092446714862100237e+02
1.093543548913166603e+02
1.094640382964232970e+02
1.095737217015299336e+02
1.096834051066365703e+02
1.097930885117432069e+02
1.099027719168498436e+02
1.100124553219564802e+02
1.101221387270631169e+02
1.102318221321697536e+02
1.103415055372763902e+02
1.104511889423830269e+02
1.105608723474896635e+02
1.106705557525963002e+02
1.107802391577029368e+02
1.108899225628095735e+02
1.109996059679162101e+02
1.111092893730228468e+02
1.112189727781294835e+02
1.113286561832361201e+02
1.114383395883427568e+02
1.115480229934493934e+02
1.116577063985560301e+02
1.117673898036626667e+02
1.118770732087693034e+02
1.119867566138759400e+02
1.120964400189825767e+02
1.122061234240892134e+02
1.123158068291958500e+02
1.124254902343024867e+02
1.125351736394091233e+02
1.126448570445157600e+02
1.127545404496223966e+02
1.128642238547290333e+02
1.129739072598356699e+02
1.130835906649423066e+02
1.131932740700489433e+02
1.133029574751555799e+02
1.134126408802622166e+02
1.135223242853688532e+02
1.136320076904754899e+02
1.137416910955821265e+02
1.138513745006887632e+02
1.139610579057953998e+02
1.140707413109020365e+02
1.141804247160086732e+02
1.142901081211153098e+02
1.143997915262219465e+02
1.145094749313285831e+02
1.146191583364352198e+02
1.147288417415418564e+02
1.148385251466484931e+02
1.149482085517551297e+02
1.150578919568617664e+02
1.151675753619684031e+02
1.152772587670750397e+02
1.153869421721816764e+02
1.154966255772883130e+02
1.156063089823949497e+02
1.157159923875015863e+02
1.158256757926082230e+02
1.159353591977148596e+02
1.160450426028214963e+02
1.161547260079281330e+02
1.162644094130347696e+02
1.163740928181414063e+02
1.164837762232480429e+02
1.165934596283546796e+02
1.167031430334613162e+02
1.168128264385679529e+02
1.169225098436745895e+02
1.170321932487812262e+02
1.171418766538878629e+02
1.172515600589944995e+02
1.173612434641011362e+02
1.174709268692077728e+02
1.175806102743144095e+02
1.176902936794210461e+02
1.177999770845276828e+02
1.179096604896343194e+02
1.180193438947409561e+02
1.181290272998475928e+02
1.182387107049542294e+02
1.183483941100608661e+02
1.184580775151675027e+02
1.185677609202741394e+02
1.186774443253807760e+02
1.187871277304874127e+02
1.188968111355940493e+02
1.190064945407006860e+02
1.191161779458073227e+02
1.192258613509139593e+02
1.193355447560205960e+02
1.194452281611272326e+02
1.195549115662338693e+02
1.196645949713405059e+02
1.197742783764471426e+02
1.198839617815537792e+02
1.199936451866604159e+02
1.201033285917670526e+02
1.202130119968736892e+02
1.203226954019803259e+02
1.204323788070869625e+02
1.205420622121935992e+02
1.206517456173002358e+02
1.207614290224068725e+02
1.208711124275135091e+02
1.209807958326201458e+02
1.210904792377267825e+02
1.212001626428334191e+02
1.213098460479400558e+02
1.214195294530466924e+02
1.215292128581533291e+02
1.216388962632599657e+02
1.217485796683665882e+02
1.218582630734732248e+02
1.219679464785798615e+02
1.220776298836864981e+02
1.221873132887931348e+02
1.222969966938997715e+02
1.224066800990064081e+02
1.225163635041130448e+02
1.226260469092196814e+02
1.227357303143263181e+02
1.228454137194329547e+02
1.229550971245395914e+02
1.230647805296462280e+02
1.231744639347528647e+02
1.232841473398595014e+02
1.233938307449661380e+02
1.235035141500727747e+02
1.236131975551794113e+02
1.237228809602860480e+02
1.238325643653926846e+02
1.239422477704993213e+02
1.240519311756059579e+02
1.241616145807125946e+02
1.242712979858192313e+02
1.243809813909258679e+02
1.244906647960325046e+02
1.246003482011391412e+02
1.247100316062457779e+02
1.248197150113524145e+02
1.249293984164590512e+02
1.250390818215656878e+02
1.251487652266723245e+02
1.252584486317789612e+02
1.253681320368855978e+02
1.254778154419922345e+02
1.255874988470988711e+02
1.256971822522055078e+02
1.258068656573121444e+02
1.259165490624187811e+02
1.260262324675254177e+02
1.261359158726320544e+02
1.262455992777386911e+02
1.263552826828453277e+02
1.264649660879519644e+02
1.265746494930586010e+02
1.266843328981652377e+02
1.267940163032718743e+02
1.269036997083785110e+02
1.270133831134851476e+02
1.271230665185917843e+02
1.272327499236984210e+02
1.273424333288050576e+02
1.274521167339116943e+02
1.275618001390183309e+02
1.276714835441249676e+02
1.277811669492316042e+02
1.278908503543382409e+02
1.280005337594448918e+02
1.281102171645515284e+02
1.282199005696581651e+02
1.283295839747648017e+02
1.284392673798714384e+02
1.285489507849780750e+02
1.286586341900847117e+02
1.287683175951913483e+02
1.288780010002979850e+02
1.289876844054046217e+02
1.290973678105112583e+02
1.292070512156178950e+02
1.293167346207245316e+02
1.294264180258311683e+02
1.295361014309378049e+02
1.296457848360444416e+02
1.297554682411510782e+02
1.298651516462577149e+02
1.299748350513643516e+02
1.300845184564709882e+02
1.301942018615776249e+02
1.303038852666842615e+02
1.304135686717908982e+02
1.305232520768975348e+02
1.306329354820041715e+02
1.307426188871108081e+02
1.308523022922174448e+02
1.309619856973240815e+02
1.310716691024306897e+02
1.311813525075373263e+02
1.312910359126439630e+02
1.314007193177505997e+02
1.315104027228572363e+02
1.316200861279638730e+02
1.317297695330705096e+02
1.318394529381771463e+02
1.319491363432837829e+02
1.320588197483904196e+02
1.321685031534970562e+02
1.322781865586036929e+02
1.323878699637103296e+02
1.324975533688169662e+02
1.326072367739236029e+02
1.327169201790302395e+02
1.328266035841368762e+02
1.329362869892435128e+02
1.330459703943501495e+02
1.331556537994567861e+02
1.332653372045634228e+02
1.333750206096700595e+02
1.334847040147766961e+02
1.335943874198833328e+02
1.337040708249899694e+02
1.338137542300966061e+02
1.339234376352032427e+02
1.340331210403098794e+02
1.341428044454165160e+02
1.342524878505231527e+02
1.343621712556297894e+02
1.344718546607364260e+02
1.345815380658430627e+02
1.346912214709496993e+02
1.348009048760563360e+02
1.349105882811629726e+02
1.350202716862696093e+02
1.351299550913762459e+02
1.352396384964828826e+02
1.353493219015895193e+02
1.354590053066961559e+02
1.355686887118027926e+02
1.356783721169094292e+02
1.357880555220160659e+02
1.358977389271227025e+02
1.360074223322293392e+02
1.361171057373359758e+02
1.362267891424426125e+02
1.363364725475492492e+02
1.364461559526558858e+02
1.365558393577625225e+02
1.366655227628691591e+02
1.367752061679757958e+02
1.368848895730824324e+02
1.369945729781890691e+02
1.371042563832957057e+02
1.372139397884023424e+02
1.373236231935089791e+02
1.374333065986156157e+02
1.375429900037222524e+02
1.376526734088288890e+02
1.377623568139355257e+02
1.378720402190421623e+02
1.379817236241487990e+02
1.380914070292554356e+02
1.382010904343620723e+02
1.383107738394687090e+02
1.384204572445753456e+02
1.385301406496819823e+02
1.386398240547886189e+02
1.387495074598952556e+02
1.388591908650018922e+02
1.389688742701085289e+02
1.390785576752151655e+02
1.391882410803218022e+02
1.392979244854284389e+02
1.394076078905350755e+02
1.395172912956417122e+02
1.396269747007483488e+02
1.397366581058549855e+02
1.398463415109616221e+02
1.399560249160682588e+02
1.400657083211748954e+02
1.401753917262815321e+02
1.402850751313881688e+02
1.403947585364948054e+02
1.405044419416014421e+02
1.406141253467080787e+02
1.407238087518147154e+02
1.408334921569213520e+02
1.409431755620279887e+02
1.410528589671346253e+02
1.411625423722412620e+02
1.412722257773478987e+02
1.413819091824545353e+02
1.414915925875611720e+02
1.416012759926678086e+02
1.417109593977744453e+02
1.418206428028810819e+02
1.419303262079877186e+02
1.420400096130943552e+02
1.421496930182009919e+02
1.422593764233076286e+02
1.423690598284142652e+02
1.424787432335209019e+02
1.425884266386275385e+02
1.426981100437341752e+02
1.428077934488408118e+02
1.429174768539474485e+02
1.430271602590540851e+02
1.431368436641607218e+02
1.432465270692673585e+02
1.433562104743739951e+02
1.434658938794806318e+02
1.435755772845872684e+02
1.436852606896939051e+02
1.437949440948005417e+02
1.439046274999071784e+02
1.440143109050138150e+02
1.441239943101204517e+02
1.442336777152270884e+02
1.443433611203337250e+02
1.444530445254403617e+02
1.445627279305469983e+02
1.446724113356536350e+02
1.447820947407602716e+02
1.448917781458669083e+02
1.450014615509735449e+02
1.451111449560801816e+02
1.452208283611868183e+02
1.453305117662934549e+02
1.454401951714000916e+02
1.455498785765067282e+02
1.456595619816133649e+02
1.457692453867200015e+02
1.458789287918266382e+02
1.459886121969332748e+02
1.460982956020399115e+02
1.462079790071465482e+02
1.463176624122531848e+02
1.464273458173598215e+02
1.465370292224664581e+02
1.466467126275730948e+02
1.467563960326797314e+02
1.468660794377863681e+02
1.469757628428930047e+02
1.470854462479996414e+02
1.471951296531062781e+02
1.473048130582129147e+02
1.474144964633195514e+02
1.475241798684261880e+02
1.476338632735328247e+02
1.477435466786394613e+02
1.478532300837460980e+02
1.479629134888527346e+02
1.480725968939593713e+02
1.481822802990660080e+02
1.482919637041726446e+02
1.484016471092792813e+02
1.485113305143859179e+02
1.486210139194925546e+02
1.487306973245991912e+02
1.488403807297058279e+02
1.489500641348124645e+02
1.490597475399191012e+02
1.491694309450257379e+02
1.492791143501323745e+02
1.493887977552390112e+02
1.494984811603456478e+02
1.496081645654522845e+02
1.497178479705589211e+02
1.498275313756655578e+02
1.499372147807721944e+02
1.500468981858788311e+02
1.501565815909854678e+02
1.502662649960921044e+02
1.503759484011987411e+02
1.504856318063053777e+02
1.505953152114120144e+02
1.507049986165186510e+02
1.508146820216252877e+02
1.509243654267319243e+02
1.510340488318385610e+02
1.511437322369451977e+02
1.512534156420518343e+02
1.513630990471584710e+02
1.514727824522651076e+02
1.515824658573717443e+02
1.516921492624783809e+02
1.518018326675850176e+02
1.519115160726916542e+02
1.520211994777982909e+02
1.521308828829049276e+02
1.522405662880115642e+02
1.523502496931182009e+02
1.524599330982248375e+02
1.525696165033314742e+02
1.526792999084381108e+02
1.527889833135447475e+02
1.528986667186513841e+02
1.530083501237580208e+02
1.531180335288646575e+02
1.532277169339712941e+02
1.533374003390779308e+02
1.534470837441845674e+02
1.535567671492912041e+02
1.536664505543978407e+02
1.537761339595044774e+02
1.538858173646111140e+02
1.539955007697177507e+02
1.541051841748243874e+02
1.542148675799310240e+02
1.543245509850376607e+02
1.544342343901442973e+02
1.545439177952509340e+02
1.546536012003575706e+02
1.547632846054642073e+02
1.548729680105708439e+02
1.549826514156774806e+02
1.550923348207841173e+02
1.552020182258907539e+02
1.553117016309973906e+02
1.554213850361040272e+02
1.555310684412106639e+02
1.556407518463173005e+02
1.557504352514239372e+02
1.558601186565305738e+02
1.559698020616372105e+02
1.560794854667438472e+02
1.561891688718504838e+02
1.562988522769571205e+02
1.564085356820637571e+02
1.565182190871703938e+02
1.566279024922770304e+02
1.567375858973836671e+02
1.568472693024903037e+02
1.569569527075969404e+02
1.570666361127035771e+02
1.571763195178102137e+02
1.572860029229168504e+02
1.573956863280234870e+02
1.575053697331301237e+02
1.576150531382367603e+02
1.577247365433433970e+02
1.578344199484500336e+02
1.579441033535566703e+02
1.580537867586633070e+02
1.581634701637699436e+02
1.582731535688765803e+02
1.583828369739832169e+02
1.584925203790898536e+02
1.586022037841964902e+02
1.587118871893031269e+02
1.588215705944097635e+02
1.589312539995164002e+02
1.590409374046230369e+02
1.591506208097296735e+02
1.592603042148363102e+02
1.593699876199429468e+02
1.594796710250495835e+02
1.595893544301562201e+02
1.596990378352628568e+02
1.598087212403694934e+02
1.599184046454761301e+02
1.600280880505827668e+02
1.601377714556894034e+02
1.602474548607960401e+02
1.603571382659026767e+02
1.604668216710093134e+02
1.605765050761159500e+02
1.606861884812225867e+02
1.607958718863292233e+02
1.609055552914358600e+02
1.610152386965424967e+02
1.611249221016491333e+02
1.612346055067557700e+02
1.613442889118624066e+02
1.614539723169690433e+02
1.615636557220756799e+02
1.616733391271823166e+02
1.617830225322889532e+02
1.618927059373955899e+02
1.620023893425022266e+02
1.621120727476088632e+02
1.622217561527154999e+02
1.623314395578221365e+02
1.624411229629287732e+02
1.625508063680354098e+02
1.626604897731420465e+02
1.627701731782486831e+02
1.628798565833553198e+02
1.629895399884619565e+02
1.630992233935685931e+02
1.632089067986752298e+02
1.633185902037818664e+02
1.634282736088885031e+02
1.635379570139951397e+02
1.636476404191017764e+02
1.637573238242084130e+02
1.638670072293150497e+02
1.639766906344216864e+02
1.640863740395283230e+02
1.641960574446349597e+02
1.643057408497415963e+02
1.644154242548482330e+02
1.645251076599548696e+02
1.646347910650615063e+02
1.647444744701681429e+02
1.648541578752747796e+02
1.649638412803814163e+02
1.650735246854880529e+02
1.651832080905946896e+02
1.652928914957013262e+02
1.654025749008079629e+02
1.655122583059145995e+02
1.656219417110212362e+02
1.657316251161278728e+02
1.658413085212345095e+02
1.659509919263411462e+02
1.660606753314477828e+02
1.661703587365544195e+02
1.662800421416610561e+02
1.663897255467676928e+02
1.664994089518743294e+02
1.666090923569809661e+02
1.667187757620876027e+02
1.668284591671942394e+02
1.669381425723008761e+02
1.670478259774075127e+02
1.671575093825141494e+02
1.672671927876207860e+02
1.673768761927274227e+02
1.674865595978340593e+02
1.675962430029406960e+02
1.677059264080473326e+02
1.678156098131539693e+02
1.679252932182606060e+02
1.680349766233672426e+02
1.681446600284738793e+02
1.682543434335805159e+02
1.683640268386871526e+02
1.684737102437937892e+02
1.685833936489003975e+02
1.686930770540070341e+02
1.688027604591136708e+02
1.689124438642203074e+02
1.690221272693269441e+02
1.691318106744335807e+02
1.692414940795402174e+02
1.693511774846468541e+02
1.694608608897534907e+02
1.695705442948601274e+02
1.696802276999667640e+02
1.697899111050734007e+02
1.698995945101800373e+02
1.700092779152866740e+02
1.701189613203933106e+02
1.702286447254999473e+02
1.703383281306065840e+02
1.704480115357132206e+02
1.705576949408198573e+02
1.706673783459264939e+02
1.707770617510331306e+02
1.708867451561397672e+02
1.709964285612464039e+02
1.711061119663530405e+02
1.712157953714596772e+02
1.713254787765663139e+02
1.714351621816729505e+02
1.715448455867795872e+02
1.716545289918862238e+02
1.717642123969928605e+02
1.718738958020994971e+02
1.719835792072061338e+02
1.720932626123127704e+02
1.722029460174194071e+02
1.723126294225260438e+02
1.724223128276326804e+02
1.725319962327393171e+02
1.726416796378459537e+02
1.727513630429525904e+02
1.728610464480592270e+02
1.729707298531658637e+02
1.730804132582725003e+02
1.731900966633791370e+02
1.732997800684857737e+02
1.734094634735924103e+02
1.735191468786990470e+02
1.736288302838056836e+02
1.737385136889123203e+02
1.738481970940189569e+02
1.739578804991255936e+02
1.740675639042322302e+02
1.741772473093388669e+02
1.742869307144455036e+02
1.743966141195521402e+02
1.745062975246587769e+02
1.746159809297654135e+02
1.747256643348720502e+02
1.748353477399786868e+02
1.749450311450853235e+02
1.750547145501919601e+02
1.751643979552985968e+02
1.752740813604052335e+02
1.753837647655118701e+02
1.754934481706185068e+02
1.756031315757251434e+02
1.757128149808317801e+02
1.758224983859384167e+02
1.759321817910450534e+02
1.760418651961516900e+02
1.761515486012583267e+02
1.762612320063649634e+02
1.763709154114716000e+02
1.764805988165782367e+02
1.765902822216848733e+02
1.766999656267915100e+02
1.768096490318981466e+02
1.769193324370047833e+02
1.770290158421114199e+02
1.771386992472180566e+02
1.772483826523246933e+02
1.773580660574313299e+02
1.774677494625379666e+02
1.775774328676446032e+02
1.776871162727512399e+02
1.777967996778578765e+02
1.779064830829645132e+02
1.780161664880711498e+02
1.781258498931777865e+02
1.782355332982844232e+02
1.783452167033910598e+02
1.784549001084976965e+02
1.785645835136043331e+02
1.786742669187109698e+02
1.787839503238176064e+02
1.788936337289242431e+02
1.790033171340308797e+02
1.791130005391375164e+02
1.792226839442441531e+02
1.793323673493507897e+02
1.794420507544574264e+02
1.795517341595640630e+02
1.796614175646706997e+02
1.797711009697773363e+02
1.798807843748839730e+02
1.799904677799906096e+02
1.801001511850972463e+02
1.802098345902038830e+02
1.803195179953105196e+02
1.804292014004171563e+02
1.805388848055237929e+02
1.806485682106304296e+02
1.807582516157370662e+02
1.808679350208437029e+02
1.809776184259503395e+02
1.810873018310569762e+02
1.811969852361636129e+02
1.813066686412702495e+02
1.814163520463768862e+02
1.815260354514835228e+02
1.816357188565901595e+02
1.817454022616967961e+02
1.818550856668034328e+02
1.819647690719100694e+02
1.820744524770167061e+02
1.821841358821233428e+02
1.822938192872299794e+02
1.824035026923366161e+02
1.825131860974432527e+02
1.826228695025498894e+02
1.827325529076565260e+02
1.828422363127631627e+02
1.829519197178697993e+02
1.830616031229764360e+02
1.831712865280830727e+02
1.832809699331897093e+02
1.833906533382963460e+02
1.835003367434029826e+02
1.836100201485096193e+02
1.837197035536162559e+02
1.838293869587228926e+02
1.839390703638295292e+02
1.840487537689361659e+02
1.841584371740428026e+02
1.842681205791494392e+02
1.843778039842560759e+02
1.844874873893627125e+02
1.845971707944693492e+02
1.847068541995759858e+02
1.848165376046826225e+02
1.849262210097892591e+02
1.850359044148958958e+02
1.851455878200025325e+02
1.852552712251091691e+02
1.853649546302158058e+02
1.854746380353224424e+02
1.855843214404290791e+02
1.856940048455357157e+02
1.858036882506423524e+02
1.859133716557489890e+02
1.860230550608556257e+02
1.861327384659622624e+02
1.862424218710688990e+02
1.863521052761755357e+02
1.864617886812821723e+02
1.865714720863888090e+02
1.866811554914954456e+02
1.867908388966020823e+02
1.869005223017087189e+02
1.870102057068153556e+02
1.871198891119219923e+02
1.872295725170286289e+02
1.873392559221352656e+02
1.874489393272419022e+02
1.875586227323485389e+02
1.876683061374551755e+02
1.877779895425618122e+02
1.878876729476684488e+02
1.879973563527750855e+02
1.881070397578817222e+02
1.882167231629883588e+02
1.883264065680949955e+02
1.884360899732016321e+02
1.885457733783082688e+02
1.886554567834149054e+02
1.887651401885215421e+02
1.888748235936281787e+02
1.889845069987348154e+02
1.890941904038414521e+02
1.892038738089480887e+02
1.893135572140547254e+02
1.894232406191613620e+02
1.895329240242679987e+02
1.896426074293746353e+02
1.897522908344812720e+02
1.898619742395879086e+02
1.899716576446945453e+02
1.900813410498011820e+02
1.901910244549078186e+02
1.903007078600144553e+02
1.904103912651210919e+02
1.905200746702277286e+02
1.906297580753343652e+02
1.907394414804410019e+02
1.908491248855476385e+02
1.909588082906542752e+02
1.910684916957609119e+02
1.911781751008675485e+02
1.912878585059741852e+02
1.913975419110808218e+02
1.915072253161874585e+02
1.916169087212940951e+02
1.917265921264007318e+02
1.918362755315073684e+02
1.919459589366140051e+02
1.920556423417206418e+02
1.921653257468272784e+02
1.922750091519339151e+02
1.923846925570405517e+02
1.924943759621471884e+02
1.926040593672538250e+02
1.927137427723604617e+02
1.928234261774670983e+02
1.929331095825737350e+02
1.930427929876803717e+02
1.931524763927870083e+02
1.932621597978936450e+02
1.933718432030002816e+02
1.934815266081069183e+02
1.935912100132135549e+02
1.937008934183201916e+02
1.938105768234268282e+02
1.939202602285334649e+02
1.940299436336401016e+02
1.941396270387467382e+02
1.942493104438533749e+02
1.943589938489600115e+02
1.944686772540666482e+02
1.945783606591732848e+02
1.946880440642799215e+02
1.947977274693865581e+02
1.949074108744931948e+02
1.950170942795998315e+02
1.951267776847064681e+02
1.952364610898131048e+02
1.953461444949197414e+02
1.954558279000263781e+02
1.955655113051330147e+02
1.956751947102396514e+02
1.957848781153462880e+02
1.958945615204529247e+02
1.960042449255595614e+02
1.961139283306661980e+02
1.962236117357728347e+02
1.963332951408794713e+02
1.964429785459861080e+02
1.965526619510927446e+02
1.966623453561993813e+02
1.967720287613060179e+02
1.968817121664126546e+02
1.969913955715192913e+02
1.971010789766259279e+02
1.972107623817325646e+02
1.973204457868392012e+02
1.974301291919458379e+02
1.975398125970524745e+02
1.976494960021591112e+02
1.977591794072657478e+02
1.978688628123723845e+02
1.979785462174790212e+02
1.980882296225856578e+02
1.981979130276922945e+02
1.983075964327989311e+02
1.984172798379055678e+02
1.985269632430122044e+02
1.986366466481188411e+02
1.987463300532254777e+02
1.988560134583321144e+02
1.989656968634387511e+02
1.990753802685453877e+02
1.991850636736520244e+02
1.992947470787586610e+02
1.994044304838652977e+02
1.995141138889719343e+02
1.996237972940785710e+02
1.997334806991852076e+02
1.998431641042918443e+02
1.999528475093984810e+02
2.000625309145051176e+02
2.001722143196117543e+02
2.002818977247183909e+02
2.003915811298250276e+02
2.005012645349316642e+02
2.006109479400383009e+02
2.007206313451449375e+02
2.008303147502515742e+02
2.009399981553582109e+02
2.010496815604648475e+02
2.011593649655714842e+02
2.012690483706781208e+02
2.013787317757847575e+02
2.014884151808913941e+02
2.015980985859980308e+02
2.017077819911046674e+02
2.018174653962113041e+02
2.019271488013179408e+02
2.020368322064245774e+02
2.021465156115312141e+02
2.022561990166378507e+02
2.023658824217444874e+02
2.024755658268511240e+02
2.025852492319577607e+02
2.026949326370643973e+02
2.028046160421710340e+02
2.029142994472776707e+02
2.030239828523843073e+02
2.031336662574909440e+02
2.032433496625975806e+02
2.033530330677042173e+02
2.034627164728108539e+02
2.035723998779174906e+02
2.036820832830241272e+02
2.037917666881307639e+02
2.039014500932374006e+02
2.040111334983440372e+02
2.041208169034506739e+02
2.042305003085573105e+02
2.043401837136639472e+02
2.044498671187705838e+02
2.045595505238772205e+02
2.046692339289838571e+02
2.047789173340904938e+02
2.048886007391971305e+02
2.049982841443037671e+02
2.051079675494104038e+02
2.052176509545170404e+02
2.053273343596236771e+02
2.054370177647303137e+02
2.055467011698369504e+02
2.056563845749435870e+02
2.057660679800502237e+02
2.058757513851568604e+02
2.059854347902634686e+02
2.060951181953701052e+02
2.062048016004767419e+02
2.063144850055833786e+02
2.064241684106900152e+02
2.065338518157966519e+02
2.066435352209032885e+02
2.067532186260099252e+02
2.068629020311165618e+02
2.069725854362231985e+02
2.070822688413298351e+02
2.071919522464364718e+02
2.073016356515431085e+02
2.074113190566497451e+02
2.075210024617563818e+02
2.076306858668630184e+02
2.077403692719696551e+02
2.078500526770762917e+02
2.079597360821829284e+02
2.080694194872895650e+02
2.081791028923962017e+02
2.082887862975028384e+02
2.083984697026094750e+02
2.085081531077161117e+02
2.086178365128227483e+02
2.087275199179293850e+02
2.088372033230360216e+02
2.089468867281426583e+02
2.090565701332492949e+02
2.091662535383559316e+02
2.092759369434625683e+02
2.093856203485692049e+02
2.094953037536758416e+02
2.096049871587824782e+02
2.097146705638891149e+02
2.098243539689957515e+02
2.099340373741023882e+02
2.100437207792090248e+02
2.101534041843156615e+02
2.102630875894222982e+02
2.103727709945289348e+02
2.104824543996355715e+02
2.105921378047422081e+02
2.107018212098488448e+02
2.108115046149554814e+02
2.109211880200621181e+02
2.110308714251687547e+02
2.111405548302753914e+02
2.112502382353820281e+02
2.113599216404886647e+02
2.114696050455953014e+02
2.115792884507019380e+02
2.116889718558085747e+02
2.117986552609152113e+02
2.119083386660218480e+02
2.120180220711284846e+02
2.121277054762351213e+02
2.122373888813417580e+02
2.123470722864483946e+02
2.124567556915550313e+02
2.125664390966616679e+02
2.126761225017683046e+02
2.127858059068749412e+02
2.128954893119815779e+02
2.130051727170882145e+02
2.131148561221948512e+02
2.132245395273014879e+02
2.133342229324081245e+02
2.134439063375147612e+02
2.135535897426213978e+02
2.136632731477280345e+02
2.137729565528346711e+02
2.138826399579413078e+02
2.139923233630479444e+02
2.141020067681545811e+02
2.142116901732612178e+02
2.143213735783678544e+02
2.144310569834744911e+02
2.145407403885811277e+02
2.146504237936877644e+02
2.147601071987944010e+02
2.148697906039010377e+02
2.149794740090076743e+02
2.150891574141143110e+02
2.151988408192209477e+02
2.153085242243275843e+02
2.154182076294342210e+02
2.155278910345408576e+02
2.156375744396474943e+02
2.157472578447541309e+02
2.158569412498607676e+02
2.159666246549674042e+02
2.160763080600740409e+02
2.161859914651806776e+02
2.162956748702873142e+02
2.164053582753939509e+02
2.165150416805005875e+02
2.166247250856072242e+02
2.167344084907138608e+02
2.168440918958204975e+02
2.169537753009271341e+02
2.170634587060337708e+02
2.171731421111404075e+02
2.172828255162470441e+02
2.173925089213536808e+02
2.175021923264603174e+02
2.176118757315669541e+02
2.177215591366735907e+02
2.178312425417802274e+02
2.179409259468868640e+02
2.180506093519935007e+02
2.181602927571001374e+02
2.182699761622067740e+02
2.183796595673134107e+02
2.184893429724200473e+02
2.185990263775266840e+02
2.187087097826333206e+02
2.188183931877399573e+02
2.189280765928465939e+02
2.190377599979532306e+02
2.191474434030598673e+02
2.192571268081665039e+02
