1.329428096602804388e+01
1.068888982836775092e+01
1.025576144438899640e+01
1.006315730263346353e+01
8.709622808759165835e+00
7.852583408895317696e+00
6.974160792602726033e+00
6.685079382540625836e+00
8.271569049511450444e+00
8.658461196049854536e+00
8.711857187174061323e+00
7.606016150189260472e+00
7.884619468004165022e+00
7.390906616579770549e+00
7.345097777634976843e+00
6.508942754146226584e+00
6.700762397446698770e+00
6.108902149329204612e+00
6.046201317332090319e+00
5.022446200126657878e+00
5.691385921961743755e+00
5.468148741773404709e+00
5.194302449375095776e+00
5.137003120288847313e+00
5.326923563433035191e+00
5.562973348041686528e+00
5.307895291103088553e+00
5.183099491369150158e+00
4.990264843763278613e+00
5.009823368282807721e+00
4.900215539507914997e+00
4.787688965678393416e+00
4.465349239456661401e+00
4.551563754187907485e+00
4.290169831238039855e+00
4.210356860160550774e+00
4.151345779790359458e+00
4.140162903773243031e+00
3.759338429953721583e+00
3.891160264137323299e+00
3.793587268354525310e+00
3.813489342024200202e+00
3.713269535435410607e+00
3.567775886662714946e+00
3.623067613905786910e+00
3.646404691773138307e+00
3.513825347619288664e+00
3.491015362733083993e+00
3.403414587611431230e+00
3.413053878098144533e+00
3.434577663140593540e+00
3.322516790740693171e+00
3.351565069534766739e+00
3.335448426677838807e+00
3.230243353492631808e+00
3.222888419263796767e+00
3.235487872395957698e+00
3.182494221946449375e+00
3.194378128084385260e+00
3.126368262068183856e+00
3.058179427827210084e+00
2.987840670587798897e+00
3.091833648901296971e+00
3.007630193015114362e+00
2.969708728112679275e+00
2.943521855595633507e+00
2.957960441685445474e+00
2.929463060782913075e+00
2.857835476600341984e+00
2.851005761145301687e+00
2.878979181492103745e+00
2.761050077482525289e+00
2.727256047086993540e+00
2.716703463590936174e+00
2.693240396656633173e+00
2.737987548899665224e+00
2.711832623455236568e+00
2.652994635189060979e+00
2.667456731577808160e+00
2.584999410946083209e+00
2.557109168163532509e+00
2.533210805741656024e+00
2.528881792537221784e+00
2.501114435086023491e+00
2.485083398144488864e+00
2.444580898474395081e+00
2.443268392080689910e+00
2.425817803761746383e+00
2.443749307351334110e+00
2.385171841470170584e+00
2.391340887595066356e+00
2.362709399054108150e+00
2.393274172076039097e+00
2.305826497929558183e+00
2.269200221828500119e+00
2.245087379768042624e+00
2.323816193816124809e+00
2.242325306047094458e+00
2.226369838590117389e+00
2.219803344834541114e+00
2.161405836296170779e+00
2.151565768249011690e+00
2.129122162727440593e+00
2.114579628370056419e+00
2.062669081543214933e+00
2.110976513798017873e+00
2.074398473188677094e+00
2.065621949047719674e+00
2.023753062366125732e+00
2.005693406316223282e+00
1.999747144663921228e+00
1.969349602373001940e+00
1.960539751677781162e+00
1.919723668023890717e+00
1.893203272152655492e+00
1.940586835977284874e+00
1.863715757986782018e+00
1.825486699258835666e+00
1.818438370310540897e+00
1.810450128646616585e+00
1.739571940466763333e+00
1.712368028254389163e+00
1.737315462451736181e+00
1.685698642983014306e+00
1.688193583844568302e+00
1.634615655365261544e+00
1.617678569025710278e+00
1.590953843079409236e+00
1.583077737848959110e+00
1.521698367317438905e+00
1.513833840970677747e+00
1.484491562542885612e+00
1.503649242461597479e+00
1.471850642523827135e+00
1.465222402385325529e+00
1.420393109111467878e+00
1.395176992528354809e+00
1.368283800344586298e+00
1.352557145170789843e+00
1.422089624205493230e+00
1.314305504739545549e+00
1.312309472666363996e+00
1.301823664147286896e+00
1.276452527313696406e+00
1.266185513563969911e+00
1.258336121935681007e+00
1.255273617939183683e+00
1.222676974506273107e+00
1.210964576270504356e+00
1.188776042778801445e+00
1.210489510343976782e+00
1.182830330702244748e+00
1.161507758305387661e+00
1.126449347411089486e+00
1.132957401087423044e+00
1.145349342468306109e+00
1.072725821075330321e+00
1.070021577585634320e+00
1.077084329081555936e+00
1.074470448586455795e+00
1.032791244392476271e+00
1.057693824739551980e+00
1.020012777843050111e+00
1.046428344164804791e+00
1.015953590962950681e+00
9.907713033410432413e-01
9.887472052844812342e-01
9.950021163212245945e-01
1.000020122819782920e+00
9.524703762590516209e-01
9.447444303790359932e-01
9.120772329855593163e-01
9.058541910624868798e-01
9.204624340531322169e-01
8.936911283899041658e-01
8.769367737987201483e-01
8.619090676329730361e-01
8.712983962496431145e-01
8.533043180065734701e-01
8.426537671211840053e-01
8.254194109622015052e-01
8.196371055021782759e-01
8.066489661580933390e-01
7.814471944015092264e-01
7.780925201698685179e-01
7.538803996292261500e-01
7.506299365151704039e-01
7.616609970311631894e-01
7.581728041814729258e-01
7.185449851907890206e-01
6.967429269874175768e-01
7.107769613068440906e-01
6.962279176299390748e-01
6.789170820034521325e-01
6.635801311457570906e-01
6.557659098464350134e-01
6.339204011941225181e-01
6.293990954491153200e-01
6.146828974579693350e-01
6.410886046066507360e-01
6.281792141870687907e-01
6.242541673337971275e-01
5.899733562832273348e-01
5.859602929254209558e-01
5.732482229246524952e-01
5.619293504387662397e-01
5.576943304941001101e-01
5.481272252376168108e-01
5.238779354013760603e-01
5.177509124190112777e-01
5.125754589565961750e-01
5.204589356233304542e-01
5.146449270593962400e-01
5.044827139990413212e-01
4.875678661689282767e-01
4.822367124605684841e-01
4.878069486629157958e-01
4.821382251303324429e-01
4.437267169421994506e-01
4.437195680413551502e-01
4.423077242464654169e-01
4.312202896166583699e-01
4.118639114096644405e-01
4.166699060070282457e-01
4.002428677797205681e-01
4.099472693987255001e-01
3.891597661112028983e-01
3.861023612504420610e-01
3.883621532160512202e-01
3.751686180925214442e-01
3.938191360639208272e-01
3.868873926320595680e-01
3.523367358163824736e-01
3.455864487920845551e-01
3.427682453802005091e-01
3.661988309894408933e-01
3.409940301123647322e-01
3.384450547412128918e-01
3.319098674828582229e-01
3.156346534553843286e-01
3.143187977046119075e-01
3.074555587050519789e-01
3.181419108054210354e-01
3.014669147078135603e-01
2.881728841222269133e-01
2.841731487688145541e-01
2.829724596298978656e-01
2.793588940371681262e-01
2.702606937416166533e-01
2.786824994580373582e-01
2.671001125113736108e-01
2.861227781335469733e-01
2.589715402410623368e-01
2.638326059994930417e-01
2.432504748545627205e-01
2.433243489841472040e-01
2.418410346633240726e-01
2.402090588042469776e-01
2.345502036424038095e-01
2.435185931848371232e-01
2.324762542238684171e-01
2.173109132603577576e-01
2.219007982810111135e-01
2.259924242187102972e-01
2.060643192631165799e-01
2.064454754232900313e-01
2.047242051564249210e-01
1.901387835799631110e-01
1.948229748470530209e-01
1.997306358443996510e-01
1.878484574156704667e-01
1.857627695320023531e-01
1.821596375653590227e-01
1.743555227151285802e-01
1.701817289370087527e-01
1.628358245736686860e-01
1.711215823762760879e-01
1.670683744230410106e-01
1.659615956515953783e-01
1.564806850392681248e-01
1.591567735623894975e-01
1.624492619071663535e-01
1.523078695251772752e-01
1.529463088866823417e-01
1.497652931777237739e-01
1.534809600664886475e-01
1.411771442415669098e-01
1.451791054115597057e-01
1.397116321740232148e-01
1.442695126894610325e-01
1.266521032981783035e-01
1.311317962992048503e-01
1.259555047592019195e-01
1.274117308882981581e-01
1.228841270293899168e-01
1.238560778777903215e-01
1.245625245584698476e-01
1.202727405566283991e-01
1.261953732901779091e-01
1.149648393247504619e-01
1.101017307074549367e-01
1.123864041312198359e-01
1.079702440001717306e-01
1.013751855918231387e-01
1.024426657663381063e-01
9.931479901558873391e-02
1.045329686818692316e-01
1.034648882458897023e-01
1.015169551603090914e-01
9.775125733223960500e-02
9.085290102362118814e-02
9.480033682048853716e-02
9.225838244760314888e-02
9.208146439157793850e-02
9.127936639613840053e-02
8.942677452812536343e-02
8.595852609797233201e-02
8.223146679680906623e-02
8.363398705904605268e-02
8.524483879212657600e-02
8.609064401282211232e-02
7.896586732080862481e-02
9.647452196577943617e-02
7.878564364563284128e-02
7.038440485259002399e-02
7.468975618287003460e-02
7.288687101816904157e-02
6.723866496476077481e-02
6.541294368402980619e-02
6.768663338167404953e-02
6.632302498120963563e-02
6.655943707792864872e-02
6.174204942833833726e-02
6.013808602018935745e-02
6.155080881430916029e-02
6.321036113759906372e-02
6.352369883895275793e-02
6.026872785254476506e-02
6.302158665697117634e-02
6.197833546572636965e-02
6.651961164196149023e-02
6.043171835979128936e-02
5.686062293852237742e-02
5.589649658837613638e-02
5.361167568839095288e-02
5.071076324852829414e-02
5.362537555884908103e-02
5.465191677714713314e-02
5.406516274289764612e-02
5.005639107783395325e-02
4.699647675108886702e-02
4.659385800122806121e-02
5.295069651608864253e-02
5.406946113669888754e-02
5.376699208069308372e-02
5.563040695925055429e-02
6.107039109599375626e-02
4.423657727514748728e-02
4.167676441147597638e-02
4.394954875069968098e-02
4.693427597431003989e-02
4.636350796298293470e-02
5.478115747121004714e-02
4.033051456437574539e-02
4.067442660347374978e-02
3.970128862762934557e-02
5.708842726072731188e-02
4.946690527680212834e-02
5.127550457372449105e-02
4.770145624752671065e-02
4.558852436255000223e-02
4.723432385230370845e-02
5.971564161914455493e-02
6.011621007334248118e-02
5.528313035709185586e-02
5.539691912646713123e-02
5.510237928724463774e-02
3.996482151649678044e-02
4.331760046885439058e-02
4.335151288423375049e-02
3.545184279631062585e-02
3.332318896049384083e-02
3.934568962703267891e-02
4.469939302473658477e-02
3.976815871861900942e-02
4.460721489094188891e-02
4.065339605973845166e-02
3.718256205197156827e-02
4.197705603545058561e-02
3.698733363749963365e-02
2.935862979498031489e-02
2.832810315570129245e-02
3.067792287812272714e-02
3.185274284540300788e-02
3.821690390178453245e-02
3.252654875847239835e-02
3.056302866025148099e-02
5.087723419860163548e-02
4.550529165499840600e-02
4.697056315790923420e-02
2.913898251757331137e-02
2.764026374910575831e-02
2.814185716230032525e-02
2.631875528065668809e-02
2.806615760474580334e-02
3.002033767221823010e-02
2.691836566636238506e-02
2.338659184498096538e-02
3.201138923232365457e-02
2.688146292965599982e-02
2.544234802079079968e-02
2.504891841542589842e-02
2.527093577755764806e-02
2.345886262309859402e-02
2.282650916950033568e-02
2.282194503307881372e-02
2.267216432138699847e-02
2.544106634333864053e-02
2.260071704167422590e-02
2.686829913407297321e-02
2.564863230717010639e-02
2.300071747140460671e-02
2.056287268348678046e-02
2.029529584497634029e-02
1.995441020635044596e-02
2.240233304138442710e-02
2.083952840604730988e-02
2.108180614218176097e-02
2.107802571930815494e-02
2.232144900056892006e-02
2.754449086291701695e-02
2.310975218401515111e-02
2.039483404062361963e-02
1.978610478165676936e-02
1.838802716942106869e-02
2.233751063199346590e-02
1.809346743421170328e-02
1.700452967932302231e-02
1.841324665542645039e-02
1.814127533765903799e-02
1.715929386344508187e-02
1.935150997869831968e-02
2.041667965341801422e-02
1.793015697567320460e-02
1.771314730916842897e-02
2.042701949590334035e-02
1.889156485390506776e-02
1.905237819166640326e-02
2.000219196791216611e-02
2.293590450937857059e-02
1.803166320344556234e-02
2.039647265912471197e-02
2.018482464288503739e-02
2.034788470082284084e-02
1.740062260810772143e-02
2.010097326648008914e-02
2.875014171133366547e-02
3.120280340053300031e-02
3.015010616602335075e-02
2.724909467353714074e-02
1.958904026106888727e-02
1.961095838897004145e-02
1.757938907817223340e-02
1.896869808402929306e-02
1.672802470286309864e-02
1.717325514826013866e-02
1.910898651858004837e-02
1.929562466453819958e-02
2.228264696412075169e-02
1.973208936672408639e-02
1.701431542225851148e-02
2.190232671518543839e-02
1.825936659217824651e-02
2.173225312475745782e-02
2.336411366022955738e-02
2.438949396499105748e-02
1.937993167789020879e-02
2.662868845709428708e-02
1.849261657137074230e-02
3.354339387157605212e-02
2.238474457790209579e-02
2.304029227641926983e-02
1.655040352087615643e-02
1.698791402270305798e-02
1.505907047440915164e-02
1.809162885559820882e-02
1.709868830705964932e-02
2.118840833623092737e-02
2.391594100972422449e-02
1.479261825695112331e-01
1.985562238162357218e-01
8.680156737652360011e-02
4.868356115816401680e-02
5.499458905860476338e-02
4.035411131141013186e-02
2.949747179242382875e-02
3.155274731834110946e-02
2.294040859153223880e-02
1.886509462219329233e-02
1.875953141272302532e-02
1.642645984387578612e-02
1.621285515710319675e-02
1.348533054728724007e-02
1.332059365658083000e-02
1.451396963677317742e-02
1.351216732415070829e-02
1.305185437674377669e-02
1.294174295119265676e-02
1.321447728384095993e-02
1.351851435262083762e-02
1.450830045168092358e-02
1.465758500485037433e-02
1.585621699783165348e-02
1.266213001162272075e-02
1.136200499174380360e-02
1.206145683636736590e-02
1.261094169449464113e-02
1.271313474609826397e-02
1.241081352064456883e-02
1.315724025893522109e-02
1.244631930218229911e-02
1.207229348370140835e-02
1.216444401936934809e-02
1.325376282075702190e-02
1.213141287415665272e-02
1.370618281805200192e-02
1.580232376538553626e-02
1.515767267138464283e-02
1.220389867787113544e-02
1.261517289713473371e-02
1.466456902235844725e-02
1.352401711855781910e-02
1.152101761770766945e-02
1.165477958772087250e-02
1.279465858355149921e-02
1.157916885196427943e-02
1.360568095872428766e-02
1.154761841996601764e-02
1.121703953296429232e-02
1.046851129954246007e-02
1.087241542951685597e-02
1.015381631694093657e-02
1.137810810530101406e-02
1.047571395831236804e-02
1.041338679919413986e-02
1.129471264734575181e-02
1.080363445783705419e-02
1.039605038635358497e-02
1.191816758317125122e-02
1.229304089509562076e-02
2.558057828070927492e-02
3.071911583045618122e-02
3.166372887513088652e-02
2.331623704575309236e-02
2.068791296258854634e-02
2.179816062858779685e-02
1.809077093984236273e-02
1.210091474027594899e-02
1.155018918479734993e-02
1.164941202508768155e-02
1.003318955868500242e-02
1.294306447579769530e-02
1.077356758053130484e-02
1.153871721990843736e-02
1.052766438533841303e-02
1.200111838178088801e-02
1.091622695751734255e-02
1.790339038276477987e-02
1.549248117639651263e-02
1.402112028996813260e-02
1.475304933386064471e-02
1.595993692793874069e-02
1.718416257476916564e-02
1.971976896787364097e-02
1.516566643323083094e-02
2.284985511138507702e-02
1.440563780170613789e-02
1.306165308997764632e-02
1.104484966340403204e-02
1.158187592573681896e-02
1.188468549247736171e-02
9.711374430257147666e-03
1.156867515903193915e-02
1.012924564063132603e-02
1.070214964485562831e-02
9.995298377932289313e-03
9.711745309223683911e-03
1.008485996852881775e-02
1.102936325273862900e-02
1.115775314967195481e-02
1.064765853370759109e-02
2.595646059885637486e-02
2.637957875556280751e-02
4.625032827131625446e-02
2.345797911146104558e-02
4.633736405381969070e-02
3.110093899639601936e-02
1.977334880070823198e-02
1.600866086937067015e-02
1.928118716287756038e-02
1.267030862507160377e-02
1.368935900411124076e-02
1.480530837668782469e-02
1.145574157537080154e-02
1.187759337303438863e-02
1.298684906061886579e-02
1.254620701715935746e-02
1.310158158904387721e-02
1.147895109330097398e-02
1.090791582674244253e-02
1.095434118540204033e-02
1.024117269555062555e-02
1.205367585372849222e-02
1.010901017754676535e-02
1.078203099583020450e-02
1.012032935711360167e-02
1.209156254973429295e-02
1.223829528871177123e-02
1.236054282152630572e-02
1.208546912393139786e-02
1.259254403863619559e-02
9.870435548981648655e-03
9.458606633964451726e-03
8.817626879780413734e-03
1.026611532211783341e-02
1.284100645894448861e-02
2.133850893685572403e-02
2.065158243018747758e-02
1.362684378582098253e-02
1.165430521237729306e-02
1.150889526749089911e-02
1.178777107564703795e-02
1.265866566424010860e-02
1.113594301087519195e-02
1.094639392302994112e-02
1.527115036615159585e-02
1.446170466557764392e-02
1.283237149354281466e-02
1.708879699106949021e-02
1.290461155580710506e-02
1.223100314489210944e-02
9.899753856300373342e-03
1.003347324374271113e-02
9.285900272117975432e-03
8.753577414633489234e-03
9.006905082095027770e-03
8.129313734549776030e-03
8.597464322375996532e-03
1.118147565611020931e-02
3.109832339517834207e-02
2.652043855037009359e-02
2.410768199724660707e-02
2.168981275312555079e-02
3.319406713036355400e-02
4.536462296027638647e-02
3.867977007292641017e-02
4.842720924918768322e-02
2.815995032253433908e-02
3.313034141681479861e-02
2.626945133628335802e-02
1.820841653233499363e-02
1.459552551252606654e-02
1.137636089118206767e-02
1.247921205496230028e-02
1.052760114398476783e-02
1.049702730867376095e-02
1.150081123379275219e-02
1.007815154335062018e-02
8.619276532290200132e-03
9.361658358007004382e-03
9.358666883415038898e-03
8.105513846975434186e-03
8.398964620269887618e-03
7.731919309697085976e-03
8.741222651895986726e-03
8.344030807124799831e-03
8.026670221944389588e-03
8.690418818621557795e-03
8.121996136172515354e-03
8.215806806891413905e-03
9.056791824223925022e-03
8.556357934999566164e-03
1.037869269526393336e-02
9.629801346454866864e-03
7.987472064029887964e-03
7.431049172100918053e-03
7.907784703265165888e-03
8.592033329714799522e-03
8.452270532042959611e-03
1.021468592642077282e-02
1.491019070449622896e-02
1.727144554556401396e-02
1.794655180165784930e-02
1.657176232923129877e-02
1.355984191617672432e-02
9.681302287913093677e-03
1.081152952370023450e-02
1.116761667521019678e-02
1.008638564642021923e-02
1.213637875546918349e-02
1.323889028272129398e-02
1.048061897141174502e-02
1.388827624834086151e-02
8.948740205498757067e-03
9.955565097029665106e-03
9.889851201377596740e-03
1.221604953199863751e-02
1.079402486039948011e-02
9.581368605376401615e-03
1.014483705693458408e-02
1.019868440585362628e-02
1.549658473681908913e-02
1.089936266035212639e-02
9.401240270663604320e-03
9.803831477461414853e-03
1.169343501301879987e-02
1.093798457551947538e-02
8.312961566454885390e-03
1.273537298693949368e-02
1.258519324438348713e-02
9.545598309403257112e-03
8.845616628689599234e-03
9.016704740189351169e-03
1.101333228750057437e-02
9.727378084350509282e-03
1.061244146831105857e-02
8.813168980578758513e-03
9.288272017662791563e-03
7.985459407572217602e-03
9.266447546868257848e-03
9.121160014680589762e-03
8.938704359539868805e-03
9.740143729356691080e-03
1.145432757895629809e-02
9.723907956395383412e-03
9.295689538686690082e-03
9.388401679937928221e-03
1.084504676048241543e-02
1.348108123399247016e-02
2.175218190002121965e-02
2.961001399570642803e-02
2.762561388464634254e-02
3.166622083079166650e-02
4.283443522471302306e-02
5.655191483361026589e-02
5.404995088336739251e-02
6.075657237600048943e-02
8.129990083550932278e-02
5.109080613990397979e-02
4.762296073010991587e-02
2.534389661314656594e-02
1.963787825372783138e-02
1.494152463285362484e-02
1.518159637474979576e-02
1.697558966304691871e-02
1.272188624330614949e-02
1.121354276260863418e-02
1.135458669904083374e-02
1.016547341761595349e-02
1.124356833275907790e-02
9.778950056191958867e-03
9.433574611739834262e-03
1.008569853787003034e-02
8.866999164002967865e-03
8.548202173487345554e-03
8.677969228795314946e-03
7.767257029569218235e-03
8.880790858803600668e-03
1.063429953068919381e-02
9.558619317295007078e-03
8.191298007067309914e-03
8.001508369599829099e-03
9.891628268755978809e-03
1.181924267346895138e-02
1.005868152490959309e-02
1.040774746572255965e-02
9.144024294945315295e-03
8.946733912706828634e-03
9.000447745642299602e-03
7.929061976458161992e-03
9.961238177834026014e-03
7.065000257003046548e-03
9.971306279708392825e-03
1.096365262559828579e-02
1.462913976381362453e-02
1.217540883745348544e-02
8.538900478279022599e-03
9.444071358999271346e-03
1.076588053738073737e-02
9.992761057324061474e-03
9.677653395416216733e-03
1.306659869621615289e-02
1.576203814983266616e-02
9.953684034920171758e-03
1.021691993900299827e-02
1.033529272353913946e-02
9.033906222285944393e-03
1.018441463887596182e-02
7.929526161925212063e-03
7.415869038741084406e-03
8.999425528363040952e-03
8.209345409927813753e-03
8.784006014026556411e-03
7.664303320920057803e-03
8.293389247467768469e-03
1.037332847884128544e-02
1.007525429025524222e-02
1.248956554833447960e-02
1.379946546159383815e-02
1.383616625771785097e-02
9.973539969102081584e-03
8.015690483912088146e-03
8.811878710757089020e-03
7.887023240507318872e-03
8.666907208355729975e-03
9.956139148667709354e-03
8.641509481670313353e-03
9.548934062998240546e-03
8.873455285993574887e-03
9.388795371976583343e-03
1.259381916868037785e-02
9.301727770641678161e-03
9.260258377974383073e-03
8.367908063030692067e-03
7.050019755276636622e-03
1.102099998495152146e-02
7.497039909455997971e-03
1.119041483633138531e-02
1.514240368390016613e-02
1.195864508710873728e-02
1.313669826264276391e-02
1.337256486675540527e-02
2.188866783845268976e-02
3.940272349388515560e-02
2.386393669138014637e-02
4.068455524773838261e-02
1.996467016958788226e-02
2.096496526024578533e-02
1.895455672298019395e-02
1.309858298607767015e-02
1.481425819446161724e-02
1.643355884129395900e-02
1.160463747799524332e-02
2.397143612907779234e-02
5.177652110472748259e-02
3.821606800598807696e-02
8.050494866002969041e-02
5.604561055751525189e-02
4.518605268591151247e-02
2.509015044059415001e-02
1.745461882301342985e-02
1.490412816016268953e-02
2.188517135609365297e-02
2.350223145490622917e-02
1.748952260042959186e-02
1.294176016533450137e-02
1.705144427528939438e-02
1.240695378494785506e-02
1.159170051382371613e-02
9.412919697638509955e-03
8.706276246418212864e-03
9.344027078741479891e-03
9.566048850541365375e-03
8.359701339063085532e-03
7.608870813278962621e-03
7.319394326430324511e-03
7.038814539656919854e-03
7.159573489219617747e-03
6.746122814888473769e-03
7.847207701079220860e-03
7.529448621818234273e-03
7.373374522249735025e-03
7.388984338482566111e-03
6.636180684847183507e-03
6.775188232144358988e-03
7.324209550107124711e-03
6.442230171501913544e-03
6.702612373975934575e-03
7.339693233538591675e-03
6.507457737025032496e-03
6.308378109610043166e-03
6.432116845443749606e-03
6.428701548162492167e-03
6.293299516824855076e-03
5.978453835746000075e-03
6.162734125137043530e-03
6.711103652792701352e-03
6.583733782736484602e-03
6.849078920651145361e-03
6.258171517082473066e-03
7.751644765253453730e-03
8.554317906295117596e-03
6.332200830215179224e-03
6.984265371424634022e-03
6.570117344440463449e-03
6.460070812609477152e-03
6.811199502800126607e-03
6.489941494424930624e-03
7.848357385878123108e-03
9.347124513218061856e-03
9.977307531763667317e-03
1.063520776268849291e-02
9.878642015448531322e-03
1.070231305994436694e-02
7.540829119435482099e-03
6.875376778891988984e-03
8.987739863307650859e-03
7.967925669133086447e-03
9.891826566876617960e-03
1.028097792605828058e-02
1.017458405965366956e-02
1.587579315664853011e-02
8.465933924282466674e-03
1.190325812103706742e-02
8.228107379837763802e-03
1.219854571919762147e-02
7.916548484908792621e-03
1.067962318236058070e-02
1.139828476779915049e-02
7.789484256231960294e-03
1.001724533584631184e-02
1.132598268623101825e-02
8.479959927430858260e-03
1.187281460181115536e-02
1.462031792578173846e-02
1.950629836176161896e-02
1.197286950213450642e-02
1.060142989779008088e-02
1.169579206819450559e-02
1.135158392090606337e-02
7.382181895338542701e-03
7.064047734831357603e-03
7.231740437534633914e-03
7.595492378973577909e-03
6.737892584409371256e-03
1.016256936112015265e-02
1.014442342183042092e-02
9.580196092969447269e-03
8.847928609774789385e-03
7.292151789657543536e-03
9.983595687014493528e-03
8.674930022359752038e-03
7.700559692008935447e-03
8.012350460643054631e-03
8.250897548919640737e-03
1.303627427387387197e-02
1.184054571169324693e-02
1.364640395601070429e-02
9.082902483177014361e-03
1.178799933579520974e-02
1.104969436759968733e-02
1.710829351323264400e-02
1.817696160796890281e-02
1.988980941167796737e-02
1.301862310286730322e-02
3.119014343966578298e-02
3.162205793398639719e-02
3.790161057623873953e-02
4.489969111725727186e-02
3.114496466619709816e-02
2.745374589819870800e-02
2.129471965466249450e-02
1.746808120637489276e-02
1.618718507250766978e-02
1.197338341412812826e-02
9.495926449483580584e-03
1.799300189329148397e-02
2.212696819230467946e-02
2.452718029483088452e-02
1.371344742645753782e-02
2.233861352925175375e-02
2.913660825248694936e-02
5.257199792965960156e-02
2.905861802143543116e-02
3.241313390092435964e-02
1.712766385118731985e-02
1.727982153192294396e-02
9.696046371701207839e-03
9.802586201046141826e-03
7.851711255137405060e-03
7.863001278567359822e-03
7.407088350561918944e-03
7.381258301833292651e-03
6.369641637635532587e-03
7.042410481109982398e-03
8.531672694044202879e-03
6.527121378436301705e-03
7.938232285069830516e-03
7.645362682540329108e-03
7.860019526563687825e-03
7.008078652074599228e-03
6.820700545007528544e-03
6.191836811147516384e-03
5.741600410022977725e-03
6.370463934771572467e-03
7.438618466096256349e-03
5.847863875851710622e-03
6.066196141908063687e-03
7.247573384484933684e-03
6.089470096686989617e-03
7.390919264013877735e-03
6.094888014041182842e-03
6.119139793605672499e-03
7.038558783565630229e-03
6.990756201898324328e-03
6.281719495989125483e-03
5.926988855479964867e-03
6.092793934881675540e-03
5.745907487039323552e-03
5.702330868359074996e-03
5.536943644958419036e-03
5.765567912012035424e-03
6.154752359813537785e-03
7.411435478037474260e-03
6.861103922425774125e-03
8.424101421867393261e-03
9.109124093526880378e-03
1.221560007952256742e-02
1.784111084744096493e-02
1.512218029225020910e-02
8.475536968708912225e-03
7.918595754600464207e-03
8.599418227976197981e-03
1.253342106038913932e-02
1.270232022143003188e-02
1.021432958137276879e-02
1.039582531920143181e-02
9.208801312002082989e-03
8.967630279330611465e-03
6.916758906093415857e-03
7.470676076362366830e-03
7.056476889000468621e-03
7.944318032956265013e-03
6.192762651048911923e-03
6.610166428002956646e-03
6.235279040688111556e-03
6.345208029129882285e-03
6.448284241187553743e-03
6.942919397951897650e-03
8.688885729288477189e-03
7.802043205194301480e-03
6.039863509546155619e-03
5.674184171705092504e-03
6.082224567521873904e-03
7.255171800295631343e-03
6.523753353095036039e-03
7.819063209961741798e-03
6.732073183310016348e-03
7.373715516544482838e-03
8.177132702845263043e-03
2.094391378427271425e-02
1.997237272978211881e-02
1.634812539271770365e-02
2.589280916988799183e-02
2.088205607113276241e-02
2.829599941385957385e-02
2.145041773592258269e-02
1.773274534820120513e-02
1.140147304675379926e-02
1.045278276608067707e-02
9.360314694995413437e-03
9.072473693949435411e-03
8.960019308148338066e-03
7.759160690364908658e-03
7.171616657325326563e-03
7.432364698636936828e-03
6.601762896209662640e-03
6.002757099554028274e-03
5.955462669384899849e-03
7.328995283437231625e-03
6.536392442416329510e-03
8.569545341054904397e-03
8.439683406596201060e-03
1.296533175830231685e-02
1.601575229129851077e-02
2.063895427483804917e-02
1.880105612645890586e-02
1.127059175363541790e-02
1.079023042212351804e-02
7.802974918701239063e-03
8.208694851968619671e-03
9.159560649584485778e-03
6.601794244275978156e-03
8.134308279163397076e-03
7.611726802198897669e-03
7.398973148393473385e-03
7.841804090077080305e-03
8.193930136876390741e-03
1.066448787193844186e-02
8.267624466540397787e-03
1.093349835353208191e-02
9.730570865484265003e-03
1.138011418500668032e-02
7.526017836899257657e-03
1.030131242347742324e-02
1.214865618734489901e-02
8.835471015327131181e-03
1.136384955771988989e-02
1.101858356919508015e-02
1.021148366344373955e-02
8.226208783459429755e-03
9.686140000092036823e-03
8.340105624728817724e-03
1.247776507234462165e-02
7.972295315186487055e-03
8.685962913343834788e-03
8.138404973117881538e-03
6.984347181364032424e-03
7.306925184875474009e-03
8.777140693426967871e-03
7.792337162555433398e-03
7.193671061954782890e-03
9.296926892414503901e-03
1.150506065009851593e-02
1.114144396325096771e-02
1.193026681566997961e-02
1.653826911019801518e-02
1.081283604018703354e-02
1.450561179968111111e-02
1.212759642865460577e-02
1.036375721892327136e-02
8.988464949316172375e-03
9.040965908578939281e-03
1.060855697612289247e-02
9.117246658811183416e-03
9.158925119153412883e-03
9.267854646068864055e-03
7.606828805993283774e-03
6.420431127583336138e-03
6.731987822671480458e-03
6.046854602594629521e-03
8.051895879384957100e-03
7.063124795406610854e-03
6.207046754100208411e-03
7.726365292529664350e-03
7.208995127016944865e-03
8.342050792173712204e-03
9.529742482772919632e-03
9.002622656167285492e-03
1.122401420653301035e-02
1.130264569682302642e-02
1.282367237094277426e-02
9.820100336964111137e-03
1.482860927513508266e-02
1.436842948709864294e-02
1.293758801130632727e-02
7.988341110899565070e-03
1.132873500192646890e-02
9.543019998447746163e-03
9.684957804910259219e-03
1.059279605339676772e-02
9.161583046188661456e-03
9.875133951663915555e-03
8.489532475932646746e-03
1.381906098232047776e-02
9.852268215754507105e-03
7.890747093066387968e-03
1.122943284889266376e-02
1.093294796946847787e-02
1.515176173949730684e-02
9.219903397171592269e-03
9.416128730369132532e-03
8.671278504975343804e-03
1.049165086943413053e-02
9.897004707005748261e-03
7.628339458950653129e-03
8.342083740546422932e-03
7.379570865436577663e-03
1.563104176315074575e-02
1.544253431807164796e-02
2.737328076531210519e-02
2.111871085212708304e-02
4.433480319581368373e-02
1.601114019436622807e-02
1.411661534016257248e-02
1.003758762173290880e-02
1.493329381450185858e-02
1.140751413603324944e-02
1.369420274381738349e-02
3.446721993184249239e-02
5.790676539014191077e-02
3.911643094355228556e-02
2.948507845910079347e-02
3.113284436891079754e-02
1.794058828312994347e-02
1.044721060088391398e-02
8.750226748636888430e-03
1.071735958813328435e-02
8.092823805414582974e-03
6.625369177497637992e-03
6.016021119137861771e-03
6.760952713024391027e-03
6.944000187608588039e-03
6.434476113087220749e-03
8.356190683156390284e-03
5.505319161325923812e-03
5.564074351298887132e-03
5.692027602563856994e-03
6.213861929726560707e-03
5.581894503310375587e-03
5.337660979976024088e-03
6.742314970030999222e-03
5.408427719045179674e-03
5.145306672124065270e-03
6.643575841844658741e-03
6.675221409158802605e-03
6.598512675579700643e-03
6.424955977528101422e-03
5.444727510445658732e-03
6.311747230877347119e-03
6.671243580072497292e-03
6.926472036697519513e-03
6.998271309050877256e-03
1.020701198669055065e-02
1.454613526522831497e-02
2.465171833850619831e-02
3.344529830824424788e-02
2.451238665084189139e-02
3.641533046321056982e-02
3.696033010411493153e-02
2.114081157246059176e-02
1.038227235360459667e-02
1.018570021306198017e-02
7.213436660833561637e-03
5.997829889198618911e-03
5.701034821226408714e-03
6.943630561882541477e-03
6.138481611008266871e-03
5.656987109277351530e-03
5.879931149745802263e-03
5.728015836738382070e-03
5.881812845935053061e-03
5.547713146772575120e-03
5.363404776825030952e-03
5.449287843274286912e-03
5.895763295280175356e-03
8.621953833772528358e-03
1.357168517066636645e-02
9.859817345391050716e-03
1.176927403142489885e-02
1.418118042299617437e-02
1.119999637076691396e-02
1.621439536924068961e-02
1.495344762184887093e-02
1.375334802076693536e-02
1.736099853186162320e-02
1.041533299772585443e-02
9.910253298270287753e-03
6.352592193718289461e-03
9.582657419619560954e-03
6.962321169601049832e-03
5.686621894671404012e-03
5.940421749888989862e-03
5.385179843145065405e-03
5.417251460856692749e-03
7.286661311227560917e-03
5.068468357000543295e-03
5.062981980706635944e-03
4.912924533461224784e-03
5.699982098849063622e-03
5.607160342035737328e-03
5.748813657424820499e-03
6.036331279608623396e-03
6.790779225859155423e-03
6.829681072251517909e-03
7.794577438370883446e-03
7.926372944561709336e-03
7.828631124846075276e-03
6.609004824020037888e-03
6.859997725607499056e-03
6.422945858253524022e-03
9.115684564972425380e-03
6.184148938168803483e-03
8.057560427028003305e-03
6.431907538376173232e-03
9.369195818308855006e-03
6.509830239181247161e-03
6.707981211995396945e-03
5.309833011155135757e-03
7.226657913107614739e-03
6.895417263258114132e-03
8.148315952864106787e-03
1.148729240447011329e-02
7.616642625931845274e-03
6.242179143312446589e-03
7.404383232233894933e-03
9.043908584664936065e-03
2.048552731636631152e-02
1.686579736648654085e-02
1.462094998639239946e-02
2.249579452232942228e-02
2.353886642824961142e-02
1.938329091145470778e-02
3.400092987195727640e-02
1.276506206660605984e-02
1.057216642974377098e-02
8.173187477062625675e-03
7.450366663205970109e-03
5.472262223085526053e-03
6.048369116762968706e-03
6.507948882050918794e-03
7.267329113391359126e-03
7.061182172244668230e-03
6.193667346037314177e-03
5.645264660964940430e-03
5.301616240773920213e-03
5.227066796203155320e-03
6.329135422114154017e-03
1.001224118835570415e-02
9.168647069889021908e-03
7.994542327986116012e-03
7.646459162995316444e-03
7.072726734383204088e-03
6.801355605773404776e-03
6.185957850149274503e-03
6.395626651074107563e-03
8.041034093442858341e-03
7.252085230260922437e-03
9.861236349864075865e-03
8.455898543597585235e-03
9.210461214786459100e-03
9.834614568798572681e-03
1.105863084775063343e-02
1.436737333869097903e-02
1.221011317326601772e-02
9.886817041892263097e-03
9.244645729158217431e-03
7.289170638531503044e-03
9.788691938352390987e-03
8.247049484956399043e-03
9.422282620477444304e-03
9.010170644421670177e-03
7.369881617438448461e-03
8.950944780875177628e-03
6.765401665779277075e-03
8.255195894986898722e-03
8.849422532489740686e-03
9.880926306118769167e-03
8.931010766328418768e-03
6.997480907163401188e-03
6.293234259201235109e-03
6.774245472274712312e-03
6.255759456558299472e-03
6.997143738803047325e-03
6.472556596491165458e-03
5.406001839662271692e-03
5.058441317696189127e-03
6.462959089682739425e-03
7.150295868763441483e-03
5.952002125506727914e-03
1.007940511943037493e-02
1.714706030079423890e-02
1.802306922633845412e-02
2.474085856114217191e-02
2.714080904164886329e-02
2.638571428934855662e-02
1.921921767426606684e-02
3.280578385398055796e-02
6.933873177033625379e-02
6.248486053033951854e-02
7.114793523571917577e-02
7.593164231961835320e-02
2.542066903903075423e-02
1.855448007361834920e-02
9.899079889206501698e-03
8.641619541589210668e-03
7.343215934782424369e-03
8.435658932370722687e-03
6.325891391338345562e-03
5.392392717746757186e-03
5.506370790322618128e-03
6.934019197830178921e-03
5.393929570853697210e-03
5.131416607692628612e-03
5.000210105818664319e-03
4.747101614062656724e-03
4.721447357528451433e-03
4.843764464450785526e-03
4.820406863825403738e-03
5.315418798326713469e-03
5.107021595526956524e-03
4.995580902476230364e-03
5.177847521374125475e-03
6.134298305775652896e-03
4.841603854052324400e-03
5.731796899636626419e-03
5.729416680230715701e-03
4.930775541973262364e-03
4.730966458604744102e-03
4.303531642548958681e-03
4.479213445395228629e-03
5.164492478631110134e-03
5.256022953503478382e-03
4.475383177948003867e-03
4.904555448132411934e-03
4.946306531397715034e-03
6.342502013725801607e-03
5.918973264061976394e-03
5.258650429759600432e-03
4.857793956724217217e-03
4.777414136175286118e-03
5.856076665390185648e-03
6.073514135990812704e-03
2.121848972262618122e-02
2.019318498884982785e-02
1.548913153458411976e-02
1.214675149153704101e-02
1.174276452898556818e-02
8.453743625295453978e-03
8.398199822905879144e-03
1.075363555507740168e-02
1.102548271205095951e-02
7.906035965351169287e-03
6.896300237935850883e-03
4.929000586914080925e-03
5.805186767688068870e-03
5.864097917163840074e-03
5.388347254027110039e-03
6.894728835478847705e-03
7.562592581350094725e-03
7.546926630780737347e-03
8.675800585280940905e-03
6.775967016434113546e-03
6.261227639100194059e-03
5.291468335411903673e-03
5.706727417075604068e-03
4.789495769360841912e-03
5.211378911490522833e-03
6.582437850833683900e-03
6.264751996972581574e-03
8.502301294873424592e-03
1.402102239216164968e-02
2.431083356824452479e-02
1.881962798979787410e-02
1.420272951543152980e-02
7.179808888934273610e-03
1.166994736723684679e-02
8.876990494952240185e-03
5.664445761880895769e-03
6.984734035209187383e-03
5.470427254539309697e-03
7.702171337676965227e-03
7.531856318206137622e-03
6.432144044286615056e-03
6.679148442797316378e-03
6.179541611899204250e-03
6.409223451646637107e-03
8.955713245900913042e-03
7.561947512400268336e-03
1.016225609447165938e-02
8.901502058638597822e-03
7.343954112206140840e-03
7.774365773655813119e-03
7.221437267028073086e-03
6.753899763993500248e-03
7.502481414750473629e-03
1.588833130992844608e-02
2.334643271065266201e-02
2.162033415818372106e-02
2.975216506079969569e-02
1.989877729745825885e-02
2.039414595994895954e-02
1.908794552482276710e-02
2.134645674464897072e-02
1.618705857797740622e-02
1.210595861839711303e-02
1.256546668480672951e-02
8.723215710747442980e-03
5.854083032040593645e-03
5.935059182035811245e-03
6.991991432956611886e-03
5.548926582492412843e-03
6.700160041783705979e-03
6.349635335771205286e-03
5.964125306815351579e-03
4.677632024575035727e-03
4.555466072692629896e-03
5.211029854709688276e-03
5.939758710257338030e-03
8.164963084495706347e-03
5.747179983869989649e-03
7.223642547696870232e-03
8.975629040965908342e-03
7.210006623065816529e-03
6.209386673732931322e-03
4.541972669799851023e-03
4.217401685420689786e-03
4.550704202590328228e-03
5.792970193771396215e-03
4.727808740551386717e-03
5.834915993429217775e-03
4.491631250563571896e-03
4.667208967642584930e-03
5.635683196614060808e-03
6.395914999308596749e-03
7.322401998316332462e-03
8.003554326761154122e-03
6.640981484745254147e-03
6.721769626527790420e-03
4.666314621163714614e-03
5.682281139538039941e-03
1.093932520168606516e-02
1.508449815449966307e-02
2.474584526455840539e-02
2.500323754889655775e-02
2.033076448300561237e-02
1.542558550901639187e-02
1.048081838415284434e-02
7.738001936889782328e-03
7.243424932362135457e-03
8.171786317189561402e-03
8.633140916166655646e-03
5.812151327470937295e-03
7.057354309274897416e-03
7.416793405479806499e-03
6.390605692622883249e-03
7.387281987293308622e-03
6.653989868565256954e-03
9.258095876900044804e-03
1.038405299205554487e-02
1.001592678069733108e-02
1.561285585240869932e-02
9.773864368657597668e-03
8.705317733836192076e-03
9.506291982885484854e-03
1.276053654582417173e-02
9.699521082440305461e-03
8.405935585753287684e-03
6.295678203058509975e-03
5.572543592030713630e-03
5.907974782456327026e-03
6.179042796644825669e-03
5.961796971098858554e-03
4.724896522938002059e-03
4.662378978968131395e-03
4.639986170702128238e-03
4.427884495056934669e-03
4.170756345103934434e-03
4.088793773650187605e-03
4.441317703474899174e-03
4.234293296781340039e-03
5.134514985605681883e-03
4.610433710585869378e-03
4.518809004188165807e-03
4.179054740095927006e-03
4.114998983972920424e-03
5.038576777691165277e-03
4.848894023591367002e-03
7.502451456034444841e-03
7.783712330209328553e-03
6.466829263802566924e-03
6.710870330753390678e-03
6.885939607759318341e-03
4.568977897089824408e-03
5.133902644814863914e-03
6.516265677893011074e-03
6.271485811878271463e-03
7.266530878473896268e-03
5.409191399509154750e-03
4.220190505327064447e-03
4.443476524127043872e-03
3.961434981497018865e-03
5.747108793963921422e-03
8.453469207842262412e-03
7.800847744141288162e-03
9.035676841665786843e-03
1.592481388224909616e-02
6.610792523061794282e-03
6.963529176632719288e-03
6.603064152086266826e-03
5.604230259068540033e-03
5.689664670317988275e-03
4.635376355114095327e-03
5.265250115386945623e-03
6.665432699055043667e-03
7.556081944387245571e-03
1.976671044725912194e-02
1.357354898172993991e-02
2.635870121924923162e-02
2.888085545324192704e-02
4.300494275330016963e-02
1.680583321911794520e-02
1.349472774791155884e-02
1.140655263685163429e-02
1.661463034332939098e-02
2.177087903908151226e-02
1.757966797221773014e-02
1.311255432023069115e-02
1.488241972570754530e-02
9.075980164909663167e-03
8.917843912040949658e-03
8.700631549881144428e-03
1.454023018420952038e-02
1.544446653605957218e-02
9.384380640643437063e-03
9.021642991985483195e-03
8.182125144427695659e-03
6.325205103807660795e-03
5.831918678482917590e-03
6.253724896342001058e-03
5.207460230707256811e-03
4.965862651505997295e-03
5.766167306756511679e-03
6.493874479210280139e-03
7.157139957228410981e-03
8.812777154151822320e-03
6.376237270643856161e-03
5.047047492904127922e-03
4.645392041271288394e-03
4.216735900318803118e-03
4.372905334888985314e-03
4.062840457668961611e-03
4.436564912669672088e-03
5.429239629213020862e-03
4.639917144130134390e-03
5.969111388092853895e-03
6.156811511646076950e-03
6.184463761529832536e-03
5.377781467521441580e-03
4.524684513708881160e-03
4.773886210525679977e-03
6.374762347598605244e-03
4.575489129852400826e-03
5.654238926382725537e-03
5.553946803180775070e-03
7.427841077512006493e-03
6.960877329988655188e-03
5.698367063628603443e-03
6.313660014254139988e-03
4.580170253267025135e-03
5.506206388537811768e-03
5.265361258929780915e-03
6.188098060746865386e-03
7.306140494830603606e-03
6.437486184568403172e-03
8.464716046459081975e-03
6.970021733523488333e-03
7.595173206697478779e-03
7.902473768990966527e-03
4.676601137303716856e-03
5.403031798485873755e-03
4.630092202392701271e-03
5.282096578528206257e-03
6.364522435116000583e-03
9.025148540298353131e-03
7.537474362346348843e-03
8.354609837405609085e-03
1.141490485845552197e-02
6.995910329087045090e-03
8.546541371148215840e-03
9.649135276573730588e-03
1.066898343571495537e-02
8.055377540074437279e-03
1.224541403536895737e-02
1.750284681568921308e-02
1.393997033294800021e-02
9.908063523007928572e-03
1.522641194752339874e-02
1.287547741183667389e-02
1.528603867649562000e-02
9.375428844200894840e-03
2.151280605506002142e-02
2.398878594052680432e-02
1.702372545714945021e-02
1.170057118093836140e-02
1.092276753877170943e-02
1.626899372254116127e-02
3.916007193365782929e-02
3.055566732924310663e-02
3.158759211299301539e-02
1.552791881920839549e-02
2.908124936763089446e-02
1.861667766505216773e-02
1.422139269508714519e-02
9.024062796990058380e-03
6.200803658279973457e-03
7.017757865042204869e-03
5.675092597564678799e-03
5.759829808207338891e-03
5.208837887379400879e-03
5.062428350289480475e-03
4.899814473298893733e-03
4.708632604525486882e-03
4.334382493541557788e-03
6.095827272785096437e-03
5.968200406335055774e-03
4.752097045149212759e-03
4.108227097323538003e-03
3.895293476948414116e-03
3.928265882760504681e-03
4.411072818637281484e-03
4.129582671847351755e-03
4.048294751927422261e-03
4.022628092818386104e-03
3.928054150391304712e-03
4.462518191268713061e-03
4.560568458715085101e-03
4.529768075990048444e-03
4.098179772197534619e-03
4.100536274454535599e-03
3.738814222788221491e-03
5.274819425182484742e-03
3.868548252942935993e-03
4.976866444043250882e-03
4.097931404875895800e-03
4.440074764821534681e-03
1.109280972978837591e-02
1.562610712311764127e-02
2.884594072620540531e-02
3.839572378878291364e-02
4.096614819013187636e-02
3.568952139481768732e-02
2.013003664591461739e-02
1.376864117958214416e-02
2.421180649110506872e-02
1.846205733029741142e-02
1.491809258573228991e-02
1.444351054757381930e-02
1.189788111282171108e-02
1.187617055560388941e-02
6.594144558080595325e-03
5.914000055833434216e-03
6.369323741158292376e-03
6.758636626514305870e-03
4.891969968117397365e-03
4.793599830044328360e-03
4.598108650948221597e-03
4.396203259627086760e-03
4.311718642781270892e-03
4.707584834726269776e-03
4.283876350818381119e-03
5.349476338993719958e-03
5.749659540196207924e-03
5.581232942198372481e-03
4.906663910816423495e-03
4.287785622083106069e-03
4.178643492186070660e-03
3.811379265201193627e-03
3.874558570377392187e-03
3.873491255355853390e-03
3.937566833276800841e-03
3.999074566761750410e-03
3.850168051387652546e-03
4.204999296345325946e-03
4.076793374720047956e-03
1.155480027406986104e-02
8.677642589925335312e-03
1.111299884668308022e-02
6.298511193001236214e-03
6.920283757566631985e-03
5.469675794189474832e-03
7.054382753786453061e-03
4.283412860109239370e-03
4.177130343802955975e-03
4.286629985733802876e-03
4.323706669028553121e-03
5.000540771876022667e-03
4.622655904362774591e-03
4.841338886859818808e-03
4.524711702539023321e-03
3.899092129588802198e-03
4.407100387839185847e-03
3.764924596514373709e-03
4.525612434375459250e-03
4.575544157520853097e-03
5.589899036619210872e-03
4.324805747984061116e-03
5.053567670301571321e-03
5.201074469887527300e-03
4.808231060678027323e-03
4.610520997977633588e-03
4.491316020809892409e-03
4.553457373060374597e-03
4.746149206132791246e-03
5.333974176626949185e-03
4.733002103106584944e-03
4.342402400029943613e-03
4.976011626037635596e-03
4.069744896354121275e-03
4.016840091633237277e-03
4.481788120949009926e-03
5.275520811773380843e-03
4.951826445745742718e-03
4.355966811719706386e-03
5.993674201792430906e-03
6.176730541415544409e-03
6.651121791332787782e-03
6.296933415385865679e-03
6.385973251029308101e-03
5.224006653260533130e-03
4.727277421591008846e-03
4.942569068320279944e-03
4.260652046824917397e-03
4.640154483234988983e-03
5.404250133091808607e-03
6.410443031319054165e-03
1.407858205680563059e-02
2.795128696716658173e-02
1.557810731717917084e-02
7.180515641899022812e-03
6.883695349915130296e-03
1.336680107774422879e-02
1.062243603714307927e-02
9.546915615199349364e-03
8.878842888580160478e-03
7.957223740865439557e-03
5.379009869741021091e-03
5.378488112798966193e-03
5.068761056120417094e-03
6.583696083291091031e-03
9.768032755462941613e-03
1.194517943309076138e-02
1.478488646177899754e-02
8.826335890537160764e-03
7.347268633865446791e-03
5.867974138335672538e-03
7.276229014265252551e-03
7.814090298454746258e-03
9.698438485926299396e-03
6.417386046009400033e-03
5.970158663085773504e-03
1.043993754176351409e-02
2.200246942282328005e-02
9.936523632062559466e-03
8.342678211595068796e-03
8.027173045212157229e-03
5.172724855467571853e-03
5.184387461229913140e-03
4.006426371368367045e-03
4.082687825837028744e-03
4.122735585387205491e-03
4.323457031164977017e-03
4.189176065859629566e-03
5.313462987444482651e-03
4.335034328800444967e-03
4.521666183641694439e-03
3.910697419690565592e-03
5.018033034154123842e-03
5.265407154236123599e-03
4.698287324484478993e-03
6.593792772684282238e-03
4.965272701545181931e-03
4.974727316648107876e-03
4.913375117654670068e-03
4.586195606781203783e-03
4.612384296496566637e-03
6.192289878768408862e-03
1.226015107921173304e-02
2.202642106848944070e-02
1.985096039887031608e-02
1.066493226729791841e-02
2.982054393902937306e-02
1.335629709138445344e-02
1.877310489427317514e-02
1.005165086549960132e-02
8.132485019573882506e-03
7.388834677724335359e-03
6.393149391222081521e-03
4.478388012962005414e-03
5.569164905068164223e-03
5.253243720175869783e-03
5.616576951137318072e-03
5.036747157657709209e-03
4.726942560284178897e-03
4.904115059824304922e-03
4.435125124301094422e-03
6.387186792856828360e-03
5.573048313423968787e-03
4.940080315659210915e-03
5.850305497246106358e-03
7.914695805717903224e-03
5.955307486638856777e-03
5.934579220394428124e-03
9.097109090915775700e-03
7.848957522626964431e-03
8.235076603371121323e-03
7.874586612163194527e-03
5.406887800353444087e-03
4.627013100173182382e-03
6.611733660504618727e-03
4.921895992831392536e-03
7.006465969897856388e-03
5.623008025158516415e-03
4.575694214606108867e-03
7.030325166919095328e-03
1.073020275618638379e-02
1.451924181680995171e-02
9.898763957333691146e-03
8.242011887580499158e-03
5.360606114879239333e-03
4.536289630088939998e-03
4.060748257797916136e-03
3.451832629717659692e-03
3.463510690570347373e-03
3.964333435556090766e-03
3.061709138161477616e-03
3.205691446995092078e-03
2.945949302038285665e-03
3.011824856257983973e-03
2.844168742391018669e-03
2.974062554418346275e-03
2.981246302604993910e-03
2.965988047262259775e-03
2.969798851819659136e-03
2.991958396059215663e-03
2.958649847130091163e-03
2.918109887690222438e-03
2.899447795800762402e-03
3.118072359704182183e-03
3.073774420030067189e-03
3.284150349158256564e-03
3.016268493692160838e-03
2.893019989562720974e-03
2.898698765888293224e-03
3.035890981888569005e-03
2.941524045016630663e-03
3.122153869192261476e-03
2.963723343419005177e-03
2.915210450403168431e-03
3.040086540456417904e-03
3.065721938504109914e-03
3.004361726956769618e-03
3.295410899263675163e-03
2.876037345087535495e-03
3.238261647664389658e-03
3.033560570265711204e-03
2.889685605903951054e-03
2.870536790143357348e-03
2.775617505166048504e-03
3.181587077535835868e-03
3.079339310911418954e-03
2.913162117839086535e-03
2.966103372560867021e-03
2.894703589923641393e-03
3.010179036475503153e-03
2.948698489425441178e-03
3.158561060743451335e-03
3.068815938118044529e-03
2.915044502258783924e-03
2.904307589826529701e-03
2.902373443594920104e-03
2.961872734277406181e-03
2.913471505568691888e-03
2.944980938771153516e-03
2.902410561441315547e-03
3.302513581645074529e-03
3.027770422175933042e-03
3.033698840269566203e-03
3.038006840068822878e-03
3.107136061120611102e-03
3.023319440099784313e-03
3.127005562110147900e-03
3.230012251551082469e-03
2.976228884753908625e-03
3.022152667352428265e-03
3.082158578075577197e-03
3.125086958982449016e-03
3.011688061878979149e-03
3.740185349724018879e-03
2.905393735670803827e-03
2.889051556648626184e-03
2.899157109225702130e-03
2.738389909300774794e-03
3.382832228037811403e-03
2.864282952585986766e-03
2.850351079944528961e-03
2.905340341866586001e-03
3.061992276838424506e-03
4.112001640521863524e-03
3.736089739923897923e-03
3.602333901362484315e-03
2.945516246471517260e-03
3.128534908985248272e-03
3.361165439223376145e-03
4.238351670327201309e-03
3.005187363148341569e-03
2.856609850660180288e-03
3.243325661050100971e-03
2.990178959319001861e-03
2.839357987483846248e-03
3.259276837909958185e-03
2.833813187906583653e-03
3.860256325105734278e-03
2.789132740663340278e-03
2.839632883768493637e-03
3.136460368133296185e-03
3.150117666193880464e-03
3.087481697976225854e-03
2.910654955115767658e-03
3.020330318319930634e-03
2.874882608868649120e-03
3.070463295956457096e-03
3.176863504202623052e-03
3.012175797891629685e-03
3.086603990447636062e-03
3.501871086275796120e-03
3.584811331114693203e-03
2.916457135536885004e-03
3.302212177516057091e-03
3.211483079862705644e-03
