5.776280750042902395e-02
3.181375363419179647e-02
6.218105880163767724e-02
7.659946194271995135e-02
4.651523102170206786e-02
7.948667663625764990e-02
8.366360519742370438e-02
1.085829379830845764e-01
1.964382626879007665e-01
2.435253668353805911e-01
2.671191735870629413e-01
2.454473065133898901e-01
1.995697098206404840e-01
1.797697975845150564e-01
1.508294186424805061e-01
1.352453370874582284e-01
1.274069331831078344e-01
1.181421386877859608e-01
1.241044984571107040e-01
1.162866868292735112e-01
1.008415218376995381e-01
8.232591519949866710e-02
8.683934239090078389e-02
7.241684292428454683e-02
6.454512632779986492e-02
5.933153245873212800e-02
5.755560851205369227e-02
5.474099099810160463e-02
5.139998239974630928e-02
5.244242255343925518e-02
5.059386319654683023e-02
4.932248133019208336e-02
4.007186839329217320e-02
4.359519405252220564e-02
5.277806952441317645e-02
4.864868242606924797e-02
5.222479159837104673e-02
5.176474065687730608e-02
5.243346012802996975e-02
5.133676637986543667e-02
4.781097893695100687e-02
4.773417469839301430e-02
4.988653303757271951e-02
4.894899413344772771e-02
4.676419338549670651e-02
4.417506071112042160e-02
4.633778657563814019e-02
4.236470015362460428e-02
4.086010721313758365e-02
4.125588633732872601e-02
3.696470787766720917e-02
3.573035932185936875e-02
3.487551018902695921e-02
3.331369172028342956e-02
3.029788193240966210e-02
3.214967275990516377e-02
3.177865703981530565e-02
3.163501570378726702e-02
2.599278731376543361e-02
2.874858147010297613e-02
2.676533257636433405e-02
2.829555471126955768e-02
2.662785624481389668e-02
2.532937059231351803e-02
2.712172934453313880e-02
2.828285201752160638e-02
2.708912966453755691e-02
2.603912289075435010e-02
2.589145469693893142e-02
2.531359297967957639e-02
2.660037149692336123e-02
2.425611920957435400e-02
2.528832392825058548e-02
2.508011076053653227e-02
2.621806327239561626e-02
2.455106619804232893e-02
2.655723046923133199e-02
2.356337331232360999e-02
2.416063946337295223e-02
2.502693347537500793e-02
2.419982728713764020e-02
2.380938374238081648e-02
2.552002926574018296e-02
2.326560293952413538e-02
2.445508905528801999e-02
2.538782149793943066e-02
2.379890247155141969e-02
2.434186665633662414e-02
2.326688369068502862e-02
2.405622317530814111e-02
2.352207049271698089e-02
2.328684033621986407e-02
2.430009694371504034e-02
2.294523971835187026e-02
2.211969663614923171e-02
2.246287213598297319e-02
2.276189180760747333e-02
2.326289910664001981e-02
2.255901596200825254e-02
2.332059959476079011e-02
2.470421335298775972e-02
2.221340820640198277e-02
2.472047267536897630e-02
2.349063190852520439e-02
2.359723745734466915e-02
2.462625228278985529e-02
2.329304801773049091e-02
2.394464389746692526e-02
2.259477975506385752e-02
2.313829216357228546e-02
2.439426795825574631e-02
2.233072330157992100e-02
2.403007728264552195e-02
2.329363864779565238e-02
2.453240799971889013e-02
2.319716414817853817e-02
2.339852612662047041e-02
2.426176082897286979e-02
2.351872725755814117e-02
2.361128828083720876e-02
2.330810243785659888e-02
2.319008464964919872e-02
2.415007645601116235e-02
2.394351268074745506e-02
2.423071804678439065e-02
2.311792686766798305e-02
2.376097229114165765e-02
2.330958118732366288e-02
2.414894737464172436e-02
2.377575553600906264e-02
2.508496845440447848e-02
2.537808430168622328e-02
2.321314916307678361e-02
2.416788496814751760e-02
2.366161227651487897e-02
2.279447120910986502e-02
2.352319023194925085e-02
2.479751790590947053e-02
2.436832769686472430e-02
2.387437090039967735e-02
2.445902128229584735e-02
2.397213057213336274e-02
2.396431714555053577e-02
2.344402010183252796e-02
2.505751901591057873e-02
2.424541767641965120e-02
2.367680089722214512e-02
2.478586250638527624e-02
2.280968175758700534e-02
2.428061457229848535e-02
2.470358479864636844e-02
2.524001988197740673e-02
2.505872891184459869e-02
2.398838003145133471e-02
2.399905895373690909e-02
2.421532523499662568e-02
2.421417632996445898e-02
2.431157501003156779e-02
2.408243602500457006e-02
2.347378677138739142e-02
2.577680196851923899e-02
2.442485225305896304e-02
2.355171476590550705e-02
2.380527310367810262e-02
2.286661382202941767e-02
2.373109821323155649e-02
2.445253782922470268e-02
2.588418306135483599e-02
2.441562299917894932e-02
2.388827891420937724e-02
2.270010140992380701e-02
2.347456958219143811e-02
2.473623976669816343e-02
2.320183020671670246e-02
2.341111260497092533e-02
2.469080447795232378e-02
2.367834208728650941e-02
2.347457148053317538e-02
2.395783842950806666e-02
2.519545147249432210e-02
2.371711187822961309e-02
2.379919917306269964e-02
2.329060164965424465e-02
2.357068044619488670e-02
2.389565910457395678e-02
2.396229003894490006e-02
2.348291177165000992e-02
2.445838554560475150e-02
2.265303517427105437e-02
2.395095910497183761e-02
2.384859208911289941e-02
2.398045082671771897e-02
2.351334050345937551e-02
2.368030943053201637e-02
2.422155594739049816e-02
2.358380540949234216e-02
2.363633097748437176e-02
2.331158179374865150e-02
2.376510281143377409e-02
2.337729859119994785e-02
2.381245108986341369e-02
2.417070536343034204e-02
2.430116835431509262e-02
2.356379641774276196e-02
2.474044964166306065e-02
2.308550933282790124e-02
2.279454691948841483e-02
2.366032706122897858e-02
2.304561884726359644e-02
2.351100052092356188e-02
2.419929066629223496e-02
2.294796804308891353e-02
2.395538924139244130e-02
2.355975715983205793e-02
2.415557020073072839e-02
2.240314785777041545e-02
2.503141769004370992e-02
2.177800876420996415e-02
2.324923494829208778e-02
2.337326452976389024e-02
2.272269574143902932e-02
2.273749322237347478e-02
2.259432598300232381e-02
2.315949398491373712e-02
2.336433643021581033e-02
2.260972064847594290e-02
2.341403703801753916e-02
2.337224480322950756e-02
2.328903289052808648e-02
2.340636187310847494e-02
2.277911875905601000e-02
2.289388939321817390e-02
2.344070138301311210e-02
2.214583807596514492e-02
2.275343574522621648e-02
2.200190768252810111e-02
2.350225234123917359e-02
2.244402335530381806e-02
2.403700386607712444e-02
2.302765601990655955e-02
2.297996997043811121e-02
2.163682585620036597e-02
2.212527717676967404e-02
2.195428500216532741e-02
2.329793631231365930e-02
2.252226052354318678e-02
2.225546380303685540e-02
2.253100396818528278e-02
2.194405248817149490e-02
2.274014902168655997e-02
2.245283197597733663e-02
2.225601320034401379e-02
2.119731677891822930e-02
2.207542292393462752e-02
2.273486430210251361e-02
2.248938176329709146e-02
2.173168735424282558e-02
2.199910971633495249e-02
2.385086316821416821e-02
2.173636854048368108e-02
2.111998106086033361e-02
2.103285247109783901e-02
2.216615833516960565e-02
2.260895290316517273e-02
2.096091764010891284e-02
2.226706160908317397e-02
2.257558753411979466e-02
2.274825312570281227e-02
2.116004599263976091e-02
2.186746059920159982e-02
2.107392136092622534e-02
2.125241631975922918e-02
2.119955523142665749e-02
2.167496442170615406e-02
2.122654746190419037e-02
2.354667193998900843e-02
2.095299784354241052e-02
2.087364987227618290e-02
2.147586629129611541e-02
2.120586034630111277e-02
2.191507713050296416e-02
2.116556194138807107e-02
2.029517693858839261e-02
2.052130699301515579e-02
2.073803237418042275e-02
2.153672016454455732e-02
2.111317748007498704e-02
2.011251775650619092e-02
2.134578347846408444e-02
2.023076702771186772e-02
2.202200441368732525e-02
2.067116882285881599e-02
2.045532792870060831e-02
2.102963232335217786e-02
2.074153999283833566e-02
2.049174436538402089e-02
2.103839974599813756e-02
1.968457759155935183e-02
2.134991555806503225e-02
1.962169047024308471e-02
2.030872286587896702e-02
2.044317166048707085e-02
1.966101905998009908e-02
1.966457176620391850e-02
2.189034314919315397e-02
1.995431007762334813e-02
2.030549442359025347e-02
1.937848579918959036e-02
1.950847539173148834e-02
2.096935518927607947e-02
1.953591960677403261e-02
1.912929496156808712e-02
1.993844870643051922e-02
1.951881754059024004e-02
1.927616381288346434e-02
1.995337581908683544e-02
1.948203290556300288e-02
2.154074127748718120e-02
1.954019153443370058e-02
1.933815203502168775e-02
1.910310106199841415e-02
1.956388279972679639e-02
1.873108344365820993e-02
2.075767226944338559e-02
1.911000832711503769e-02
1.949165955953615151e-02
1.911184961260453327e-02
1.875100888633078611e-02
1.864341588005069897e-02
1.882591510071780078e-02
1.951912601250540419e-02
1.913816256169261973e-02
1.930674085060275075e-02
1.978070113649594425e-02
1.884381972963565521e-02
1.806120269160148631e-02
1.868673811493832063e-02
1.824791187506489415e-02
1.842584854267612787e-02
1.889515827819067753e-02
1.858632027743245541e-02
1.886090966150341663e-02
1.942928730329250217e-02
1.880687130068310967e-02
1.831193957425135063e-02
1.810749584417498462e-02
1.860684686878133140e-02
1.901182526007608523e-02
1.848774107732848240e-02
1.822531662049711038e-02
1.784404460083329619e-02
1.740779431581529479e-02
1.795253615336857983e-02
1.941467805680391345e-02
2.006943094751709872e-02
1.927211469995694648e-02
1.811711137045408926e-02
1.834069476362476872e-02
1.809103736938237617e-02
1.877560938420804945e-02
1.851531533539794300e-02
1.739342437220851509e-02
1.717874607194692232e-02
1.739350120788918722e-02
1.858069183819518674e-02
1.800657813742315497e-02
1.857027477601979476e-02
1.822154283319580431e-02
1.685288418984206421e-02
1.807271985344020837e-02
1.721512225067579199e-02
1.964022023302083517e-02
1.847297391697844127e-02
1.634080724325730899e-02
1.814644826564897409e-02
1.728654926773406930e-02
1.827901456679635606e-02
1.660792100592580270e-02
1.668437440739268737e-02
1.693044663065080419e-02
1.664381487858747344e-02
1.660745410554961138e-02
1.814902662354399634e-02
1.680620845607802213e-02
1.679966080855192084e-02
1.692676192997159129e-02
1.696752833915149070e-02
1.721889570970900826e-02
1.699368426143595123e-02
1.664781072314644797e-02
1.757773371978870597e-02
1.741517440507093020e-02
1.662689265755471282e-02
1.624491340373698800e-02
1.593458691256653681e-02
1.582292078459779025e-02
1.731678900946389058e-02
1.597454000898847204e-02
1.643627756488787173e-02
1.674400444692130535e-02
1.702756060828721982e-02
1.624871690750284009e-02
1.757792334768949055e-02
1.607743151054221581e-02
1.572144723683917278e-02
1.659235576221301453e-02
1.654530919332391700e-02
1.613930808601025946e-02
1.549493251557962706e-02
1.653451396183340527e-02
1.550541807743399496e-02
1.638086153717062399e-02
1.551031222631322863e-02
1.619406089795958834e-02
1.591511575096959605e-02
1.637455434290911380e-02
1.749458890984817785e-02
1.576856865139884822e-02
1.574458293288108143e-02
1.564832280504135226e-02
1.606272604180268918e-02
1.529927702827433428e-02
1.728680013680799349e-02
1.588749951151524273e-02
1.554988416303012058e-02
1.626959445188690123e-02
1.566923228207074345e-02
1.617338799658407655e-02
1.584975701776489970e-02
1.568269379192649762e-02
1.507494338990662472e-02
1.647397044450604059e-02
1.626777702700967290e-02
1.602912859280518007e-02
1.509289434784264611e-02
1.583128601336997870e-02
1.486447002136105297e-02
1.579259971310535693e-02
1.548219676803374786e-02
1.525825522237348082e-02
1.568148415705583956e-02
1.611356806443855691e-02
1.581743232804618676e-02
1.615872328708957417e-02
1.520553655286482897e-02
1.493600495313022677e-02
1.630627729556745342e-02
1.587248395817563232e-02
1.569678777977112985e-02
1.532968324344206185e-02
1.526471743627531678e-02
1.542032071005338192e-02
1.481881931540273388e-02
1.527941833546428430e-02
1.548262541944825550e-02
1.577071052118807562e-02
1.501421175605721636e-02
1.530707224812632126e-02
1.481783087935708773e-02
1.605301806449633412e-02
1.502152835019358174e-02
1.537853807978639339e-02
1.538913012725490539e-02
1.443711860776145453e-02
1.547099416277336430e-02
1.519243152642126699e-02
1.426071790337501630e-02
1.506243455471052012e-02
1.416694710601975986e-02
1.526594219331202200e-02
1.437613953874436815e-02
1.445004544785766058e-02
1.522281827566340090e-02
1.502665748487756400e-02
1.562508820585888775e-02
1.402937738649177521e-02
1.571371757599077101e-02
1.504346281102110321e-02
1.624124361310782388e-02
1.595117463990665396e-02
1.649443197096054498e-02
1.419138148731328292e-02
1.453741005216725377e-02
1.420897696977417753e-02
1.461424657567882493e-02
1.446764485542795416e-02
1.516461678781742643e-02
1.500000216507201695e-02
1.418580847723192699e-02
1.747423344473225323e-02
2.311435710581318664e-02
2.054362923350078890e-02
1.803903674038493526e-02
1.553219211094030404e-02
1.436788342389751054e-02
1.419028851233940063e-02
1.389544954218680656e-02
1.422938597523111179e-02
1.451935608166342838e-02
1.378080363008191318e-02
1.348449852827610963e-02
1.412071100188535058e-02
1.405523607648736899e-02
1.350791519191837584e-02
1.379245324398369402e-02
1.387576700603043722e-02
1.349186110352503659e-02
1.385466161075195150e-02
1.431036262492776934e-02
1.388314308956034755e-02
1.392465862715054278e-02
1.382352296316789568e-02
1.334442785595806209e-02
1.350058948320678916e-02
1.342667497721785827e-02
1.351572217556273013e-02
1.353988208960114556e-02
1.423490230447127698e-02
1.357146394457809692e-02
1.313946290865341052e-02
1.425741813170944977e-02
1.353305016850857127e-02
1.381523017256179077e-02
1.318686794170596463e-02
1.407881966221446839e-02
1.370044776655446675e-02
1.347396233545046680e-02
1.342459362685567877e-02
1.321800235442859364e-02
1.424277133756278978e-02
1.363984411371220971e-02
1.400323043284544718e-02
1.381678149368544169e-02
1.349467875142648654e-02
1.309489259902054011e-02
1.366611469617786019e-02
1.320647972220948853e-02
1.346691734903674928e-02
1.304746718157690291e-02
1.341070858958938114e-02
1.310469237242052956e-02
1.332302915483624985e-02
1.371086049408214852e-02
1.352731272068644942e-02
1.288921987581367716e-02
1.310105979346603243e-02
1.303313456915443022e-02
1.359926713312374982e-02
1.343784480936780802e-02
1.360409022878759575e-02
1.291235225780529294e-02
1.351655669291021780e-02
1.328197431720644014e-02
1.421812360306543878e-02
1.273406149303064720e-02
1.391453590141281983e-02
1.281843328859016626e-02
1.285216292321433168e-02
1.288219494369471224e-02
1.267703544941953080e-02
1.310850774781049770e-02
1.263436506437587252e-02
1.309295415709410375e-02
1.249126308499380437e-02
1.286784603633148172e-02
1.253162898990514348e-02
1.279297020692476798e-02
1.362453263642776288e-02
1.314002023199761608e-02
1.296906812919794601e-02
1.319817958576126500e-02
1.302927850112810607e-02
1.336906794387380561e-02
1.221103862651833592e-02
1.231252796487937798e-02
1.303236068776022875e-02
1.366174345403610609e-02
1.232662834369526068e-02
1.312135777012545315e-02
1.237261343800663896e-02
1.231811812465321426e-02
1.243031699443384458e-02
1.231788536572182673e-02
1.287709208407536270e-02
1.267081655912680530e-02
1.311827494166471417e-02
1.237652311653460527e-02
1.238226838266639866e-02
1.283735946028923165e-02
1.275733175049210792e-02
1.273679457631614852e-02
1.200939823286820141e-02
1.238971053823943042e-02
1.234325581000461636e-02
1.222536244311870669e-02
1.480537635235094560e-02
1.171234615720498015e-02
1.298736044088401667e-02
1.207020771736375987e-02
1.203329158291376738e-02
1.211232164632754585e-02
1.230227900595983088e-02
1.194742727480845555e-02
1.257795715843153597e-02
1.249150522966193354e-02
1.197704386225463026e-02
1.193699825091074779e-02
1.395742621469008189e-02
1.232686423414527943e-02
1.274211439102360816e-02
1.166999617800567463e-02
1.201067912865842226e-02
1.159068141804561573e-02
1.220492803746017416e-02
1.197495427323812776e-02
1.259681545095649516e-02
1.187910373551934878e-02
1.154007726308278400e-02
1.263914415244488283e-02
1.273272001322892956e-02
1.198590034294373316e-02
1.259803345308938699e-02
1.207677758746307159e-02
1.213638802743946879e-02
1.168939223879936207e-02
1.118926017602227957e-02
1.116667346053308411e-02
1.278076306451817953e-02
1.157048289025565911e-02
1.338252261298912907e-02
1.148299675990634323e-02
1.264445255215146738e-02
1.197400444859259873e-02
1.167521412223677599e-02
1.116385877555979914e-02
1.229026780866954160e-02
1.082684040525777776e-02
1.230572101359118410e-02
1.216803590961753126e-02
1.123649421452490790e-02
1.213147726268981944e-02
1.187748319754296407e-02
1.112089523559481319e-02
1.152242229553048988e-02
1.114620822391422343e-02
1.130258536597660186e-02
1.155718681248337106e-02
1.145071210379012931e-02
1.105060201372874522e-02
1.173758026495257817e-02
1.287141831465131794e-02
1.197147791895738882e-02
1.193042071467267581e-02
1.149517517901407423e-02
1.242774781870885706e-02
1.203165066780880962e-02
1.279451127672067562e-02
1.286055510858773523e-02
1.010425698580465735e-02
1.068396326485076230e-02
1.100954885458535308e-02
1.184578124457217815e-02
1.136374801221112611e-02
1.032194333116717537e-02
1.130462755416271857e-02
1.038075768917186628e-02
1.179876887790801826e-02
1.060617016641806840e-02
1.107695809449134490e-02
1.089164156280192190e-02
1.115824500078741073e-02
1.075083793937665726e-02
1.055996404991458096e-02
1.132667283544752483e-02
1.085516896086990979e-02
1.050383963810161241e-02
1.160243624519448000e-02
1.058981653716771845e-02
1.083807197342854384e-02
1.092684236728136589e-02
1.036678980373520811e-02
1.047877549454811173e-02
1.056855834019774371e-02
1.018292815195848133e-02
1.078138170197737514e-02
1.072999543423902753e-02
1.023328447133324895e-02
1.032299320095048968e-02
1.022108560709701977e-02
1.044649388143082704e-02
1.098285557474755827e-02
1.035157847415684416e-02
1.068608182469328420e-02
1.011360338343557548e-02
9.766264356225001081e-03
1.041851716398716973e-02
1.046108326997719114e-02
1.080322332384401653e-02
9.782064056805298349e-03
9.950963273545136364e-03
9.973171206205021233e-03
1.056201054853854807e-02
1.081410466323133243e-02
9.730495374571629386e-03
1.031058473802226941e-02
1.017987709963570110e-02
9.674923372947634784e-03
9.851530454394800268e-03
9.879754814117109804e-03
9.986444474906871344e-03
1.024795827637325039e-02
9.728967213793258961e-03
1.076222298993523632e-02
9.613153326262403528e-03
1.033773266302052615e-02
9.782150315531338777e-03
9.608327805561929502e-03
1.029115664190722972e-02
9.683727141673436484e-03
9.307549770092104699e-03
9.607567899907472342e-03
9.722468317443397692e-03
9.900622941839439320e-03
9.668892231144986943e-03
1.033723158922543982e-02
9.720068332453923876e-03
1.047839244659347878e-02
1.001607607129926733e-02
9.105420916208384688e-03
9.402510855265581655e-03
9.787748488079435136e-03
9.157489960442966037e-03
9.736707353329645750e-03
9.752908295973737943e-03
9.046396485813765903e-03
9.978429850097506743e-03
9.824444610567742084e-03
9.733652146571885461e-03
9.433220972340193577e-03
1.014368389912520714e-02
9.231131556711095684e-03
9.948420304001281966e-03
9.153599337009345888e-03
1.229029338547479172e-02
1.305518691917241861e-02
1.098721823902602292e-02
9.702926331255006670e-03
1.082949433955086166e-02
1.169047996103320282e-02
9.006438804393959718e-03
9.612953694263987048e-03
8.599764841497032838e-03
8.708107406257752786e-03
9.374873555292208629e-03
8.768662577428016844e-03
9.166123430804761635e-03
8.573623217671686933e-03
8.277730566442854931e-03
8.463761812633493684e-03
8.599721871852534019e-03
9.423883363885254480e-03
9.115536449488337647e-03
8.730241661191198710e-03
8.379258643585527425e-03
8.472569848228387809e-03
8.459157085221640643e-03
8.862083362292043354e-03
8.615950689322752348e-03
8.048205753246964050e-03
8.403206581664497687e-03
8.341991747470221125e-03
8.604571093661627160e-03
8.680572149535468324e-03
8.185390811918408227e-03
8.601697146771874330e-03
8.564835506968890289e-03
8.452610035255716039e-03
7.841134857637375652e-03
7.913060161832614556e-03
8.172259028455879440e-03
7.986123225686515836e-03
8.364387064504331601e-03
7.925432021704799032e-03
8.492069644002751827e-03
8.353792526840984542e-03
8.530253119673378639e-03
7.667370676132245419e-03
8.376077997856452850e-03
7.892603050156012795e-03
8.077973581618420537e-03
8.478269345844864982e-03
8.104626695189826036e-03
7.861146956358946308e-03
8.373320830867321193e-03
8.336536332413328060e-03
8.519871260068995894e-03
7.817098394192494373e-03
8.035783356401697552e-03
7.712632071076573961e-03
7.522399613409001470e-03
7.756092212332156219e-03
8.047747986014368304e-03
7.669524388183629818e-03
7.883203885032710398e-03
7.693951382702047224e-03
7.884811519831605095e-03
7.685383975144352911e-03
7.894497462734257481e-03
8.010162976418365791e-03
7.306513952448428009e-03
7.723317762371826635e-03
7.636989617192787606e-03
7.935128334267464029e-03
7.222390694934447200e-03
7.896624902547543304e-03
7.539613812085379542e-03
7.274641141895014061e-03
7.588521391384726693e-03
7.690350205625273196e-03
7.308764178638519488e-03
7.535247809701191637e-03
7.579666504394753056e-03
7.615878083226152936e-03
7.411301569805199031e-03
7.831160133336291865e-03
6.997089606569168764e-03
7.069351447674015673e-03
7.426671010211124621e-03
7.304706870172255652e-03
6.843363870998694053e-03
7.934674017274861296e-03
7.510096042723152232e-03
7.859483558792391272e-03
7.675617830984286620e-03
8.190989310317692632e-03
8.057755030646564925e-03
7.459171878147264657e-03
7.619399096656499434e-03
7.382855810499900501e-03
6.607808787144397143e-03
7.998038966527004981e-03
8.222461567991520490e-03
7.273571696651701113e-03
6.348026578087454311e-03
9.173252324889632353e-03
8.226817918848688960e-03
7.111654118658727181e-03
8.211423174466256358e-03
6.905561304693482415e-03
7.417510309126337797e-03
6.458997579386357643e-03
7.143457469337782806e-03
7.213439051114154885e-03
6.763793173243191209e-03
6.950971613677523961e-03
6.474904192949750871e-03
6.994682735529048588e-03
6.854211448980060406e-03
6.645271812456839990e-03
6.803762664972751867e-03
6.312872700751140896e-03
6.504649968278861973e-03
6.351391133832538435e-03
6.516420209136887694e-03
6.814905866709354033e-03
6.434313409745351028e-03
6.858188783364771793e-03
6.741234674896936542e-03
6.034720288083070781e-03
6.617008299137501839e-03
6.264791546956416379e-03
6.127149296246734746e-03
6.335342553388485960e-03
6.118895945400547841e-03
6.532146707134022304e-03
6.167961739970161984e-03
6.136358069087702316e-03
6.048343217946810201e-03
6.149252983376840911e-03
6.237110722215119009e-03
5.708245656203040502e-03
6.441995046451547309e-03
6.139922116582428521e-03
6.022179783881736331e-03
6.000088298106521015e-03
6.393693532049550890e-03
6.480939303268960089e-03
5.733731004696019339e-03
6.009850084664016857e-03
6.052632070149079752e-03
5.816790923608591152e-03
5.671575363695855430e-03
5.677994374911548431e-03
6.045119988059405834e-03
5.800625981988799529e-03
5.761754209900392214e-03
5.805955081331960060e-03
6.238831101808755240e-03
5.640831239036372957e-03
5.759466981167523508e-03
6.038103079194211478e-03
5.588485269521983531e-03
5.711354254831048707e-03
5.962749977046610111e-03
5.866441543502796604e-03
5.683583100546864969e-03
5.443175380081349823e-03
5.636236103813159655e-03
5.321523751216584476e-03
5.904019543629708024e-03
5.050184585615420836e-03
5.540884407987370711e-03
5.327404624813835213e-03
5.486674316965728382e-03
5.657665654848089039e-03
6.129349040639803237e-03
5.202676116105147026e-03
5.798742646155675799e-03
5.168783037482439606e-03
4.880649980127021136e-03
5.788502118450106551e-03
5.437504040585527249e-03
5.539767884558444849e-03
4.975283898934816824e-03
5.062010623058833293e-03
5.215906264917718159e-03
5.591035586666901966e-03
5.487897610148125861e-03
4.901921319047567935e-03
5.351993441963401842e-03
5.212203643658320541e-03
4.999150495595738874e-03
5.340260594720814581e-03
5.160832422002595808e-03
4.750900391736131122e-03
4.892691628151334994e-03
4.974518552505857727e-03
5.022617296116490757e-03
5.063590446569531979e-03
4.802523967008840572e-03
4.563518501712515198e-03
5.078695686841775553e-03
4.888134774746746500e-03
4.640626560260618406e-03
4.670673128687864370e-03
4.443349786530306246e-03
4.714882351053935154e-03
5.203714602657092542e-03
5.121945526739489843e-03
4.067549122516233434e-03
5.213630112528904945e-03
4.836427438706118222e-03
4.814323826665013045e-03
4.906022573271508723e-03
4.451788088212096407e-03
4.787254193110728265e-03
4.767079327693713765e-03
4.973181667633266509e-03
5.830729736943365479e-03
5.542813483765237671e-03
4.344352298830849064e-03
3.999383247187761163e-03
4.763852768156439342e-03
5.136251365535136545e-03
4.400555102234944907e-03
3.965922225588155992e-03
4.442092139858049536e-03
5.350411820307436790e-03
5.779642236510778609e-03
4.758546912478314045e-03
4.565628362342108969e-03
4.634973932253294224e-03
3.777016448187561944e-03
4.914234751701138798e-03
5.126217696299750250e-03
4.081462698061257346e-03
4.157168857426558721e-03
4.205848885931817369e-03
3.551900043535185635e-03
3.682113286303883258e-03
4.074118143013985040e-03
3.810612890075299169e-03
3.673182403658270100e-03
3.629997210238477927e-03
3.729783824687609405e-03
4.028446874774983116e-03
3.728755270315018029e-03
3.813164777738600481e-03
3.813181441522590313e-03
3.816880722215728553e-03
3.685515879457649819e-03
3.666245232823922302e-03
3.928615174288769066e-03
3.642277785675320564e-03
3.621124571855343765e-03
3.767411992605664787e-03
3.601903836185648116e-03
3.499292866106033448e-03
3.585747859490587882e-03
3.419074900912977277e-03
3.619687610756218941e-03
3.489321031026215107e-03
3.333739654452450192e-03
3.500597559657933101e-03
3.624577323714068492e-03
3.589415196788105222e-03
3.322000381475724139e-03
3.363587632985894516e-03
3.410752985867809232e-03
3.397712696646922222e-03
3.227006533189695232e-03
3.193974782508904493e-03
3.247397761712688107e-03
3.393672632518872703e-03
3.273985577616544095e-03
3.041311617948200523e-03
3.716103861521084187e-03
3.322097822553301497e-03
3.750037290450263135e-03
3.618246172876859838e-03
3.783864401380248113e-03
3.471043451497445812e-03
2.956245106344378322e-03
3.122318346340162941e-03
3.142249238398858984e-03
3.011566913427999714e-03
2.969607009751362454e-03
3.342739278433347078e-03
3.216878436810017682e-03
2.968235497276700344e-03
2.997777454413797470e-03
2.965224210425926928e-03
3.111695906994198756e-03
2.822624360870054031e-03
2.971517718144744968e-03
2.971613709534386659e-03
2.967829024514863183e-03
2.752901911968879192e-03
2.866745934790384826e-03
2.815648709219316544e-03
3.039559602373742304e-03
2.953085582053970818e-03
2.680709555591673666e-03
2.851234175086006691e-03
2.804562014619873048e-03
2.801810046858397001e-03
2.668316766329399681e-03
2.704943208668032957e-03
2.761754964183508153e-03
2.642938079133757331e-03
2.878057049304476572e-03
3.347127097877063747e-03
3.333717582130766265e-03
3.708551753904063344e-03
3.341616151283395911e-03
4.041192405636441845e-03
4.646791750152320412e-03
3.034299982436469700e-03
2.415416080510357152e-03
2.698159848948148646e-03
2.668022200586400283e-03
2.774503006257548077e-03
2.616908928698006339e-03
2.329350176944010656e-03
2.276061780223874020e-03
2.582343241150396491e-03
2.440281495086353732e-03
2.194633828040447061e-03
2.411942854604116025e-03
2.065198759896396535e-03
2.313460195216586208e-03
2.434807547009451827e-03
2.619425143049800616e-03
2.242940886186063024e-03
3.021973547349981592e-03
2.137658501878581842e-03
2.864476173746758648e-03
2.358804372157808412e-03
2.517439488294856160e-03
2.490116867677943067e-03
2.467106453760462958e-03
2.117600316829743295e-03
2.114129009250489011e-03
1.983347282007874406e-03
2.159135114528607478e-03
2.269540371868309595e-03
2.215976047294173495e-03
2.754760701120300033e-03
2.162069782539557863e-03
2.142813579329777215e-03
2.290280264495167962e-03
2.144324201798869685e-03
2.306664429356475657e-03
1.767231210582950133e-03
2.120062754446412710e-03
2.018174850474975784e-03
1.970754705103943891e-03
2.119972051937514968e-03
1.749394226352525084e-03
2.280160132870130089e-03
2.082481486292124800e-03
1.869565434772257591e-03
1.753395255344670361e-03
2.065291121935875808e-03
1.820183900489639843e-03
1.810744654259630179e-03
1.804412098638794428e-03
1.877315483380437734e-03
1.640795536789541433e-03
1.604006331528498065e-03
1.859313904417760326e-03
1.728166803989168590e-03
1.860277553162703601e-03
1.728296550091127206e-03
2.149866700130976475e-03
2.078177426900488112e-03
1.678997480527406709e-03
1.967712437238695270e-03
1.810233748608100924e-03
1.517851928453293597e-03
1.732082131730639657e-03
2.046881733836927817e-03
1.864074126322480107e-03
1.851886347303724045e-03
1.823715811877699676e-03
1.588427623714544967e-03
1.606566885472255008e-03
1.502784061756730870e-03
1.576552693911729671e-03
1.427338882785300373e-03
1.614692737182892024e-03
1.511224471448237468e-03
1.460450368773001792e-03
1.404344732953099117e-03
1.389811575200269054e-03
1.674741036333224830e-03
1.372674184595795840e-03
1.338004528824209092e-03
1.357875197312694102e-03
1.517579299551197452e-03
1.429940368780722310e-03
1.313082898664278547e-03
1.504144618360741094e-03
1.330220936016196639e-03
1.266520978445055809e-03
1.452621211784351418e-03
1.541440656412348779e-03
1.153869779167244905e-03
1.528425602853714571e-03
1.710874526167960145e-03
1.339603809972642317e-03
1.335678290130067189e-03
1.207927024395026713e-03
1.512339684262614366e-03
1.523074780111328746e-03
1.433377005274175196e-03
1.312602146527712876e-03
1.167175571106285423e-03
1.500915013694258419e-03
1.488462600706674799e-03
1.827534959376519866e-03
1.203801192761495571e-03
1.178845805034017943e-03
1.378286909222192378e-03
1.164294026427992353e-03
1.040731811177266018e-03
1.431584184153711662e-03
1.180480557911050719e-03
1.267745600484213812e-03
1.612327716977871158e-03
1.267149518188291071e-03
1.335477793788855672e-03
2.362683528796822273e-03
1.439705729371372001e-03
1.281449182238949235e-03
1.053889057579685071e-03
1.300475341431999799e-03
1.171500931503588038e-03
1.208345523346639671e-03
6.405303871318228500e-04
1.448310221462388754e-03
1.121867712833009333e-03
1.602644535947082361e-03
1.829322330359394117e-03
1.565377385798381480e-03
1.389850730950168648e-03
1.449133960271447013e-03
1.287072375845935753e-03
9.734130700279898215e-04
1.170186564592995762e-03
1.020420149965796689e-03
8.901783264924176698e-04
8.467688344821037733e-04
1.064557177477198566e-03
8.475301888158658136e-04
8.494803913045172227e-04
8.544496860848837475e-04
8.313883807363881256e-04
9.227855114959312988e-04
9.334922658578231284e-04
8.080247829795943150e-04
7.540213464604540857e-04
8.697133317477894355e-04
1.029204861852526555e-03
7.885143012687222423e-04
8.225350544969361501e-04
8.940956203707964246e-04
9.054821763606006992e-04
8.194642027193494447e-04
6.328243440588483988e-04
9.573170074860468939e-04
6.603140430897681433e-04
1.047493182262391413e-03
8.283024428778358031e-04
8.053296402053076314e-04
1.206934794442191938e-03
1.722790895892963633e-03
1.103362999342171608e-03
1.884503546182097426e-03
1.767984084282253057e-03
1.110792278232599923e-03
7.381360635249326237e-04
8.029340566691237600e-04
7.237168869210600401e-04
7.081520875718729088e-04
6.926186926402839832e-04
4.802663838955656449e-04
6.824905942408407856e-04
6.428333223051062046e-04
6.860887207974664809e-04
5.575540379438814710e-04
5.930830095042556723e-04
5.972396344273456789e-04
6.110588037177056052e-04
5.771819053445139455e-04
5.399943932479276234e-04
6.757895061222016480e-04
5.627512590665012223e-04
9.167341955983187868e-04
4.674767493175512934e-04
1.100249536056962466e-03
6.565145092654537783e-04
9.397931097621133175e-04
1.009409066826882527e-03
1.061737206973448677e-03
9.456384435678038538e-04
5.891128140664852629e-04
4.734763756598790361e-04
5.056259654780665249e-04
6.412256676487927383e-04
5.629997181979964167e-04
5.119422067700386304e-04
6.220136918017164264e-04
6.367184693496113525e-04
5.649560469624860136e-04
5.032664619064191897e-04
5.561405226411755614e-04
4.079002493302299050e-04
4.450169161876512541e-04
4.513132045938288649e-04
4.725997192040488340e-04
4.417402828727530354e-04
5.046942718165483037e-04
5.291809165001235948e-04
5.194069158898986793e-04
5.387990264935928718e-04
4.206486362017388889e-04
3.571331609416178725e-04
6.130242490731895814e-04
5.334692681662538084e-04
6.057623731344502363e-04
4.806296063305408382e-04
4.601441880117155755e-04
3.717838350480038223e-04
5.078448815856904334e-04
4.701847995753089676e-04
6.955449827483767972e-04
3.382279658130799829e-04
3.859783158515412479e-04
3.420941471861987026e-04
4.353831672021240694e-04
4.730746089594064781e-04
4.629309727299480912e-04
3.715712400653559512e-04
3.854283818957495583e-04
4.092243371351597658e-04
4.796472313947992470e-04
7.311659304341927828e-04
7.325589028759000362e-04
6.055720929692485870e-04
6.729891608394615718e-04
1.332151059931695192e-03
7.395208411882232651e-04
1.396176340381551561e-03
1.403695649378163598e-03
5.510902221766041109e-04
6.311910220615145296e-04
6.378282916197155778e-04
5.383265287946098748e-04
4.000128763682586066e-04
4.854258367023870572e-04
4.353773279820379884e-04
3.313125840649343854e-04
3.465632958478778074e-04
3.793282119498253232e-04
3.743089557820975183e-04
3.295493927997178809e-04
2.376895988619994534e-04
3.926995574816834179e-04
4.497878771468651190e-04
2.575225480072202691e-04
5.249956361223032672e-04
4.483659500934248808e-04
4.029320307650956006e-04
3.730958949213239949e-04
3.630552567649084745e-04
3.670718809222424427e-04
3.518232222555198923e-04
2.644464379295187071e-04
2.396675111221579385e-04
3.248332430989316760e-04
3.007072195943876424e-04
2.766560573885934048e-04
2.933740692890946986e-04
3.278413261495353786e-04
3.677737824917168253e-04
3.609288498517257741e-04
3.791952175588040653e-04
3.166976428399486516e-04
2.722676920937950077e-04
3.105111698666072938e-04
3.405492942514764783e-04
5.702239914082468577e-04
4.505456836395915006e-04
3.597621256913165829e-04
2.800581532449645367e-04
4.685264425335816446e-04
3.308013948490517628e-04
4.513408325638662089e-04
1.833579279124816742e-04
3.537970223990320523e-04
5.867919863738652085e-04
5.331912846522462437e-04
2.807757147143176034e-04
2.166305209233763658e-04
2.137975970118842647e-04
1.868160821079058100e-04
2.779783514390067080e-04
2.514784272228930964e-04
3.382182624384663509e-04
4.733468249448034176e-04
3.118867060277917742e-04
4.627534824280875965e-04
4.689051937430238322e-04
3.815888238507076312e-04
8.690985639280055354e-04
7.743215658777045192e-04
1.183983533444195931e-03
1.753489519226081837e-03
1.556585621791500753e-03
1.569589617563172616e-03
2.112202832309232475e-03
1.517297059187744900e-03
9.311957223527773161e-04
8.601664184865804490e-04
4.237791991215203750e-04
2.717609626024276317e-04
4.212235896979451806e-04
2.248039838764110158e-04
2.814726653891447749e-04
2.451635810147564996e-04
2.510445966564224204e-04
2.182526836938382213e-04
2.073064039406573549e-04
2.084761502711140481e-04
2.273722010484464907e-04
1.678935049072377236e-04
1.847968358809074971e-04
1.727005696103776878e-04
1.879060842704926291e-04
2.041638811431687275e-04
1.484152909795492879e-04
1.499664966138594311e-04
1.715476143972015203e-04
1.378025253198162856e-04
1.856512173886711936e-04
1.813051456883827848e-04
1.475392755699527056e-04
1.405933927690141175e-04
1.700046318551869269e-04
1.534819934690819464e-04
1.725691430577857991e-04
1.403339187554837196e-04
1.103807460146197862e-04
1.439775480838859144e-04
1.548789219043700943e-04
2.183623228498768180e-04
1.770511951724006302e-04
1.939262875140548815e-04
2.981757464285050754e-04
2.114701045863675948e-04
3.274499428642873525e-04
1.964714875108208663e-04
1.835073876124277401e-04
3.404727112560996193e-04
6.538965307165827160e-04
6.260515155235784430e-04
5.236491040807983964e-04
2.654039341721436593e-04
3.048142277116135481e-04
2.399201728794523106e-04
4.232894006575739910e-04
2.575169427719473754e-04
2.101679376580419044e-04
2.681512386497762659e-04
2.974725408247568459e-04
1.745745403629877395e-04
1.923019932731177546e-04
1.942325154907115518e-04
1.521922270754595870e-04
2.246561005754735122e-04
2.227026965571653238e-04
1.601101042406239555e-04
2.621702593287569198e-04
1.402891681156832513e-04
1.257903545374018509e-04
1.318779502150723413e-04
1.676107808162567876e-04
1.427693270734044131e-04
1.725394977354696843e-04
3.082305379983431358e-04
4.062697307666465318e-04
4.234514673694770312e-04
6.612143099779268195e-04
8.598790090679572394e-04
3.005004109639136016e-04
3.463812550191556301e-04
2.768437258567121168e-04
1.733009377010587932e-04
1.873916889030753684e-04
1.813496955935506695e-04
1.803927903040927338e-04
1.728296387503628999e-04
1.541882955754332780e-04
1.414447386533599770e-04
2.818850415445950234e-04
1.936534700946335869e-04
2.382218944809633599e-04
2.275251314645094049e-04
3.451598861257627123e-04
3.801919157122639835e-04
2.504739175522286126e-04
2.018370867466352781e-04
2.326570976956592257e-04
1.486637565737188450e-04
1.819941171791868650e-04
8.881240863347558689e-04
1.057446288414547100e-03
9.333002669516689666e-04
7.955341334361995661e-04
1.202001944340773832e-03
1.064888061086977870e-03
1.037695620368579794e-03
5.204793824685677913e-04
6.911249092406968313e-04
2.632086042079681272e-04
2.592996643187083861e-04
2.246559086122839190e-04
2.735286654651496608e-04
2.963917290426991099e-04
2.130564261486337296e-04
2.123461331608898967e-04
1.500443555648465024e-04
1.859500364941998266e-04
1.126127686192779506e-04
1.164076758602258701e-04
1.082220036495667819e-04
1.124650015476817163e-04
1.330479205450020303e-04
1.490588506490782847e-04
1.998294104269580723e-04
1.088566141657969710e-04
1.394268162270993945e-04
1.809109764621196588e-04
1.509364174317182126e-04
1.168913100866548154e-04
1.665398213869108250e-04
1.479380956781070578e-04
1.625407102091346923e-04
1.565127746989136161e-04
1.396681691621052136e-04
1.076157346839342460e-04
7.266329041245587540e-05
1.007027613900806620e-04
1.306619796232448972e-04
1.636251439887174129e-04
1.456509129053161640e-04
1.502091653553306358e-04
1.710976259687856408e-04
1.003192512827894841e-04
1.295841590579576937e-04
2.925488743789077164e-04
3.307325654215862104e-04
5.478573480715265807e-04
6.117210969503923419e-04
4.989352861930360051e-04
6.294856188443334654e-04
3.269356137612991486e-04
3.923771326950425227e-04
2.778347369315279768e-04
2.180450616200830226e-04
3.675384692877304649e-04
2.566043202750589811e-04
1.223047866068393977e-04
1.767570944280570503e-04
1.770039078082645274e-04
1.623754244053169640e-04
1.887474296189623000e-04
2.305199345240937364e-04
3.174109906382849029e-04
2.423975683519127508e-04
2.090983792654190203e-04
2.785549390640093092e-04
2.465642120728634540e-04
2.592833182916307543e-04
3.252386467163730999e-04
2.495532794467187634e-04
1.179111766398181863e-04
1.769772477977709193e-04
1.447660641310823647e-04
1.093340009470516213e-04
1.556548242341814739e-04
1.473865855094550490e-04
1.104614871139507229e-04
1.131959386255400882e-04
1.320824179963370876e-04
1.445964165390174261e-04
1.127066318481716314e-04
1.211531985439484501e-04
1.422186806521428561e-04
1.153599091351084139e-04
9.074316937912130579e-05
1.349647883704818837e-04
1.026791317386230052e-04
7.745990780855316132e-05
7.990399868917692652e-05
9.103221497016839405e-05
1.257178886449183551e-04
1.108781568256364118e-04
1.516082902297421109e-04
2.184677271176886713e-04
1.733821637197368519e-04
2.223930693553868951e-04
1.230423613278098681e-04
1.023245677920871829e-04
1.210180615233381402e-04
1.695108728193537337e-04
1.113906950948954087e-04
1.430309712361508754e-04
1.203878280763461927e-04
1.152903180842897179e-04
7.422385335266028792e-05
9.497104182422872788e-05
8.010682013380054803e-05
1.035343756785457283e-04
1.280572633990252444e-04
1.897028895739260039e-04
1.700271424188255158e-04
1.995378374871583824e-04
1.241439329233572802e-04
1.937512696945800183e-04
8.692670123777139631e-05
2.014559856152635733e-04
2.909332899452989453e-04
2.643841173976883537e-04
2.524785017164964097e-04
4.276729644053847961e-04
3.370756415150014877e-04
5.256233687929988711e-04
7.311436178977654679e-04
1.728370293076237013e-03
1.097903473202885847e-03
5.926392818886293571e-04
5.041403383031636213e-04
1.256336021081317072e-03
6.392483222639039602e-04
4.735862447455436715e-04
4.081564124825777301e-04
6.393997821147930907e-04
2.425529993086842143e-04
2.195953225783280093e-04
3.357655533990289349e-04
2.574604949194411415e-04
3.160094010676991420e-04
2.814117930365575039e-04
3.273767375305943134e-04
3.726644506742802111e-04
1.791657678767319905e-04
2.797237708819437876e-04
2.671253745534048402e-04
1.446608118447897863e-04
1.425646101248273956e-04
2.582267674013554782e-04
2.832653900134690498e-04
5.043383198824456272e-04
5.267360500262000672e-04
1.921974499915411435e-04
1.697873960829441589e-04
1.307748048588031997e-04
8.565093780779959210e-05
1.113353806202127603e-04
1.212988131153244781e-04
9.451068632751961202e-05
8.912238243089621410e-05
1.803927048850582850e-04
1.321242168786662956e-04
1.660541380062659537e-04
1.938942225086927426e-04
1.335793194863354343e-04
1.478430636022511654e-04
1.905750808808050483e-04
1.166756817943979333e-04
9.760059857042396707e-05
1.264729794344469352e-04
1.844262068122808551e-04
1.559646381247772212e-04
1.744312302611380214e-04
3.721939446103727698e-04
3.605831563931090615e-04
1.590261504084687660e-04
2.006749473559446106e-04
2.595867434578598551e-04
1.120800062508733652e-04
1.225206496461683618e-04
7.544875527271406698e-05
1.545311810389723213e-04
1.904701154106418291e-04
1.441559896561318702e-04
1.978734323551221844e-04
1.426981867677312125e-04
2.057561909660474999e-04
1.387851140816788844e-04
1.621365712038533758e-04
1.172017704656557710e-04
1.654550075737935692e-04
1.628439000089097104e-04
1.715268895583566065e-04
2.922213065374077139e-04
4.300377932540889103e-04
3.752613787452629599e-04
5.030548182917587464e-04
4.452823651539386312e-04
3.439565047952908793e-04
1.638520717715500502e-04
2.442959764331176882e-04
4.362672050667855492e-04
5.463653016289358490e-04
6.594308783289435597e-04
5.141462852876601880e-04
1.119177090218184114e-03
4.676169152311653401e-04
3.894461036035484812e-04
5.512072864030727630e-04
4.502583668435986681e-04
3.821209901311062350e-04
4.463575588762946173e-04
7.378549011709066964e-04
5.233135250958118522e-04
1.130641384556892344e-03
7.532111224818802651e-04
7.093510437805845099e-04
5.530670512963135194e-04
8.699468814222734072e-04
5.847329738483448723e-04
4.539052623348101777e-04
2.097514409256725381e-04
2.529283693233310066e-04
1.598368128309710751e-04
1.874044170489346493e-04
1.969883955828591316e-04
1.919317976845082662e-04
2.094162548891206628e-04
1.575185575850536143e-04
1.459733032449732739e-04
1.600419145742310533e-04
1.866285379737114391e-04
1.361701198777546065e-04
1.538432677132518735e-04
1.197190949208298464e-04
1.191525005958285976e-04
1.090424244532057276e-04
1.245282215203603209e-04
1.065954345818149839e-04
1.041801662869955481e-04
1.284331908642621478e-04
1.447694167963588425e-04
1.002093961783923949e-04
8.341202680791982339e-05
1.112597124489469785e-04
9.876787823782226723e-05
1.352455580589182328e-04
1.813366585823572824e-04
1.395977128570730791e-04
1.371602939872216599e-04
1.130797506260529248e-04
1.712416217118998803e-04
1.456419450844864292e-04
1.387023500586316734e-04
8.058328431200320477e-04
8.739377482694101699e-04
1.056788864949829120e-03
6.057177992739165573e-04
3.175499441167950834e-04
6.463231904549836780e-04
6.754423454331313741e-04
5.462289173430976991e-04
5.864066012594173994e-04
6.092903654911328718e-04
4.790942501433984578e-04
3.054613632071994322e-04
3.440068396494543480e-04
2.664865986119514265e-04
1.750587513703060513e-04
2.001545591160718224e-04
1.592034895296428286e-04
1.430017630949090074e-04
1.997215066732148934e-04
1.792725245516449189e-04
2.014629625571762617e-04
1.958361139285234485e-04
1.596935066126073377e-04
1.534557294392166168e-04
1.384359431411857401e-04
1.549905246797531272e-04
1.574007792690027647e-04
1.248800480932500418e-04
1.757956345895105715e-04
1.172192623042432033e-04
1.354388944111328710e-04
1.075881777067277110e-04
1.138072171287487811e-04
1.352078934034733882e-04
1.016700980578194943e-04
1.067199272465318548e-04
1.166469516827717533e-04
1.427700243232347683e-04
1.693847810625309397e-04
9.893831040763205974e-05
1.767258659435832775e-04
1.564073179293671949e-04
1.142800494088432788e-04
1.245883747370929667e-04
1.280204372784030868e-04
1.332503089077238497e-04
1.341278438227927797e-04
1.063686018281041388e-04
9.223539215916020740e-05
1.153427962431484769e-04
1.069930546747269959e-04
1.449388053654707110e-04
1.156795012651427174e-04
1.327845930015439683e-04
1.503742055923796216e-04
1.703971410697934083e-04
1.629497008827282263e-04
1.599633735681899721e-04
1.189211234595335124e-04
1.627893469813030541e-04
1.630575204115796144e-04
1.242852371018432793e-04
2.669711767356763485e-04
2.543100290517529699e-04
1.802050745490723326e-04
1.617580602723953293e-04
1.451234656436805280e-04
1.250833266972863110e-04
1.073404633176592887e-04
1.485195212229665129e-04
1.667146028630386953e-04
1.233536970155592663e-04
8.812880881948749424e-05
8.320616454338545707e-05
1.077744900036112561e-04
7.354791061454417030e-05
1.436475811465772064e-04
1.724259767850944624e-04
2.462998271743566331e-04
2.015522574684857379e-04
2.620904793662260008e-04
2.579844732850017949e-04
1.855827871424633514e-04
2.762329890921970963e-04
1.650764864338471170e-04
1.794994491794500745e-04
1.333314746970779658e-04
1.798242656773406194e-04
3.403420385796156731e-04
4.096382618104408234e-04
4.947328195266644186e-04
5.250332502490498345e-04
4.461701424862207039e-04
6.435119980663199513e-04
2.693270147180333021e-04
2.887217639693730360e-04
3.944240690329359330e-04
1.444071237690946249e-04
1.469034711239045770e-04
1.812325524630238442e-04
1.831098954788686127e-04
2.296329046090040912e-04
2.746382691815723860e-04
3.641125241327088460e-04
2.501538270463600283e-04
3.309605305543797697e-04
4.256040964363546155e-04
3.790769187224805252e-04
2.959639663758962418e-04
1.799722947978453459e-04
1.072658010632604133e-04
2.551109955509772839e-04
1.830566694559901994e-04
2.346124358450464781e-04
2.318146177965820670e-04
1.374337841400999219e-04
1.524988118801860618e-04
1.319266994511598165e-04
2.023561519483206236e-04
1.954338971110895003e-04
1.677277269909873227e-04
1.101940113528128640e-04
1.260105808602714162e-04
1.128460204875853662e-04
1.157493701258586382e-04
1.565567050238590057e-04
1.516469957601935842e-04
1.506187435401966845e-04
1.188465958547163775e-04
1.398856096083543762e-04
1.656307386420563174e-04
1.480901615501818691e-04
1.777298963019711248e-04
2.634665003998105785e-04
1.385598815286831519e-04
1.040193815043850302e-04
1.432568021656233938e-04
1.799572221238485690e-04
2.476467669071367203e-04
2.061829022547494140e-04
3.372235030092976191e-04
6.846652613563252452e-04
1.011441140052445845e-03
1.255349396070763431e-03
6.296626077957073351e-04
1.143984927216880115e-03
7.828527585924060193e-04
4.735162298545878348e-04
2.815216390771235950e-04
1.706413739952428101e-04
1.571864857861907290e-04
1.443203087859280614e-04
1.682198823956987149e-04
2.858363240169539254e-04
2.999265033117388588e-04
2.440541929293627574e-04
1.706863709117809155e-04
1.642605381870607562e-04
1.456277538785502503e-04
9.846217536154919551e-05
1.404708086804429105e-04
1.520543564328862896e-04
1.835851298964259434e-04
2.739920680655946934e-04
3.391162065212294631e-04
3.426470867961308982e-04
3.720782485511973893e-04
4.700393365185099475e-04
4.611091234468260775e-04
3.777770303639620348e-04
2.546146901073557674e-04
1.869270450185400376e-04
1.359552926022681749e-04
1.954663937433581374e-04
2.281260592874241090e-04
2.113537174952471694e-04
1.605359986076798987e-04
2.024037112382208047e-04
2.097282172478792542e-04
5.414582172973999956e-04
2.491960181497131005e-04
1.952567038612203275e-04
1.338615276310110781e-04
8.972942392975341043e-05
9.662886538000394052e-05
1.037669782376254482e-04
9.209313562112709519e-05
7.968562301280201305e-05
8.466163228435508972e-05
8.268626771747411260e-05
8.435119851488792435e-05
8.203342510670750447e-05
7.832064477823038261e-05
7.651158837023865175e-05
8.238723029771089662e-05
7.332373122447157334e-05
8.170707737264204800e-05
7.825294344450808642e-05
7.621949678196327318e-05
7.565116683206169954e-05
6.805592010407753500e-05
6.591323444295427115e-05
7.165616333630134564e-05
6.474547463579055444e-05
6.842646010659239142e-05
6.773042147065217865e-05
6.904265482457055134e-05
6.850902334629765055e-05
8.389293024846331838e-05
6.068193437221504111e-05
6.456099682510143102e-05
8.108492954519359625e-05
6.771513639420724648e-05
6.966696604136978974e-05
6.051036787966766197e-05
6.583357691262290323e-05
6.311298275548243581e-05
5.895230403976709128e-05
5.941544512484163497e-05
5.543546201287531157e-05
6.186175437929091023e-05
5.580914928064623521e-05
6.027187360572605504e-05
6.277109651311923240e-05
8.748733350597150777e-05
6.935199195480749987e-05
6.717097284710767710e-05
5.500468597951555893e-05
5.419475552030300690e-05
7.411824168990220651e-05
8.226795401666497335e-05
6.760162118686119154e-05
5.521348213911286937e-05
6.066156663649174336e-05
5.937488091825091329e-05
6.505501579527870639e-05
6.677827523610051588e-05
6.514337687463597369e-05
5.729362239123955469e-05
5.858007424481633419e-05
5.247074366566951525e-05
6.125461800799679457e-05
7.223146656016960160e-05
5.937812196877416437e-05
5.564920201268171076e-05
5.346585750966914493e-05
5.099818638461546647e-05
6.293760092250154858e-05
7.840486187861864871e-05
6.151343739826670013e-05
5.484472835070659569e-05
5.136396536551753489e-05
5.564661409432169445e-05
6.166378450566666904e-05
5.420563424912270450e-05
4.569789523009330984e-05
8.808334324603851577e-05
6.321635005006496989e-05
6.278660437968099106e-05
8.536783339609987692e-05
8.487235607135971743e-05
9.404437085477733048e-05
8.903145358332237259e-05
5.668542271833593822e-05
5.742658434939276231e-05
4.415926166940257845e-05
8.262931204911260809e-05
6.187829746820298958e-05
5.514301370115412700e-05
5.085424687660223479e-05
5.117400943699754466e-05
6.483761112494257827e-05
5.631329821596598774e-05
5.425013577753570992e-05
6.652609498973234071e-05
5.187146744914446109e-05
6.371307805076340761e-05
6.936954277695679552e-05
6.601645893709904374e-05
6.474468710539135763e-05
5.611703202131809043e-05
4.610761569409520570e-05
4.565916586136024098e-05
4.486743756928813804e-05
7.799378613050860062e-05
8.269558553265427057e-05
8.260308157686820747e-05
8.893663659052882962e-05
6.232262581264003533e-05
7.210260144187279486e-05
5.137010199859353581e-05
5.616851262417627710e-05
