3.587115761579838136e+01
3.384240473498623203e+01
3.526739123997793257e+01
3.450358091981732400e+01
3.295454489066675308e+01
3.214354559480522511e+01
2.596429212497631411e+01
2.107477491646763212e+01
1.614199295335944484e+01
1.434072463745707005e+01
1.754212456269114284e+01
1.648160574389955713e+01
1.523976791213046234e+01
1.622904755159747836e+01
1.552403541976864965e+01
1.415327364411187538e+01
1.507572614228999441e+01
1.536283055946626241e+01
1.466745053427134238e+01
1.230914357571973206e+01
1.287166385213705411e+01
1.393618353184374570e+01
1.280889761222832313e+01
1.308090581072148240e+01
1.441443031952075771e+01
1.338763855704821637e+01
1.216548354658499065e+01
9.728198177606715902e+00
1.126033159842236664e+01
8.109291416103713956e+00
7.470200349191025602e+00
7.120631914775412241e+00
7.072445354777467941e+00
6.355353926911423201e+00
6.265942500595799380e+00
6.443228912518534912e+00
5.759612098223874987e+00
5.402836202389347697e+00
5.404510667197046203e+00
4.839282583578328634e+00
4.521113778745488254e+00
4.407916467485236467e+00
3.972211571491162996e+00
3.983070123442566501e+00
4.275668570379585809e+00
3.423855116901864282e+00
3.410049269162356289e+00
3.361169469367920382e+00
3.072171663184043222e+00
3.054491841955718989e+00
2.811315656376104588e+00
2.678971176544173272e+00
2.708306108713680160e+00
2.611659965236959202e+00
2.505063520984722292e+00
2.300796791620056236e+00
2.296563521796214591e+00
2.148170138046231692e+00
2.096503436679959087e+00
1.910351746801490114e+00
1.931793759817188150e+00
2.033411989880172577e+00
1.832502539354175619e+00
1.775940430483424759e+00
1.858305121007788108e+00
1.857273817899734558e+00
1.627824756124391481e+00
1.563196839583363529e+00
1.660986022382810123e+00
1.477310013413720480e+00
1.471338233629807757e+00
1.772597576436408140e+00
1.312844750122371895e+00
1.457020069175407828e+00
1.236207412341961520e+00
1.466466232710882167e+00
1.184248483063514490e+00
1.118723981102995646e+00
1.267149426209306151e+00
1.164068982357272297e+00
1.159080749509292740e+00
1.161260530698420501e+00
1.103488494233209494e+00
1.090806731962353116e+00
1.215553870950354387e+00
1.069253574720256728e+00
1.005691401117721151e+00
1.048024761040645902e+00
1.117697253969949234e+00
9.913272581332530642e-01
8.950693661595490180e-01
9.691003285757809893e-01
9.179541778527516849e-01
9.096481205657955815e-01
9.425392988494251112e-01
8.132286833972695028e-01
8.162850396988854396e-01
7.493947643200555842e-01
8.324366630187640670e-01
7.466960053511895179e-01
7.202009760028358354e-01
8.102430889445325635e-01
7.491365594744375800e-01
7.022493382074354029e-01
6.994366676226142499e-01
7.162332387846077619e-01
6.469084014924126880e-01
6.662357657676785117e-01
6.226688449385335833e-01
6.493551044616212575e-01
6.381039661420638831e-01
6.299381766566768404e-01
6.178989143463143874e-01
5.579568172209645738e-01
6.240291000006443767e-01
5.313191499774193582e-01
5.429356392004975884e-01
4.878228985439801435e-01
5.024618846048638510e-01
5.303431304212267161e-01
4.934409618165133127e-01
4.746268273672393234e-01
5.187289651860197415e-01
5.020472626371161873e-01
4.439543572763778867e-01
4.490677061982427110e-01
4.348594363150982134e-01
4.260587406240088360e-01
4.384167644483571435e-01
4.129615422257942314e-01
4.484585315964124685e-01
3.701524062862650566e-01
4.007348999536957113e-01
3.950565934106791688e-01
3.729541764035066431e-01
3.507071371162934215e-01
4.043192374056696625e-01
3.857797152467219437e-01
3.359981750336017980e-01
3.449498028119010185e-01
3.349758224741792301e-01
3.590850941052317058e-01
3.289084432967376292e-01
3.296672937714823504e-01
3.218080575251833775e-01
3.124271416009993252e-01
3.354089351679427344e-01
3.086388887659816671e-01
3.033847635757847550e-01
2.992087267943046025e-01
2.790673099689871539e-01
2.840406296094210581e-01
3.106319988992662373e-01
2.710797087029277463e-01
2.657646803732293117e-01
2.569436895696475265e-01
2.690200479653371834e-01
2.642999323001203327e-01
2.676043920107129548e-01
2.406619567296312545e-01
2.461031162469477784e-01
2.564833127755801745e-01
2.442310275642524953e-01
2.397190978533436934e-01
2.331245392186826748e-01
2.526151220308664458e-01
2.312058185595727844e-01
2.437562570498633119e-01
2.489659561409910682e-01
2.192024307744868672e-01
2.184000752154607317e-01
2.355609776023236956e-01
2.064841480932259055e-01
2.201475925716942783e-01
2.055946091473040971e-01
2.007544395590525887e-01
2.049100646845080365e-01
2.260985645013932621e-01
1.949261616065053326e-01
2.143259908270415681e-01
2.119980249234346414e-01
2.062180401170303490e-01
1.933244605879978761e-01
1.879389800171600566e-01
1.948427758506675322e-01
2.008541007367867226e-01
1.891921133946345146e-01
1.841484473209643868e-01
1.785007218355311176e-01
1.786772661253935857e-01
1.885686988636541828e-01
1.807186550289248683e-01
1.695949559007584317e-01
1.773240651712266469e-01
1.655904179231290907e-01
1.720173550598571022e-01
1.660872853057132337e-01
1.667327583929130719e-01
1.723068416890072008e-01
1.735930725384002282e-01
1.677579528885025095e-01
1.674830755217784073e-01
1.639514685886162004e-01
1.600813161442664889e-01
1.913973436867107136e-01
1.892290417392063773e-01
1.550005432263341087e-01
1.491326668664837429e-01
1.460877647267463386e-01
1.483767887055751078e-01
1.424805070214282265e-01
1.409727949024513760e-01
1.296029617944723100e-01
1.539629440757552259e-01
1.368017577115292205e-01
1.411073017094204574e-01
1.466044866494704280e-01
1.382347835583758733e-01
1.474059195440539094e-01
1.528870113161116262e-01
1.350816370394750110e-01
1.279115863606674064e-01
1.279033427358235719e-01
1.487552731577510556e-01
1.329263232405314965e-01
1.314298721358255484e-01
1.291305061621985384e-01
1.327288247769781993e-01
1.326472957661822549e-01
1.283485404376501215e-01
1.286996350202196104e-01
1.280925474307494649e-01
1.420581850464314733e-01
1.110322476151902327e-01
1.044890806397604788e-01
1.143416592260490805e-01
1.179847228315781399e-01
1.158798483593406481e-01
1.283024158828270089e-01
1.138249948604769385e-01
1.338314636312716854e-01
1.314438440904096006e-01
1.202214551504256074e-01
1.266521575323981130e-01
1.128209937492554576e-01
1.123326526251360175e-01
1.126163517145015447e-01
1.037284935938004582e-01
1.064607602154868382e-01
1.051558703817058599e-01
1.167478990951649198e-01
1.134005357458199720e-01
1.129549553135060641e-01
1.054830271605096959e-01
1.005067794007815790e-01
1.042126936302917167e-01
1.084494012223611581e-01
1.116805174948664464e-01
1.136577193065644448e-01
9.873337697007375513e-02
1.226238844821047891e-01
9.239964145487591929e-02
1.033525710475704795e-01
1.227880593502537476e-01
1.056505106143826728e-01
9.094554074691788004e-02
1.028313581506706681e-01
1.090269553736989694e-01
9.882767660479478689e-02
1.075700669861396341e-01
8.952413367512289388e-02
9.560059167206749753e-02
9.224990713909152207e-02
9.293113138618321056e-02
9.346944865992698470e-02
9.597828035671418512e-02
1.026196790744731968e-01
1.035653336439742167e-01
9.593223102835322924e-02
9.463195339970852105e-02
9.538413094570305506e-02
8.293838951354649824e-02
8.849565051026958562e-02
8.512535781954913561e-02
8.587557406289209050e-02
8.578991204161576234e-02
8.133592765598353369e-02
7.691549625256097200e-02
8.234535882029922482e-02
7.826127596032901590e-02
8.007444998059891350e-02
7.927113390012160976e-02
8.351514884076673140e-02
8.060212520543864889e-02
8.626768386340342987e-02
7.463626232228708079e-02
7.934814014833921347e-02
8.616970157272074715e-02
8.119612256603453426e-02
9.072004835662320077e-02
7.140962100818273872e-02
6.652866589272644904e-02
8.393609471343907447e-02
8.386416231227361573e-02
8.257080322970633546e-02
7.006704622123084703e-02
7.184871581435002541e-02
8.355735492545411647e-02
6.752353405031986944e-02
7.593047170251650269e-02
7.909493011795820649e-02
7.228427980127408170e-02
9.218533316960407509e-02
6.531979670328737220e-02
7.925547136608906973e-02
6.633896476437481371e-02
8.369434191680931445e-02
1.007329466576689925e-01
8.203292270214410098e-02
6.884442384751809918e-02
7.262202084589609863e-02
8.196430840046679822e-02
6.984704582548779961e-02
7.182727372931645149e-02
7.378476831001815062e-02
6.377025972380570562e-02
6.829378050668447053e-02
5.909509748700365189e-02
6.665502810577973725e-02
8.029441877598855748e-02
7.870598856644082930e-02
6.679739976996237893e-02
6.983429170218426185e-02
6.636556066564552880e-02
7.062145822048321309e-02
7.544152705805856618e-02
6.189770191121290316e-02
6.971306653099056116e-02
6.713498864229207330e-02
7.021434343616829443e-02
7.699340951595558258e-02
6.391065282510256795e-02
6.855825635848379618e-02
5.868374053851058841e-02
6.147820032232091669e-02
6.540473115629730216e-02
6.734891584302819811e-02
6.365348015164686013e-02
6.061159494553853416e-02
6.412085056569581665e-02
6.611671847326697216e-02
6.278901607250224337e-02
6.673701000331752620e-02
6.590688846864201089e-02
5.975564162250456696e-02
6.938565236988371299e-02
7.116757027926193246e-02
5.661211283541185690e-02
7.035412127471728228e-02
5.746486309856967817e-02
7.235619679668935100e-02
5.951282663684349244e-02
8.077924092000915435e-02
7.335754017608278610e-02
7.880759719063115676e-02
8.801366903104423933e-02
8.109412708501823053e-02
6.823055726439043733e-02
6.046441759803123511e-02
7.597590543035107058e-02
5.957999656497685315e-02
5.848437866638968308e-02
5.547660954134841366e-02
6.036208245259708227e-02
5.897952543548453525e-02
6.578132319697972685e-02
6.265896668240490686e-02
6.158551133314772025e-02
5.800960282919837702e-02
6.034805986014745577e-02
5.560332326297563743e-02
5.330447227061686083e-02
5.873706315176064480e-02
6.226870807057981877e-02
5.076088183181907965e-02
5.688296075218291642e-02
4.867711858565753474e-02
5.315816262309849827e-02
6.198905172986062667e-02
4.253020327390717725e-02
5.916154203394127786e-02
5.057825368658350196e-02
6.458146295141874160e-02
5.918316241904129915e-02
5.456708112774170949e-02
5.051652717757163652e-02
4.733364007964525888e-02
4.889663821742587513e-02
4.641600554956581970e-02
4.904359175122108283e-02
6.039817515884645521e-02
6.346677963198735228e-02
8.194354174299084415e-02
6.840065930880429024e-02
6.697322907248282053e-02
6.516270369243472305e-02
5.675730005534626588e-02
5.438000971560113389e-02
5.883088253334355783e-02
6.868363424906163972e-02
5.996127549275443586e-02
4.529945319484181276e-02
5.134011709902926851e-02
5.868101889584421971e-02
5.858395899325837680e-02
5.179829806920133173e-02
5.522749030651455393e-02
6.051455587270764686e-02
5.586302544993561325e-02
5.341297076975775465e-02
5.323810063433367934e-02
5.212049368555012052e-02
4.911239828243215561e-02
5.436154062263667819e-02
4.493423793091153029e-02
6.478181998165254141e-02
6.164027095125656358e-02
6.385029273800674199e-02
7.345653627984873035e-02
1.010898784226152425e-01
9.262795907236191784e-02
7.368856142847467205e-02
7.103941405095601236e-02
7.034562754793310946e-02
1.101987666144592509e-01
5.906618675821388026e-02
7.062579596612253430e-02
6.845603083603409023e-02
9.834357378126953875e-02
1.411068664087705982e-01
1.929172624351398468e-01
1.356633693457736101e-01
8.629815456947648178e-02
8.394116439725539391e-02
6.665025001684375672e-02
5.893789668042922342e-02
5.792814044119007355e-02
4.673885046868857945e-02
4.385902760959095592e-02
4.795304551661486864e-02
4.140407281022407543e-02
4.195728139466814444e-02
4.375847212991802043e-02
4.079463412703040331e-02
4.272380307112040587e-02
5.013660223230950730e-02
4.123822965546981162e-02
4.202768167823567325e-02
4.126764248133263369e-02
4.574355764043143424e-02
4.795301706074833054e-02
4.326451719498670967e-02
5.485361877490602112e-02
4.692284842141038192e-02
5.048630844800762463e-02
5.707095826843288505e-02
4.217883007667256462e-02
4.922880386186100771e-02
5.171661455993191436e-02
4.616920647654571691e-02
4.835399276800740609e-02
3.882413006042429587e-02
3.754716481598679295e-02
3.709596623445622632e-02
4.002769843272048489e-02
3.945925553829468524e-02
4.035732568465957848e-02
5.563637625063160008e-02
4.500160959196856242e-02
4.599583296149588330e-02
4.552171515824255527e-02
4.711426002893297910e-02
4.902536679484847254e-02
4.670327345984968959e-02
4.543618544291620071e-02
5.665430663830625657e-02
6.437670408212639583e-02
5.293935217819811800e-02
4.712953747594080672e-02
4.381197050234038326e-02
4.896640428252049121e-02
4.895596436546675867e-02
3.691998237246793546e-02
4.868973516435641524e-02
4.409011869294555963e-02
3.554757437527440722e-02
4.553042929181415344e-02
4.379762942446097096e-02
4.255821187378782539e-02
3.585721099904409098e-02
4.168737946493597524e-02
3.630635070568270090e-02
4.076007572890350678e-02
4.281118942072380251e-02
4.413953934019561320e-02
4.394457152185569926e-02
4.255018956396316304e-02
4.512414497990745177e-02
4.095656286573466642e-02
4.328172244758224374e-02
4.997643867098043591e-02
4.442109595529744603e-02
5.277025702209114932e-02
5.560257193008660143e-02
4.494164527150027594e-02
4.526708929144140914e-02
4.133894247182629683e-02
4.716374218920060118e-02
4.926230497505001277e-02
4.691894089212518548e-02
3.711174421446702260e-02
4.149721354820216923e-02
3.278808361783215608e-02
3.778500769348327321e-02
3.904662138186317660e-02
4.112608640718121156e-02
4.002060132892026889e-02
3.868516120018750115e-02
4.124554743897915210e-02
3.814213575771338571e-02
3.963091998213710832e-02
3.956670855379888774e-02
3.971926527498449017e-02
4.073692500139385053e-02
4.162532496807587468e-02
4.483597427087605142e-02
3.975463586803162919e-02
3.435225193305506408e-02
3.885513311823736438e-02
3.616595507956724131e-02
5.064859590732664896e-02
4.727710387986047008e-02
5.351515187815163860e-02
6.608412085921086532e-02
5.509925960409491064e-02
5.398498373226970348e-02
4.277044050044608026e-02
3.778800290557830788e-02
4.983768016409317880e-02
5.269272556246659689e-02
4.971127744258311415e-02
6.278502931436422130e-02
6.003975965955048871e-02
6.265774839380361394e-02
4.137162031381387550e-02
3.838736939167700091e-02
3.912793641785645288e-02
4.552670879728852593e-02
4.533116365597160413e-02
4.216177739901604687e-02
4.370371957198916635e-02
4.449885157364842636e-02
4.189219931400499364e-02
4.907867927166933986e-02
5.237277371515258045e-02
5.885438131524737410e-02
5.473504008917506880e-02
4.060381961484801905e-02
3.386077750270743286e-02
3.885868202935341409e-02
3.473791003365900992e-02
4.475908609332489990e-02
4.548921226142585428e-02
3.819887910820638638e-02
4.476009511194326690e-02
4.004607917908687559e-02
3.281345137720931976e-02
3.916233700704732645e-02
3.940728538179713580e-02
3.717704538767656330e-02
4.376531657384512275e-02
4.075736171926747781e-02
4.467687639692300566e-02
4.875176617392946304e-02
4.275263306446740186e-02
4.416390531083263377e-02
3.890883863303433443e-02
4.085359753933005822e-02
3.682547065474627707e-02
4.434295553847179827e-02
4.573309266400217565e-02
4.981232647395753693e-02
5.076691992635731787e-02
4.303647910633946055e-02
3.582251193698183372e-02
3.358120891290223425e-02
4.600739253446140681e-02
4.534674420070498174e-02
4.849053731107046128e-02
4.528249643478027969e-02
3.933890503174363590e-02
3.612219146118027246e-02
3.621687182731826715e-02
3.319140804815372270e-02
3.540862142197398477e-02
3.435924945640504019e-02
3.568030977447873842e-02
3.926107118027273579e-02
4.167226502153623807e-02
4.397092930214319129e-02
4.960903699667944255e-02
5.935693075818532921e-02
5.674405139510098339e-02
5.428216686246734729e-02
6.205145896194722704e-02
5.542795534261066304e-02
4.694881477965454075e-02
4.495001005778524739e-02
3.605791863995926050e-02
3.831392468467276213e-02
3.943189316714398873e-02
3.869421536869816630e-02
3.592225696362365273e-02
3.707888539353418333e-02
4.589216672131019720e-02
4.500120442502368590e-02
4.209938274290661586e-02
3.267201614815577748e-02
5.071339180656157797e-02
4.220915302766777705e-02
3.634884382754859783e-02
4.286976173132457657e-02
4.428911560018782695e-02
4.900250150574485958e-02
4.841384459764833115e-02
4.874905645078278504e-02
4.695732132673424708e-02
8.729637058544657824e-02
7.219415260330379336e-02
7.773341282184949297e-02
4.708556464100593225e-02
6.540031801980231152e-02
6.939492629258793566e-02
5.109283189430095101e-02
4.169698343155935766e-02
3.414025168783998976e-02
3.570580689652231438e-02
3.358049357794973960e-02
3.945039622077114311e-02
4.300721508872204502e-02
3.707858711867154100e-02
3.436290034715593078e-02
3.161703506297781907e-02
3.397647871476046355e-02
3.377267254973667643e-02
3.624430370114198330e-02
2.990883750381147926e-02
2.679464621426771304e-02
3.041468289401891983e-02
2.833598631522454142e-02
2.713079549343013971e-02
2.809870178586625772e-02
2.640358654735316252e-02
3.142043950302217392e-02
2.722812290567831056e-02
3.395426749934610938e-02
3.129945776183273159e-02
3.133712972733146418e-02
3.412723637636982249e-02
3.339717380394340018e-02
3.576585538722453633e-02
3.781091526719521784e-02
6.825217124412487346e-02
5.413037963856476981e-02
6.424529144044230367e-02
6.401841049354427271e-02
4.877220530465319059e-02
5.147556146843366986e-02
4.531906483589790563e-02
3.693752268221740798e-02
3.495429103213302385e-02
2.905812056702640478e-02
2.971040864265360459e-02
3.089728498212141253e-02
3.273756378929984501e-02
4.086839267503116629e-02
3.111336932880667122e-02
3.269559642413064071e-02
3.328298097199734740e-02
3.372528139550716453e-02
3.177214778370691245e-02
3.294609854415126576e-02
3.362206997993678198e-02
2.924158909048315061e-02
2.866162824893265029e-02
3.109401586409630408e-02
2.888672016668454579e-02
3.007585593589262932e-02
3.268278562948206262e-02
2.609547346864516532e-02
2.818814036827854697e-02
3.048360263050161126e-02
2.732210204589678726e-02
3.195375429594549815e-02
3.424312138721744003e-02
3.213418632923063095e-02
3.440694293361771378e-02
3.351000446936187177e-02
3.055429810455199263e-02
3.185067724483311991e-02
2.962940218553615501e-02
3.632008757391268217e-02
3.252086293059021360e-02
3.701839233701502418e-02
2.999901015942565280e-02
2.800514838424994837e-02
3.139418400007266269e-02
3.337482883365365527e-02
3.567414773602866490e-02
3.632132212102572727e-02
3.544492418559661018e-02
4.346613151077464293e-02
3.429292422323117900e-02
2.744467511478315344e-02
2.896497628153800810e-02
4.780513086171549186e-02
3.889629583112248074e-02
3.148087525883046939e-02
3.824677930750806920e-02
6.343576190965040384e-02
5.770311209548750070e-02
4.880683139856867997e-02
4.598421153834845315e-02
3.579544410792766251e-02
3.090605705306094519e-02
3.239129336312290830e-02
3.441893784085518770e-02
3.290298651790017626e-02
3.098947419379868146e-02
2.769229486507383819e-02
3.028595673868637872e-02
3.454069825677973798e-02
3.205564451938298226e-02
3.377960532147053496e-02
2.607412723377576166e-02
2.699422509348352317e-02
2.983341688501614866e-02
3.977701453598957854e-02
3.113633861212185619e-02
3.718949114492715174e-02
3.831407328773334814e-02
3.061050552683099515e-02
2.770092751203597978e-02
3.390786751706786201e-02
3.305324208246059048e-02
3.146019576744297358e-02
3.836031955319242626e-02
2.790518324633902217e-02
2.775623519345871149e-02
5.493113962547780532e-02
4.155315404261020890e-02
4.574789306492209329e-02
3.984179496326919340e-02
4.489682498864232263e-02
4.451137545241296706e-02
4.990075926856552685e-02
6.540012197310428321e-02
4.119924828434710223e-02
3.054575415003736930e-02
3.348035139218759337e-02
5.227313794038671024e-02
5.869848267126164670e-02
4.737391531444196807e-02
3.564928213418247505e-02
3.082803009454627291e-02
3.173301858742209880e-02
3.654836841485937377e-02
4.679150338988388724e-02
3.085993543129103220e-02
3.551977302665702829e-02
2.783555408742675527e-02
3.099132342382725225e-02
3.250045294096795545e-02
3.745074343613542800e-02
3.487159625875822788e-02
2.966628471584047133e-02
2.873571393041555316e-02
2.719971321624540042e-02
2.777968515920687179e-02
2.602992599503602816e-02
2.588452277283610076e-02
2.998356933575257316e-02
2.596398394296566686e-02
3.264146454044343504e-02
3.437388101510364252e-02
3.340772662726198411e-02
3.514929843698658823e-02
3.056779345616098334e-02
2.253423100172524673e-02
2.952571299940989422e-02
2.408248560647754249e-02
2.500424838883386416e-02
2.927509749670824390e-02
2.937003416460132535e-02
2.555609387227998630e-02
3.064510541067903132e-02
2.414643619540070285e-02
2.772886684321113071e-02
3.180973788132014646e-02
3.285852240633423821e-02
3.731582167409726314e-02
2.856289282628728804e-02
3.482397894609701172e-02
3.165074673484737089e-02
3.420440455925209677e-02
3.297241770583091147e-02
3.038607764589384974e-02
3.057821561066098939e-02
3.209219989995348160e-02
4.403555909362685816e-02
3.814156333736343218e-02
3.610059021698928949e-02
3.328770536816347270e-02
3.443369968108829504e-02
3.375265560581981045e-02
3.117561064848871008e-02
3.152902311967469701e-02
3.548171089439165066e-02
2.961106203665930456e-02
2.844114339012038251e-02
2.506407428364400627e-02
3.491480848954728322e-02
3.533014040669571476e-02
3.210043745716005537e-02
4.428860309910366555e-02
3.965026345043705380e-02
3.441290028973055526e-02
3.518560951346277194e-02
3.000704470974608143e-02
3.826908638873430246e-02
3.001662007116107436e-02
3.181499862371840043e-02
3.092905007516117549e-02
2.787078260464207619e-02
3.003798898910073692e-02
2.383449719996618560e-02
3.161413615608628380e-02
3.758278901844012282e-02
4.302427628830793327e-02
9.084593722342096389e-02
9.406846746830652140e-02
8.759882502504240387e-02
6.063824291408628775e-02
3.915247144992264894e-02
3.216352574631666655e-02
3.286415819471111971e-02
6.222022023419464254e-02
1.168814189791085451e-01
8.477707402094360190e-02
6.405564881602214544e-02
5.023849949027062167e-02
3.370277745809203973e-02
3.408795168466700887e-02
2.373321987547460238e-02
2.669569989494943382e-02
2.682961730382562790e-02
3.277204448936624215e-02
2.248358380888094282e-02
2.448977573819455592e-02
2.537267471717316938e-02
2.698019779810373678e-02
2.195080146736685597e-02
2.375923744175069408e-02
2.359519855672664521e-02
2.238508029806322852e-02
2.381537188298308780e-02
2.461246300862153860e-02
2.606779929486126648e-02
2.310612338287627160e-02
2.995265535783157504e-02
2.598280629675617584e-02
2.740995929680820412e-02
2.185435843378950860e-02
2.358784868121461403e-02
2.615400926906694470e-02
2.828993220593556401e-02
4.364643234074599282e-02
3.280996300597092963e-02
3.581810195776929939e-02
3.171847041027657521e-02
3.876411642045347883e-02
2.692303805393504723e-02
2.721839964884184213e-02
2.655376136364053646e-02
2.530759146420442918e-02
2.579548114863560934e-02
2.895003279990267936e-02
3.037289154308333433e-02
2.904176368353757892e-02
2.829154572696785178e-02
2.777234057874139114e-02
2.978231135734915949e-02
2.438178127364588887e-02
2.522928994283451729e-02
2.961223983360939185e-02
2.860158255714128489e-02
3.544908352154218373e-02
3.960960631758204259e-02
3.212622988661068685e-02
2.859723123615247331e-02
3.127603139576459745e-02
3.123130229300052213e-02
2.925572493401413024e-02
2.624057979381551331e-02
2.747390335104709508e-02
2.296191634058899686e-02
2.634974132888367668e-02
2.444654902510352834e-02
2.444376019579430626e-02
2.386733510294275148e-02
2.926275663189981807e-02
3.616402241658999567e-02
3.827823742996588202e-02
4.275093698139479509e-02
4.655304433109168361e-02
3.092930971711115029e-02
2.825174117500873355e-02
3.272626472874580472e-02
3.075071872346545054e-02
3.480298414097277721e-02
3.687541361691712427e-02
2.939988367100206806e-02
3.425329263495276860e-02
3.685968187637064103e-02
2.984991218235480762e-02
2.952331975571326900e-02
2.838093605381234244e-02
2.456711957849507313e-02
2.845175023222427241e-02
2.638282739228020243e-02
2.992234061691996516e-02
2.714056035816427709e-02
3.214307552555263625e-02
3.443640736215539122e-02
4.550351054962436387e-02
3.133768470959003710e-02
3.467774469174340207e-02
3.483291014780429129e-02
2.420358042291465700e-02
2.613118641473129167e-02
3.125513574983434378e-02
3.854152819386025969e-02
5.138580214677213737e-02
3.287651544951195048e-02
5.897402096203233079e-02
5.287638325856217070e-02
4.735550859838225102e-02
4.626566819034653305e-02
3.211165925950743016e-02
5.831497463912497375e-02
4.916268114326626665e-02
3.854382301373636410e-02
3.370410097708867458e-02
3.584907140698245787e-02
2.555403884154539007e-02
2.701675981068328222e-02
2.596548050422605586e-02
2.484179382556780599e-02
2.748547885922289838e-02
3.037095217086343765e-02
2.992150358906537147e-02
2.362599104620370302e-02
2.418896132313947192e-02
2.292752187256985250e-02
3.029227255730053414e-02
2.290805755361667584e-02
2.749930208467673762e-02
2.344192417537494660e-02
2.305743080709330567e-02
2.933990607628439440e-02
2.639070691984685482e-02
2.768737461789957249e-02
2.643086319433366263e-02
2.593625577660180898e-02
2.233035086082233583e-02
2.288993430714535149e-02
2.241225329797066207e-02
2.533658697626674228e-02
2.573013250224426632e-02
2.340481525584319974e-02
2.087791920470600041e-02
2.318379058849113009e-02
2.590689574237414750e-02
2.326150095953751981e-02
2.109223187862499863e-02
2.169577744931306534e-02
2.620148751689150082e-02
2.398759321019999433e-02
3.671196990112698261e-02
9.428363108105280999e-02
5.766743703987368963e-02
5.740460682205406756e-02
5.265010235716183207e-02
3.371029646642027811e-02
3.183483430862377173e-02
2.744540214072516485e-02
2.959563604682831708e-02
3.163854282150947023e-02
2.556182232417852918e-02
2.638926342041154199e-02
2.474069135670137198e-02
2.522618883327752345e-02
2.320480113634133118e-02
2.590323216135400480e-02
2.545635813861812924e-02
2.240879639653976102e-02
2.738223396361200851e-02
1.957531990270206662e-02
2.340066178301740060e-02
2.415963354491161216e-02
2.085948365054518527e-02
2.200343853117081930e-02
2.374181292938442808e-02
2.081037844862141870e-02
2.237162721422168016e-02
2.864575610409172274e-02
2.432291924575587586e-02
2.340506137690527566e-02
2.626006556348113238e-02
3.062253498361018622e-02
4.777830084426813728e-02
1.162405029937297468e-01
1.477447880781389555e-01
6.872353855701590630e-02
4.972860014683033736e-02
3.419732869400009950e-02
2.784140734831706820e-02
4.290880275764939744e-02
4.394297994098861349e-02
4.127184120753314006e-02
3.528816504872551996e-02
4.817097171965442626e-02
3.882133811721476951e-02
3.750652665634220118e-02
3.279631987464806664e-02
2.811212776563649929e-02
3.054359460684477265e-02
3.113400516339392965e-02
2.796221120625714054e-02
2.234981967890649346e-02
1.870440806137670109e-02
2.433874191730332412e-02
2.105745763264316520e-02
2.258942972567595450e-02
1.922344236514149721e-02
1.861778657511308638e-02
2.001335259814325876e-02
1.908844113039926543e-02
1.916392245943239134e-02
2.096601994820597795e-02
1.998063576383278181e-02
1.949392075494430290e-02
2.255467592812650593e-02
2.005220589098175368e-02
1.947202602135702024e-02
1.965703938742523194e-02
2.181937686829656456e-02
2.190784628097649719e-02
2.180707881505276544e-02
2.077218136181626859e-02
2.444655104264559925e-02
2.103442202443226230e-02
2.642809395086771762e-02
3.736722551397025222e-02
3.228060720204220524e-02
2.594791685743742804e-02
2.621478567739051607e-02
2.376127292182119224e-02
2.307180480440790271e-02
2.435962938181503515e-02
3.136195743836786565e-02
2.685803108844807968e-02
2.701858518231486234e-02
2.312192231350506527e-02
2.724421335354782273e-02
2.017967445067213317e-02
2.333129117351773543e-02
1.964582949756804239e-02
2.110495810111712514e-02
1.982058948604675450e-02
2.174110761767343233e-02
2.007631774346418235e-02
1.826277134236057101e-02
2.210149095049995099e-02
2.307632021195595365e-02
2.303398331975755123e-02
1.923552804606763408e-02
2.472184033240065054e-02
2.759547146837271203e-02
2.212175403289524250e-02
2.580370459163515082e-02
2.928268392958261260e-02
3.092089000559593986e-02
2.192282153846776549e-02
2.399777360081139371e-02
2.186381234348030653e-02
2.770357690532415304e-02
2.265832363966820487e-02
2.516020036340051516e-02
2.315618132138385840e-02
2.463412920070016943e-02
3.632738968684381953e-02
2.394468778447104984e-02
2.812065403766701027e-02
2.496030003797002073e-02
3.002230562082666351e-02
2.698495998804487442e-02
2.407695438332921670e-02
2.610807648126778346e-02
2.136091715839548086e-02
2.175462816653328871e-02
2.230436417279669375e-02
1.866324272852276298e-02
2.087942877845855652e-02
1.856408017292360962e-02
1.888429005611119010e-02
2.003238066117458277e-02
2.123543667628531584e-02
1.899480502208709259e-02
2.193905034687103003e-02
1.815686722266302705e-02
2.219037274406735621e-02
2.244048474694801745e-02
2.210441712368061556e-02
2.059660820577631501e-02
2.142772824623523018e-02
2.696360733626766704e-02
2.787965693627713487e-02
3.245854376797443347e-02
3.862913284864929325e-02
3.073368817662896352e-02
3.354454292590745151e-02
2.783270966087186132e-02
2.535612732283931692e-02
3.364890040210515021e-02
2.656514867337633409e-02
4.167243685026605221e-02
5.609171051055975021e-02
6.667054356150370342e-02
7.572174670470704916e-02
1.922639654313970936e-01
1.142436833939089874e-01
1.098820517114150602e-01
8.646990783289235094e-02
1.106303495397286674e-01
8.178844222895141625e-02
6.958453535663657041e-02
3.335100924600798572e-02
4.367907568615469333e-02
3.335092270917941470e-02
3.693858300247420540e-02
2.342272670968392756e-02
2.402190314468549345e-02
2.216395819691229993e-02
1.954133831856954065e-02
1.997510145805563714e-02
2.148480016856150684e-02
1.778865853504348754e-02
1.842998516176559687e-02
1.717077708321696275e-02
1.881386863995718542e-02
1.754371067862902506e-02
1.950941980526068112e-02
1.727134515330019590e-02
1.713027317849099077e-02
1.933476941999414528e-02
1.861032865404946626e-02
1.819456721436905206e-02
2.119540186504684925e-02
1.987704719988931529e-02
1.711647406792484588e-02
1.737552180342235783e-02
2.101291891230491413e-02
1.555013492945118807e-02
1.922151977588493210e-02
2.086392396386547304e-02
2.458554385766987399e-02
2.229838859791212491e-02
2.252854093072944111e-02
2.029011956163518510e-02
1.904671127055172775e-02
2.108624443994859543e-02
2.528554190326055828e-02
2.215942463524892686e-02
2.330728976373435540e-02
2.075181933283539240e-02
2.085822687875745970e-02
2.028258648347230214e-02
2.032027937588537503e-02
1.762743967467298584e-02
1.999254566876125863e-02
1.998620499203659223e-02
2.000557496013494196e-02
1.953362728803989187e-02
2.526504999864115711e-02
1.901116387406496383e-02
1.803178314678176991e-02
2.621617667845126814e-02
2.730605529006738946e-02
2.322869254321286575e-02
2.238369680784141336e-02
2.398086989348945791e-02
2.285981339138539598e-02
3.509543173773731900e-02
2.923199626085074346e-02
2.930046208903476501e-02
2.921842571387505555e-02
2.177572777222657949e-02
1.952671232168502746e-02
2.026940524587719436e-02
2.087607765646112140e-02
3.290158972061761611e-02
2.602394181212075788e-02
2.256694990471430282e-02
2.425063525767994985e-02
2.009823207224070360e-02
2.367638538158893177e-02
2.624679623196448167e-02
3.564602289870112684e-02
2.569129321846983297e-02
2.394143408927071684e-02
2.643493110026650522e-02
2.209918004292284188e-02
1.979324959662761771e-02
2.245248738104854702e-02
2.504433283038829533e-02
2.697022320273511839e-02
2.578556969998906101e-02
2.367110158730226580e-02
2.887553613681389728e-02
3.307457325226875050e-02
2.189993576118662647e-02
2.140848338236978066e-02
2.045943492813208364e-02
1.565715277239515882e-02
2.111609311705109349e-02
2.138861979476003664e-02
2.192894294233901226e-02
1.611077622419099242e-02
1.823462915696808656e-02
1.787376189785117378e-02
2.502977016780741013e-02
6.967447927439737732e-02
6.603929835494358469e-02
1.128028357968597073e-01
1.509038973531071914e-01
1.424748839431971004e-01
5.307024609682930993e-02
6.170176555307106681e-02
4.282948564871429109e-02
4.391483245304865501e-02
2.899464231003375317e-02
2.572234256841894606e-02
2.767729874494485182e-02
2.405991203074427445e-02
2.037580638983554210e-02
1.912198132384920063e-02
1.717455422805241189e-02
1.529325214057494081e-02
2.018455782985580094e-02
1.838600992653625227e-02
1.982446301686841689e-02
1.867953414192622189e-02
1.848418807210116394e-02
1.934518160433070649e-02
1.677957396804365814e-02
2.522866714582906733e-02
1.665666509046591359e-02
2.451701304505073467e-02
1.679057111249981221e-02
2.039749302616348375e-02
2.043862885262064805e-02
1.838430939318145760e-02
1.742134506610202097e-02
1.970608408008960033e-02
1.854955974575624514e-02
1.512585719753027115e-02
1.809873786973548865e-02
1.707121802207862277e-02
1.646773519797650048e-02
1.761427367534982094e-02
1.902892695674205867e-02
1.855789748416367818e-02
1.871008406071073341e-02
1.774324060558033281e-02
1.683008538283240277e-02
2.106342425376539484e-02
2.218673002021779098e-02
2.013472590844776408e-02
2.143959727425797518e-02
2.293070887763674556e-02
3.199551547180636002e-02
1.977910994419111029e-02
1.791174246475039922e-02
1.917582616707749071e-02
2.247648801954659631e-02
1.727991780658376386e-02
2.276854810328377693e-02
2.160524239976931160e-02
2.894594072178489561e-02
6.926471875630643704e-02
4.146933421255376978e-02
4.159375898098008340e-02
3.590902880231926914e-02
2.513404901946679482e-02
4.209626309571744274e-02
3.901382129551375644e-02
1.559469717019764667e-01
1.964326778354677505e-01
2.009697204327594022e-01
1.381079048587042502e-01
6.921838437455724025e-02
3.182504043150852224e-02
2.918821850930455181e-02
2.955407926258400361e-02
2.726241015440741128e-02
2.777012616275736576e-02
2.496593278397724741e-02
2.273158710968647273e-02
2.127467253634003977e-02
2.104878318614137808e-02
2.092239876298234921e-02
2.222132717649143163e-02
1.993761094519414662e-02
2.358854708848812445e-02
1.967813941314168480e-02
2.226490514032623130e-02
2.510635140577405222e-02
1.880733651154231981e-02
1.601552136752209740e-02
1.937182858090405121e-02
1.784912333702654008e-02
2.023237048549590342e-02
1.892337482170333013e-02
1.640259812661874414e-02
1.960718285488037560e-02
1.912184899130265486e-02
1.614569567051406598e-02
1.930448735411448985e-02
1.717441216053697609e-02
1.856906477185562773e-02
1.989005643277564489e-02
1.894326021282148609e-02
2.133727697065468734e-02
2.072316294483070656e-02
2.240666415411903672e-02
2.107917882606474488e-02
2.250693934715681035e-02
2.032092128296451167e-02
2.255662576117615364e-02
2.225770976252954003e-02
2.461870295784266555e-02
5.489544431309530126e-02
2.882071372648651805e-02
4.730550981832815083e-02
2.592327526933771095e-02
2.361054177503937521e-02
2.640310832601837007e-02
2.288567751405081244e-02
2.194800305447511604e-02
1.936086571337838555e-02
2.589253204516111725e-02
2.088748096255963957e-02
2.111281765408917072e-02
3.596632441796494134e-02
2.609865549111767963e-02
2.436595521800346067e-02
2.152497030230034192e-02
2.468704108521673976e-02
2.005791999892980390e-02
1.740376386096998546e-02
2.503069767356300504e-02
2.009015377154548671e-02
1.782395455243386551e-02
1.889348244627775050e-02
1.817162439608053029e-02
1.666736089106134883e-02
1.830289616775875039e-02
2.154899450047693954e-02
1.879223590478313471e-02
1.956271525236417952e-02
1.974824239320724720e-02
1.832375403731683824e-02
1.678044420573371331e-02
1.756130378550033871e-02
1.911138434833964395e-02
1.657747982860914571e-02
1.562071696039626749e-02
1.764784124618826167e-02
1.591778017373014081e-02
1.721178985554327676e-02
1.658990037219109509e-02
2.026610820718112438e-02
1.993609238539517312e-02
2.513642839198258067e-02
2.899113154497645617e-02
3.359135731831605631e-02
2.690438769009731099e-02
2.931156134224812901e-02
4.745546672175305486e-02
6.573128215614884584e-02
7.192059291518750064e-02
3.317973329300794721e-02
2.643097933579832345e-02
3.957548639881804109e-02
5.185895961849096292e-02
4.037068773282785628e-02
6.309464138707274183e-02
4.130829339687570184e-02
2.935403324105723133e-02
4.236575686638015953e-02
3.480385534248492396e-02
2.659499272093283906e-02
2.932525366957241392e-02
2.360129617317394471e-02
2.408438326801231461e-02
2.062208381556279377e-02
1.910574332106820816e-02
2.017336554842533852e-02
1.976614824746085464e-02
1.581604726735501981e-02
1.683562471529781793e-02
1.866206945614695689e-02
1.908248914608539487e-02
2.081431284970092568e-02
1.895350204147536535e-02
1.732594477948002504e-02
1.808633275361934412e-02
1.722198934930497388e-02
1.867985830634829800e-02
1.520577224180394600e-02
1.669219855534729083e-02
1.897438994456199929e-02
1.473426356217049857e-02
1.459593642294143914e-02
1.596081631716411708e-02
1.739072236333694815e-02
1.806970393775822123e-02
1.874109683076943464e-02
1.722918664789896762e-02
1.907556495924252540e-02
1.795361859058021425e-02
1.813837271427753972e-02
1.967342617958598924e-02
1.577626887857751584e-02
1.986742399400898140e-02
1.782320909563197414e-02
1.644476545055844480e-02
1.877866500763469837e-02
1.830499648442079560e-02
1.887206739565314498e-02
1.721690535915547729e-02
2.280114177394372554e-02
1.933777879592820520e-02
2.217203799816814050e-02
1.718327599119538057e-02
1.550454499326089225e-02
1.728072188513997062e-02
2.155154093350550998e-02
1.997032036911550179e-02
1.880082510200976192e-02
1.802802468655869891e-02
2.207893518590782478e-02
1.977660574090452095e-02
1.783258177499432579e-02
2.479316230653801079e-02
2.415118203549628667e-02
2.077477621575705632e-02
2.219108066240577451e-02
2.390090909110748063e-02
1.976542456244958709e-02
1.882622925522095189e-02
1.785689969251415612e-02
1.746054042957057711e-02
1.839873199097556006e-02
1.913648710525705371e-02
2.005195949694485794e-02
1.862485149010931901e-02
2.074376122904264541e-02
1.997850217393737013e-02
2.237241223827265632e-02
1.799048542039769633e-02
1.686698006882350609e-02
1.644718526577823234e-02
1.437015765123642909e-02
1.889644323578131696e-02
2.198743277468151458e-02
2.199501436153115941e-02
3.648733143554846320e-02
4.282418862208561827e-02
2.757876296999610399e-02
2.743217624389277659e-02
2.861135483300614873e-02
2.806704032499099735e-02
2.971439660127937754e-02
3.155130631080104581e-02
4.896480177568987568e-02
2.564383082553800888e-02
2.548713190745035065e-02
3.002819887549550149e-02
2.427241157877248895e-02
2.029041279581210097e-02
2.207096653747013526e-02
1.840630975164302477e-02
2.021057140340023692e-02
1.759641135867406544e-02
2.202707785730478526e-02
2.024943906519714731e-02
2.503293579065922481e-02
2.356144851731671597e-02
1.940533789717429833e-02
2.955388060874703654e-02
2.873723924140127173e-02
2.260514327425006478e-02
2.294239031334258799e-02
2.296616051003616890e-02
2.257072871087128368e-02
3.901191004659181061e-02
2.738123049559159500e-02
3.011610755500956568e-02
2.800242549211769821e-02
3.044388138874883076e-02
3.248504455161829729e-02
2.923234114846831946e-02
2.034410707634812937e-02
2.065719204555793026e-02
1.686048426173241549e-02
1.635559824067637016e-02
1.774584330299657300e-02
2.071545574298468140e-02
1.701969460864954237e-02
1.733141487839639366e-02
1.963611639732579586e-02
2.424349469168359666e-02
2.218954394390773230e-02
1.681873683922711221e-02
2.052413740501747921e-02
2.197220244521529836e-02
1.855257447745314869e-02
1.950753331311257804e-02
1.739894021704928989e-02
1.671444241267835279e-02
1.474342614016006282e-02
1.804714141991602475e-02
1.712931455547999846e-02
1.817629922466853370e-02
1.948630363062407722e-02
1.822870608869220019e-02
1.644944612089166425e-02
1.759820248482851443e-02
1.467867621869735524e-02
2.028492450027752358e-02
2.328426942380621562e-02
2.247917767945639689e-02
1.188159072875888678e-01
1.410940727638397008e-01
1.098449157993383468e-01
1.453534503956002699e-01
1.147755982067567987e-01
9.695144134721142559e-02
4.090349861846825225e-02
3.068322137242981626e-02
2.085293556924368297e-02
2.444951821356546734e-02
2.152835478621630688e-02
1.482693634592059835e-02
1.904946716253060404e-02
1.753150797004406763e-02
1.712559057181290215e-02
2.018739850722581566e-02
1.649467653412906368e-02
1.632026709828991728e-02
1.867369684928086443e-02
1.532348060329075980e-02
1.292473614167164928e-02
1.325494927517578518e-02
1.482209429809748340e-02
1.444038141742152483e-02
1.370166929026524552e-02
1.646921281652503899e-02
1.455702448032802909e-02
1.529150941297273240e-02
1.557027040751852824e-02
1.332843907515198455e-02
1.683454179471855980e-02
1.487186347385165489e-02
1.680623042831196762e-02
1.532295459360370933e-02
1.632922268202876420e-02
1.655762096305084599e-02
2.344331373071448579e-02
1.816183153743016615e-02
1.678856560857078933e-02
1.470068125604495624e-02
1.542241969735199530e-02
1.577575313630920351e-02
1.753520110046236438e-02
1.587904900922902651e-02
1.512724336021658775e-02
1.517347239251559329e-02
1.568091966974475074e-02
1.556360342355469703e-02
1.785881839962178905e-02
1.829671064843534090e-02
1.472934339020798636e-02
1.373889876228556739e-02
1.665156489834041659e-02
1.567662081150197548e-02
1.461247954578514738e-02
1.769988795243550295e-02
2.020243357424618760e-02
1.539254574469206896e-02
2.039781110163106648e-02
1.710767287242005025e-02
1.966378348451768704e-02
2.145668211180436213e-02
3.202260322482868710e-02
1.992759798763426779e-02
1.813161981997919031e-02
2.179417200960227091e-02
2.230712984773545321e-02
2.152422780327889820e-02
2.098494906478116234e-02
2.762107630674124834e-02
3.135748034046438593e-02
2.835547025583316436e-02
3.136707665626022046e-02
3.391512566186508787e-02
4.349450341886679922e-02
2.715267519652337508e-02
2.215653632443071591e-02
1.591504384803739403e-02
1.979115102707736454e-02
2.066583307934905314e-02
1.829913341820891409e-02
3.231243338011098587e-02
2.954756366639648552e-02
4.285210176686941874e-02
5.189095894632640704e-02
4.467296428198890001e-02
3.740635028020584257e-02
4.014073391055977130e-02
1.871689077526484529e-02
2.955552073296371235e-02
2.206678552831953591e-02
2.577391659267399063e-02
1.882609148629106610e-02
1.905142745551111072e-02
1.646488835657707733e-02
1.558452025068103944e-02
1.707013502639882427e-02
1.501310073343769744e-02
1.701562989422895217e-02
1.756839183101456536e-02
1.913933233528418085e-02
1.702180881559283224e-02
1.634149991370394128e-02
1.539531137980488899e-02
1.624940247170623964e-02
1.606467906476510138e-02
1.602772888911782947e-02
1.852299033888473931e-02
1.667204756166805468e-02
1.966246654398336874e-02
1.603790622171132052e-02
1.935349663228965594e-02
4.786060293971960283e-02
5.117997481164494877e-02
1.024925108291483422e-01
7.626774184769082032e-02
3.857599101599543112e-02
4.776956780237862077e-02
2.458732769969778839e-02
4.571569582627572209e-02
2.431644375417501766e-02
1.766877951601928537e-02
1.963134577810741327e-02
2.175115822828625756e-02
1.886332883197348181e-02
1.820603471666586148e-02
2.144846998055465609e-02
1.667400912999432439e-02
1.679123587181473309e-02
1.528006547037053832e-02
1.766221084343663414e-02
1.624554400633536344e-02
1.626867473554720681e-02
1.725417769926235884e-02
1.391497945656819391e-02
1.401818791217498104e-02
1.344314430317908662e-02
1.550796846630967708e-02
1.465938883785616875e-02
1.390409739017307335e-02
1.566572141107410582e-02
1.990458674480274567e-02
1.751919650794805938e-02
1.823999624946615397e-02
1.579625767370992570e-02
1.435763988113274853e-02
2.030034315616485036e-02
1.542791758527972852e-02
1.444690744338816488e-02
1.682001324377792317e-02
2.212035497249068700e-02
1.771931356025793075e-02
1.781088596002238997e-02
1.854826903313228428e-02
2.312373224503908725e-02
1.986049664755377628e-02
1.675751327814203884e-02
1.737247631396926159e-02
1.628703767679803502e-02
1.394161449425195161e-02
1.630208883204186873e-02
1.771726111418265442e-02
1.608726308643162670e-02
2.243539893540180685e-02
1.397780205998819074e-02
1.497335343354236695e-02
1.803646345393614472e-02
2.139387009952786398e-02
1.982949807819822663e-02
1.805773257403467738e-02
1.620262551634207501e-02
1.569758667339231362e-02
1.781307885156483556e-02
1.734452206955836712e-02
1.843123790158080616e-02
1.862590974907420496e-02
1.976083722683820432e-02
1.959530351273397128e-02
2.211991882685786920e-02
2.913760992646765441e-02
5.487774137508617811e-02
9.327070647929264213e-02
1.073577426416782304e-01
1.120799649106201390e-01
1.271345939462519281e-01
5.850188932429312844e-02
4.869226577163953545e-02
3.984544310628336528e-02
2.939655092010801454e-02
2.083228227769224131e-02
2.784296824184636504e-02
1.826110053209471437e-02
1.547294490825015106e-02
1.476839836139010390e-02
1.667734863528670675e-02
1.680827043131211118e-02
1.763244985663759215e-02
1.538705513742387627e-02
1.380139252751500130e-02
1.777301747998449172e-02
1.780751468446846453e-02
1.375963070486456788e-02
1.480837261025922183e-02
1.731859906141662922e-02
1.693380013139844653e-02
1.343346441569593860e-02
1.370598703479158215e-02
1.654845102947055668e-02
1.421929308045852443e-02
1.631404582743386025e-02
1.491849778007693465e-02
1.386750793319832878e-02
1.523156944685119529e-02
1.362926313537348930e-02
1.499121439070539089e-02
1.534610381767190571e-02
1.687581411702956599e-02
1.582266770119107602e-02
1.668398094590869615e-02
1.564940286915797799e-02
1.360977812330524395e-02
1.410771594865623674e-02
1.427275668594154071e-02
1.420447420099161043e-02
1.531497590185043438e-02
1.376951137861297421e-02
1.562876491997268469e-02
2.056980339516925951e-02
1.937105464323327780e-02
1.585974503703383234e-02
1.477659935246770223e-02
1.400164235824653998e-02
1.392422608709771061e-02
1.543703180102239635e-02
1.873388447063846843e-02
2.540097709026241726e-02
3.442988938316546982e-02
1.840251013573268937e-02
1.551329701628154090e-02
1.998744250768388561e-02
1.506320428722858137e-02
1.782769723592462358e-02
1.658860582996606742e-02
2.060397290497290729e-02
1.463500793390229773e-02
1.307960448048871988e-02
1.331773103181582880e-02
1.537579370256248086e-02
1.801994286108107163e-02
1.650948985180599946e-02
2.129798784227681860e-02
1.457200851244979181e-02
2.315206370323050905e-02
3.276371684007496621e-02
3.014546024792896101e-02
2.855138305337617463e-02
2.339593873904635343e-02
2.074981684300580137e-02
3.224413723151375866e-02
3.124615804653331844e-02
3.177134807273734179e-02
4.552784446429288673e-02
4.248868495014834767e-02
2.507510671763450022e-02
1.828837060530254938e-02
1.654787695061830238e-02
1.837497035198584414e-02
1.669832571741599811e-02
1.721356858783126484e-02
1.706749836972652756e-02
1.381052468785860278e-02
1.382698615144323066e-02
1.536269947817300863e-02
1.562947237369871969e-02
1.358808192248482476e-02
1.377129690837994996e-02
1.318946598712486713e-02
1.262963604634340098e-02
1.645000404466789162e-02
1.605926425670210420e-02
1.513469762926304522e-02
1.627561172287267030e-02
1.411850796852581053e-02
1.429268112844350909e-02
1.361308233621290158e-02
1.386890355972915899e-02
2.037060523738770321e-02
2.950914250000048755e-02
3.065337474554064370e-02
4.849742352597493505e-02
2.805942648977029219e-02
2.102287182258024897e-02
1.853501733909041285e-02
1.533260361184683035e-02
1.634320619974274219e-02
1.837350699931893094e-02
1.143259089445714839e-02
1.626985737150449252e-02
1.713332015388980070e-02
2.061314651727278596e-02
1.608642494485196250e-02
1.424832262923160162e-02
2.218301112095679914e-02
2.513428348805860774e-02
2.479191211114119969e-02
2.374911815196846521e-02
2.501884042028585178e-02
2.497846692549010941e-02
1.586078855290415021e-02
2.557021354572137917e-02
2.184321728135731402e-02
1.570907980410875954e-02
1.647908106819009552e-02
1.433578367892101267e-02
1.689448373681008697e-02
2.184894262848317836e-02
2.200298049727857780e-02
2.122285168880395922e-02
3.646029586742607909e-02
1.840863233526495932e-02
2.370194077910826175e-02
1.579285192217848299e-02
1.712847773473797838e-02
1.554559827094060924e-02
1.735602942914503399e-02
1.994129519694498240e-02
2.193257153950147267e-02
2.368831154901843844e-02
5.745459154854078154e-02
7.397807948244441989e-02
3.326658869899142001e-02
4.341084703387232402e-02
5.209003867484310324e-02
5.847225253000953166e-02
6.786826246524996220e-02
7.263314799019787715e-02
4.823818272253926204e-02
3.674661422937552241e-02
2.605394006602379520e-02
2.848880944309873514e-02
2.434908035475906452e-02
3.209150725831234202e-02
3.095311359654409275e-02
2.515477329459557196e-02
2.120656824325017203e-02
1.470893029180646468e-02
1.620361438410082566e-02
1.548941728650130890e-02
1.677579005268876877e-02
1.359421486032885880e-02
1.216265748364791198e-02
1.506344551517769040e-02
1.389690068559210241e-02
1.254988731615386613e-02
1.286086818186246532e-02
1.252303038735517321e-02
1.229869329817885430e-02
1.243796763864925443e-02
1.241406844299935801e-02
1.171582865271387705e-02
1.344734194392879952e-02
1.156825042133898321e-02
1.380139048090815897e-02
1.462397749460935502e-02
1.580358061598647473e-02
1.626092758757903892e-02
1.644985540526610820e-02
1.706560733416746800e-02
1.761213704989800580e-02
1.712367502565392482e-02
1.427139816744987105e-02
1.711244605261810423e-02
2.746414934084228862e-02
2.222210201342005031e-02
1.648211040322197091e-02
1.393590356227015700e-02
1.690951579993227663e-02
1.491855116987239431e-02
1.366543560442420868e-02
1.473411713868457568e-02
1.564109552031699157e-02
1.654677358216204153e-02
1.408827468720832629e-02
1.531045359988655874e-02
1.931812416934464496e-02
1.873693885736245346e-02
2.440222064398183885e-02
2.157201709456266561e-02
1.669035536985967461e-02
1.621923077817349901e-02
1.744179071218695740e-02
2.546873684867690529e-02
3.846658454884323286e-02
4.936334481368301330e-02
5.912718425969638869e-02
9.736243711834710601e-02
6.538704383119806063e-02
4.218001342445860946e-02
2.667874108249241108e-02
2.120682489981164445e-02
1.697972478826605472e-02
2.207684077330574618e-02
1.595853095201951385e-02
1.844097976642366382e-02
1.401401942532769750e-02
1.421327441480685350e-02
2.125622452991431793e-02
2.265459348194360373e-02
3.142087277011597346e-02
1.828775364913505508e-02
1.277140760300196631e-02
1.560511301845495663e-02
1.265876097205015371e-02
1.206549532417206839e-02
1.360115744658768264e-02
1.253422876214442018e-02
1.270753518954997538e-02
1.392602597739532079e-02
1.502520361210262986e-02
1.412060952864824942e-02
1.530450358815908102e-02
1.694535012767298815e-02
1.474337115148676054e-02
1.451326416390051437e-02
1.435376441159272320e-02
1.456048289615288586e-02
1.501939485705938888e-02
1.466708639364040605e-02
1.736810769767126866e-02
1.915336579369647518e-02
1.717876250690739126e-02
2.473148063724846940e-02
1.929143895373850587e-02
1.609711290425621874e-02
1.663039134022193874e-02
1.624198829681366280e-02
1.774103009901310812e-02
1.478409198671308891e-02
1.371421282285322299e-02
1.429828720099663233e-02
1.519310609020296798e-02
1.399635229086809707e-02
1.475761485941830611e-02
1.696287340392686749e-02
1.369382532995752633e-02
1.563022403407825223e-02
1.550075264789718514e-02
1.328827244740503517e-02
1.261528452775710976e-02
1.208711195374740678e-02
1.197573763964470892e-02
1.164433094689269234e-02
1.181658219179808171e-02
1.489713033959812541e-02
1.444970511631170698e-02
1.251079639898939819e-02
1.194010553424051241e-02
1.408416495322137481e-02
1.789084259993873466e-02
1.622659576936799977e-02
2.200190470363345280e-02
1.526824359834356645e-02
1.973250545366641781e-02
3.421933535719279967e-02
4.330970172904961835e-02
3.381450129100149055e-02
2.744691797886039328e-02
2.059742394496867982e-02
2.505667577500450202e-02
3.166252928098206576e-02
1.533512156802365953e-02
1.434945386456886254e-02
1.779292855271910265e-02
1.590239849402515920e-02
1.682572550903444625e-02
1.651660049656958340e-02
1.271576882928633460e-02
1.099612084149752082e-02
1.249643048273868691e-02
1.202342621724241181e-02
1.330592288667342693e-02
1.374270468157788062e-02
1.824873300002254062e-02
2.616891517236112283e-02
2.889466841744066372e-02
4.314283100730952059e-02
3.130376189881886595e-02
4.247151985804691748e-02
2.385808876559231476e-02
2.645125853990058090e-02
1.507930430858401769e-02
1.428870308555063931e-02
1.610337855892476910e-02
1.829629343204743075e-02
1.841255689636560333e-02
2.307357981544113160e-02
1.595628394461201874e-02
1.718270072161005510e-02
1.421394746811548322e-02
1.607996739378984505e-02
1.533352719550778835e-02
1.343069520732757642e-02
1.511942400094303494e-02
2.192028515338366457e-02
1.396593525693357041e-02
1.331134296014272952e-02
1.330937777958854373e-02
1.341718511819135068e-02
1.293950710093057406e-02
1.248519292958436694e-02
1.253593653428343620e-02
1.146882249931260866e-02
1.360927463943679624e-02
1.614783935344580104e-02
1.252350586281051996e-02
1.404462311596823068e-02
1.056750847764204027e-02
1.266781495513912177e-02
1.577245043585556034e-02
1.572275886676459747e-02
2.027606393025580683e-02
2.018336746082997901e-02
1.450835982017470091e-02
1.441579929778580120e-02
2.115366503343401802e-02
2.426046223220758302e-02
3.429324000552443075e-02
2.861489376902423901e-02
2.500365963581602582e-02
3.197041864688698887e-02
3.189225571549782895e-02
3.458201341313562466e-02
3.673590608347774428e-02
8.390258352576408785e-02
4.659353335980432470e-02
3.798340048315990841e-02
2.239345932044928614e-02
2.151630818599586589e-02
2.163444890244259344e-02
1.604494515593137341e-02
1.217198084608050145e-02
1.307154077645460502e-02
1.085424777870556794e-02
1.184777211353249884e-02
1.676091290175468762e-02
1.436791947756404716e-02
1.277523609207759092e-02
1.337208149076405707e-02
1.227331171593649441e-02
1.218313196742489349e-02
1.161886248011064458e-02
1.179671833806186440e-02
1.335344190470543618e-02
1.186186007431455462e-02
1.142414920363825706e-02
1.273797152535100820e-02
1.100271537229849036e-02
1.073796724802266248e-02
1.197250367715424132e-02
1.111309811734172322e-02
1.097056787517679440e-02
9.682092416335105062e-03
1.183904208187130068e-02
1.052000104158126378e-02
1.082593288766763202e-02
1.131741730252330130e-02
1.142718221361500690e-02
1.189880202817829476e-02
1.897932716217719251e-02
3.102311564652576042e-02
3.069274801477300807e-02
6.638291561490412829e-02
9.400985879475280693e-02
1.083025213033360357e-01
9.051112501339385330e-02
6.715189188642499418e-02
3.801209011891194117e-02
3.959186744513684686e-02
2.271644868188827174e-02
2.179853870694442239e-02
1.675683316041726503e-02
1.507673710571419586e-02
1.261409742120184196e-02
1.304442989170464390e-02
1.293222498101488128e-02
1.248673229572022821e-02
1.099485492759418384e-02
1.176963016449666596e-02
1.232017171819828165e-02
1.135413758026834058e-02
1.034505991428484768e-02
1.307346905334753548e-02
1.243997084310553662e-02
1.105837986284696414e-02
1.193060593501770947e-02
1.179338095078275722e-02
1.184752414884084754e-02
1.117883101931593966e-02
9.897302634678176517e-03
1.222677177716406487e-02
1.058330405054723651e-02
1.048370366350974067e-02
9.809251548154524977e-03
1.072268082533833766e-02
1.356222916367222364e-02
1.176591909798707300e-02
1.139353299191259161e-02
1.414414617960609716e-02
1.308101285469108650e-02
1.342141377058248680e-02
1.296466777477143888e-02
1.285656054436594073e-02
1.291553155921586378e-02
1.249643928610925762e-02
1.320244958178176838e-02
1.279466455831151581e-02
1.063231098492871743e-02
1.191351366503323565e-02
1.003569694914075230e-02
1.075589826000157741e-02
1.143895758424160088e-02
1.127266261584135114e-02
1.013553256261824111e-02
1.100070795170319388e-02
1.068309299140125443e-02
1.128031657444525382e-02
1.087915013870296640e-02
1.093619464663371857e-02
1.051900508299159244e-02
1.334506768453684079e-02
1.042604422825227709e-02
1.079156285698766420e-02
1.032694572427285580e-02
1.169597023415815465e-02
1.384015937562409898e-02
1.408359889174829946e-02
1.593697718712002928e-02
1.319442053770063066e-02
1.183196984117420095e-02
1.444324853154855398e-02
3.648254488476668222e-02
3.347991720813284222e-02
2.527755674881190101e-02
3.170877668087131174e-02
2.357814619874030668e-02
2.561441899527510876e-02
2.145163508413393955e-02
3.181664570528905389e-02
3.491708640015084991e-02
3.405478637597853658e-02
2.935772586531883860e-02
2.630198672378697075e-02
2.044502546999208900e-02
2.087624297806676271e-02
2.419894618768312494e-02
2.097262931015288212e-02
5.653941094341313062e-02
3.598199139280619518e-02
2.931429263133708898e-02
1.794935121154653951e-02
2.474168787753334292e-02
1.535649548326918981e-02
1.746038780039416149e-02
1.413645873090815970e-02
1.510072169584928889e-02
1.364187307323064431e-02
1.345711685930076930e-02
1.294605520674902213e-02
1.308798049636424390e-02
1.294633254830896210e-02
1.336747821821143711e-02
1.337755211846253407e-02
1.191651094270698014e-02
1.161731084028223664e-02
1.268650935672192316e-02
1.324439855391140730e-02
1.565087518566872504e-02
1.599373544626234503e-02
2.394321263069043235e-02
1.600785605448145840e-02
2.435285644382847309e-02
1.558324800903654501e-02
2.311889310136851228e-02
2.274767021335997660e-02
1.730862372770535992e-02
1.535023898687866602e-02
2.166499028678472646e-02
1.900108062658280306e-02
1.431468337874998616e-02
1.925008914507982810e-02
1.625464295577291537e-02
1.282272672781035322e-02
1.226599556890905357e-02
1.201304460308000310e-02
1.204055352679176544e-02
9.597640445029620090e-03
1.064271798376101134e-02
1.129657711568370256e-02
1.084816374263020480e-02
1.064240086878674545e-02
1.104403129329978306e-02
1.330584427821411737e-02
1.108009024310616097e-02
1.054525104051640301e-02
1.033258366459252273e-02
1.138954600420091431e-02
1.010571635420533937e-02
1.219865102134053310e-02
1.082612843504231030e-02
1.394467052625594089e-02
1.421985958174739988e-02
1.571144693917845073e-02
1.303333733842572742e-02
1.310319106209229673e-02
1.842400003139917086e-02
1.855072872549720295e-02
1.718450094576040588e-02
1.956879981289823614e-02
2.353132411924106077e-02
2.949680183947345907e-02
2.930051114972163570e-02
2.200878266368411912e-02
2.598159812022748233e-02
1.985019109649664368e-02
1.412877578235825944e-02
1.616717418169538040e-02
1.486266071557655784e-02
1.804714850144401722e-02
1.655119645814671220e-02
2.237078110203601089e-02
1.819489208549364412e-02
2.274660308308048065e-02
7.777858843924975729e-02
6.987474179670430385e-02
9.820009778269284118e-02
4.450260255756834094e-02
2.399063459965022904e-02
1.966793630541702892e-02
2.403501061687653498e-02
1.616896720959419553e-02
1.419601321196424862e-02
1.342884261980932005e-02
1.079418443865997473e-02
1.244716425259771025e-02
1.418397632016875701e-02
1.149433005613231806e-02
1.088318278586335522e-02
1.333170657779663391e-02
1.432025017717553778e-02
1.644609667289179816e-02
1.358046032114322219e-02
1.296362993218175622e-02
1.426227065116314301e-02
1.151244695596547948e-02
1.213726845607594577e-02
1.247333598085854228e-02
1.161033074759875577e-02
1.671304964931758300e-02
1.659189068848387211e-02
1.693331556984746869e-02
1.801990383464524559e-02
1.404317556921194990e-02
1.243165100559555890e-02
1.208649561378083263e-02
1.064521900016663150e-02
1.332006186839677572e-02
1.267335462988156310e-02
1.353855874895590339e-02
1.232302544528779062e-02
1.730633342789993784e-02
1.936262396877048986e-02
1.775134736021893866e-02
1.795055144441940614e-02
6.351306728175852567e-02
7.160945773208604592e-02
8.512745289050355213e-02
9.124211793615237542e-02
1.372086038279775322e-01
7.460332534110375446e-02
6.377799048027077422e-02
6.993081064008153935e-02
3.590952540060740605e-02
2.441331713092639508e-02
2.375240137696332104e-02
1.825237790949524666e-02
1.413379757813161032e-02
1.377238780737130401e-02
1.203065054766311315e-02
1.087326583274120413e-02
1.145098862857793325e-02
1.116166334119874336e-02
1.118449542090341024e-02
1.086435230315715289e-02
1.141397297084437330e-02
1.035270205119709006e-02
1.225880421338150332e-02
1.562849770330376753e-02
1.385035963694566767e-02
1.537261175556161805e-02
1.586783269186799183e-02
1.175618727871686510e-02
1.607713827708385362e-02
1.105637589024694063e-02
1.054270415331082580e-02
1.254262115520889814e-02
1.037275057267252228e-02
9.899509382766473811e-03
1.116636152947373187e-02
1.161811995197405828e-02
1.078259034912339327e-02
9.314964407483928774e-03
1.105249076218864368e-02
1.057353076260878280e-02
1.079190742188728368e-02
1.048970170204310479e-02
1.277956552281508777e-02
1.168762949908594244e-02
1.020719251258192864e-02
1.047995895852242218e-02
1.295589494570385455e-02
1.442964093781653676e-02
1.977038879755239204e-02
2.196911057281090984e-02
1.563863499711631508e-02
1.877782328041212312e-02
2.151051124780992835e-02
1.423224738779580237e-02
1.284049494469785384e-02
1.156060350130425247e-02
1.237519677719073341e-02
1.019197011140012162e-02
1.228860486225408048e-02
1.223258351974049196e-02
1.168035211348878236e-02
1.117809748631527419e-02
1.175765046472310865e-02
1.301495918167834033e-02
1.183493033925982554e-02
1.465719632511412220e-02
1.792416621351969677e-02
2.452887184935163833e-02
1.695697424521294683e-02
2.167498463814162765e-02
2.453852339569905644e-02
2.414986066467955661e-02
1.949403313434732582e-02
1.782963372564544402e-02
2.135623587418258515e-02
2.062148575798984640e-02
3.250690670329182269e-02
3.307594850620878407e-02
4.376647871935824413e-02
2.636431195846999226e-02
2.558191098165221375e-02
2.138569784802539162e-02
2.497415386103842005e-02
2.379661110834854071e-02
2.487972817189148395e-02
2.502234098249322622e-02
1.346160326390243196e-02
1.373053433273667238e-02
1.230466937432992715e-02
1.224818149002621266e-02
1.115717916598377331e-02
1.193813154366751839e-02
1.142723546027583220e-02
9.871523075982454806e-03
1.186102311223713630e-02
1.338793236613323653e-02
1.103615073876062710e-02
1.189973985402314333e-02
1.202429170209072182e-02
1.980605053706204627e-02
1.912775772964782350e-02
2.891669213350908305e-02
2.800905853657350078e-02
3.042467245825816041e-02
3.536532162494550324e-02
2.342944424968257736e-02
2.263479400512842521e-02
3.294254577118849170e-02
2.462446751942988857e-02
3.491040476339165449e-02
2.557402532243410395e-02
1.946450871477433883e-02
1.202001112757671714e-02
1.474776684169357144e-02
1.822470690262196352e-02
1.703100636114205507e-02
1.448530972370897993e-02
9.627405688424881675e-03
1.286246563584416899e-02
1.059082707440569919e-02
9.231057415531502414e-03
9.280853843108539947e-03
1.054575438673734794e-02
1.176196906875480105e-02
1.400972599655538227e-02
1.197195318012527453e-02
1.140612175687278143e-02
1.180052321185115667e-02
1.250055489522257889e-02
1.125271553874582393e-02
9.861927833722987716e-03
1.148596517866398020e-02
9.657205550256259263e-03
1.153798639838110943e-02
1.090398828213736543e-02
1.136587034797290757e-02
9.259954748500748289e-03
1.078244009511982078e-02
1.131606178072190258e-02
1.024398815665679245e-02
1.082416280523055066e-02
9.277719836480844903e-03
9.081928563489773468e-03
1.037611376749274748e-02
1.279531389496796345e-02
1.600186403523887885e-02
2.296739950537456110e-02
2.263796954707731485e-02
2.297568822499834393e-02
3.981912928215751435e-02
3.438363502222344104e-02
3.649852508946422464e-02
4.000071448443610900e-02
5.545986784175749307e-02
7.625637800624632257e-02
4.658220217748654940e-02
3.474471374280704850e-02
3.559234566975676139e-02
2.491028077812840885e-02
1.530103961739170612e-02
1.802796425253232887e-02
1.775083705402974443e-02
1.478898157928940083e-02
1.230369357160144943e-02
9.987548228538685111e-03
1.476293274185836064e-02
1.124962220732242564e-02
1.239017373286129681e-02
1.109358703703889996e-02
1.206980393637884300e-02
8.919421505862591693e-03
1.213328154728982727e-02
1.043570257613251305e-02
1.130434434476780201e-02
1.019031639927916316e-02
9.960699676057206686e-03
1.104298426994113763e-02
1.159008895372475208e-02
1.196749314953899669e-02
1.221968257580573376e-02
1.023897026362500552e-02
1.031970457101540409e-02
1.129521203910834742e-02
8.844944940234248515e-03
8.596828086400947963e-03
1.143841838090991006e-02
1.001448652158740994e-02
9.667537479781860427e-03
1.036105208845932053e-02
1.004398954398325744e-02
1.057227290041378061e-02
1.014955039823961166e-02
8.615686255977255889e-03
7.761726406549485091e-03
1.040847399192339033e-02
8.304718932345588750e-03
9.633570905401159581e-03
1.070297625600650712e-02
1.185481488331851033e-02
1.128459387797231192e-02
1.108375034098169412e-02
1.287238839643441504e-02
1.021339680461398787e-02
9.319995795730888488e-03
1.223289686903355697e-02
1.468701825443678027e-02
1.944407648992263829e-02
3.455257181447521364e-02
3.634964443015742397e-02
4.526372016625328232e-02
8.058388802460061950e-02
4.232105174900317041e-02
2.886918802643315476e-02
2.757238006600523303e-02
2.094403620117811157e-02
1.473412383055467019e-02
1.180133196150448364e-02
1.241701219049695312e-02
1.066582544451919953e-02
1.039465660877961911e-02
9.160219463257185044e-03
1.086672825101131674e-02
1.018655513679806064e-02
1.602096367260225779e-02
9.304169090426745239e-03
1.045755969501700570e-02
1.246338348784513730e-02
1.294777869358443127e-02
1.640213557934828981e-02
1.176052584013967395e-02
9.709228042088308835e-03
1.229556383051938311e-02
1.056907123825589177e-02
1.151774257348542677e-02
1.047210586098927705e-02
1.017185313826040292e-02
1.299340759951784705e-02
1.082729479527420359e-02
1.080059381319353404e-02
9.813627492529243199e-03
1.169125406580499502e-02
1.154920323208102895e-02
9.391176011733335868e-03
1.038189453820293970e-02
1.586763709379524628e-02
1.886909388050141134e-02
1.712344349223756182e-02
1.314919688285445809e-02
2.575034394833501661e-02
2.777221746118603563e-02
2.960945491062163051e-02
3.385859422514674033e-02
3.102522252434573510e-02
3.086869553271140085e-02
1.837816866661327181e-02
1.150190471598130752e-02
1.166515397881655487e-02
1.091632322488342993e-02
1.072098678623732010e-02
1.081476315882538321e-02
9.518617666992608764e-03
1.263814196129484264e-02
1.010951446591165995e-02
1.152255764900749629e-02
1.184181060294736514e-02
1.204257287557183691e-02
1.025417731089418340e-02
9.363858278140494221e-03
1.204327963256794122e-02
2.327438137938203991e-02
2.001649262157719628e-02
1.413101368906483253e-02
1.179700403762566976e-02
1.490416027238151801e-02
1.696563384347730269e-02
1.902684161034902746e-02
1.420449509463044338e-02
1.981451713432687625e-02
2.917735186076543877e-02
3.444636224601894253e-02
3.125285772634080195e-02
2.403449565299678806e-02
4.056715989745928591e-02
3.054542883166336611e-02
1.812643731222254168e-02
2.665659477291946675e-02
2.337789635678547487e-02
1.662427168843454844e-02
1.752336551847239604e-02
1.547285267077474873e-02
1.457957800408992560e-02
1.100398945074568431e-02
1.375807406581503953e-02
1.402908486056727091e-02
1.397643288525834103e-02
2.380586030040120898e-02
2.914472548077173125e-02
2.531207926321681068e-02
1.697649433059782859e-02
1.338006040358358933e-02
1.771341854608520297e-02
1.710938263915500260e-02
1.925845491869889944e-02
1.515652133924453096e-02
1.188971674360730750e-02
1.138079445835025842e-02
1.355042697488947727e-02
1.198596156008096061e-02
1.468428816484330240e-02
1.040982037966884863e-02
1.017979976824160554e-02
1.042228543187491245e-02
9.029339297650536972e-03
1.017993058585834470e-02
9.512633453217277449e-03
9.370714230062719349e-03
8.682099458429067690e-03
9.238252933085581639e-03
1.101556708410334796e-02
1.077500716957304969e-02
1.031498618615484843e-02
9.040127841845300299e-03
1.079563127844739359e-02
1.327031162592435393e-02
1.102956403857787045e-02
1.206162937409471607e-02
1.050492167220900067e-02
1.277392888860991518e-02
1.075694685072020942e-02
1.756490059550827598e-02
1.247845113986805268e-02
1.162171475268914539e-02
1.590896853376088521e-02
1.506552576610327085e-02
2.222921605449540775e-02
2.470674943799596596e-02
1.790888321296784519e-02
1.631950918539409878e-02
1.682372085583493104e-02
2.926956792418798636e-02
2.151645922280258014e-02
3.110175235467706883e-02
3.005838097500677930e-02
2.425133623672153654e-02
3.693609880992460015e-02
3.705898680782480220e-02
4.466135371514409758e-02
5.831642406902055181e-02
8.480524023947301482e-02
5.532169457984143640e-02
2.668364343331939767e-02
3.613332135138046936e-02
1.625626164825622402e-02
2.868726288226367341e-02
1.581730466940375543e-02
1.354419737314724662e-02
1.486527292615343228e-02
1.205153894311724976e-02
1.166093453607602859e-02
1.127963727407936198e-02
1.324634525525753177e-02
1.181166504822973341e-02
1.163281549309231125e-02
1.236989840204552257e-02
1.168561793956510338e-02
1.123863897138428422e-02
9.707688134176569936e-03
1.042964084116318295e-02
9.637544838258479615e-03
8.980085593070832525e-03
9.213219137438064324e-03
8.837485974226391358e-03
1.021401153931248036e-02
1.039598779784125029e-02
1.290147198892637424e-02
1.145990355717242323e-02
9.756965528698823692e-03
1.190401624042174318e-02
1.501299573823066009e-02
1.294617266067557906e-02
9.806067486882251438e-03
1.302961304653700407e-02
1.174097681292092347e-02
1.761394816087159115e-02
1.746839668534647116e-02
1.973121464581964121e-02
1.882266529839565425e-02
2.371110565644795470e-02
2.255996105029790810e-02
1.837140476514317541e-02
2.104145933400521432e-02
2.906171821423837037e-02
4.413281441394031890e-02
3.254413939472093620e-02
2.212505579250506269e-02
1.821285487774492937e-02
2.023965690389623734e-02
2.188927000363155226e-02
2.186354379190776423e-02
1.632060686861296767e-02
1.824390970688345021e-02
2.123483978968167610e-02
1.625451808233571022e-02
2.455905016912922345e-02
2.225010352615118536e-02
1.962389296004520348e-02
1.275964472213098402e-02
1.105810733875485334e-02
1.051517398531666946e-02
9.759711118130044716e-03
1.187911482964889090e-02
1.235237242834385379e-02
1.245845014623967600e-02
1.275439409382181193e-02
1.245555830634653693e-02
1.282046801710346774e-02
1.763098045252319349e-02
1.353601646065806172e-02
1.918112031664602479e-02
1.926839534138297463e-02
6.858929572696771670e-02
5.452991797556357850e-02
2.730832434181086968e-02
2.291308547035192725e-02
2.401534057872774935e-02
2.239083272486552811e-02
2.540080139112251348e-02
1.642424382349414250e-02
1.696681836844644853e-02
2.074034528689144494e-02
1.694913540169035171e-02
1.549117064265317055e-02
1.118579009757779234e-02
1.646702666488409489e-02
9.303698975800623466e-03
1.083704299480596663e-02
1.060563975277708376e-02
9.920534831953320420e-03
9.494752846595415699e-03
8.674296386741968054e-03
9.754899624254634999e-03
8.739422635781382565e-03
8.265138702724236439e-03
1.072807650970056086e-02
1.070584229362663356e-02
1.105989858234267958e-02
1.001680609054563659e-02
9.347905422849075302e-03
8.726405615988152425e-03
9.060741410628271597e-03
9.581771231350037429e-03
1.067062507737529323e-02
1.105941765263710255e-02
1.392060520094167038e-02
1.230410013214007330e-02
9.189114011409350857e-03
8.646119007281915375e-03
9.259661432158649771e-03
1.323553856297314188e-02
1.499495021325533348e-02
1.241488615847009640e-02
1.386226860959049664e-02
1.474629755509840670e-02
1.361736412611237387e-02
1.586291949832080786e-02
1.156790130958589534e-02
1.167350698689397469e-02
1.132236894584826709e-02
1.095137517794278828e-02
9.987325838812916717e-03
9.787059640649787423e-03
8.769795538227168064e-03
1.054282968217337864e-02
1.189687077603441070e-02
9.348298631194084524e-03
1.014266330835024779e-02
1.034005519653074731e-02
1.160323442240865366e-02
1.407596572081578137e-02
1.933011073515219364e-02
1.849967784317973693e-02
1.774383369651468673e-02
1.359651139506354647e-02
1.236840779965662530e-02
1.121564645439672263e-02
1.174651760420922578e-02
1.969886402646928505e-02
1.979723449407679720e-02
2.396309603167920757e-02
1.484764530728575199e-02
2.203652175912293801e-02
3.306266417231598642e-02
2.819917519416628368e-02
2.423004210620770260e-02
2.202232548127055350e-02
3.222499965719130555e-02
4.357874138205302533e-02
2.588557271893647538e-02
2.883938729351408214e-02
2.332828417623932643e-02
1.751033544430924405e-02
1.797811491977608159e-02
1.928716410519171545e-02
1.344013459995299642e-02
1.362630066274499001e-02
1.316114110170170208e-02
1.606154454281815552e-02
1.743437525794441778e-02
1.456969248002013342e-02
1.086138223825823361e-02
1.016398255704661739e-02
9.559376855650796381e-03
9.552160517699772452e-03
8.721929789153219995e-03
8.865762321209719535e-03
9.514083620420025686e-03
9.377864511220981858e-03
1.066390354255984489e-02
9.629040082025190628e-03
1.227172604482816912e-02
1.034800915576797493e-02
9.623256887382443739e-03
1.408466014190798421e-02
1.573027718288768501e-02
1.570392592116229280e-02
1.403630929750730207e-02
1.848777944574898913e-02
1.889421932643458452e-02
1.620798036105441930e-02
2.657826200841961056e-02
1.793781380072362666e-02
1.511323946904949769e-02
2.061233841259272476e-02
2.285142157244331174e-02
1.405368981911544676e-02
