1.277246130252184386e+01
1.076334670952104133e+01
1.026897129633697325e+01
9.715893615779256365e+00
8.607734917390956753e+00
7.560154665543151076e+00
6.271689360117537859e+00
6.000930503909024161e+00
6.367274100572957174e+00
6.231303670900422809e+00
6.825751946824810013e+00
6.669799654328761207e+00
7.031156597149291976e+00
6.759463531352624344e+00
6.854020717866371015e+00
6.805906221638318598e+00
7.047877538780316975e+00
7.721255406340948646e+00
6.921312382165668353e+00
7.986855473393957183e+00
6.576352954861193645e+00
7.046312211553072302e+00
6.328781558671413343e+00
5.725997655529496910e+00
5.682668155652437214e+00
5.124538531772287797e+00
4.615967009016345379e+00
4.487712217081474719e+00
5.246691521855850304e+00
4.346105132374235680e+00
4.430469901299245450e+00
4.088011978546830960e+00
3.910495517957729206e+00
3.938781867837105377e+00
3.899217789145128954e+00
3.925225206976179049e+00
3.885199365908296176e+00
3.707351967020076966e+00
3.502550300981982279e+00
3.579467088523348384e+00
3.383713909857272384e+00
3.033318592438147387e+00
3.000278387293320304e+00
2.769958052571314333e+00
2.738825464382004249e+00
2.392557358792349653e+00
2.211970585679276624e+00
2.258982351949581080e+00
2.103651269211051833e+00
2.204439338806738924e+00
1.834082143023597844e+00
1.885531560507814897e+00
1.667678836058072767e+00
1.768917977545154230e+00
1.748575525739012759e+00
1.600428826999781950e+00
1.589444058893841438e+00
1.528317605188301176e+00
1.498594101690618574e+00
1.472490405255775014e+00
1.375197870059760019e+00
1.499113559067336121e+00
1.350629456371127191e+00
1.362767010264668954e+00
1.451456841593879776e+00
1.378906147417357397e+00
1.372850191810051523e+00
1.262743022229367407e+00
1.302131071839379706e+00
1.361460062608062183e+00
1.189028389877447411e+00
1.349801223846081921e+00
1.195021750134229510e+00
1.229623851123178735e+00
1.218881873776620495e+00
1.162975697936634356e+00
1.119079577972007522e+00
1.038602685964914007e+00
1.228955923842100617e+00
1.048440554532566127e+00
1.057266376214085479e+00
1.065754760570216897e+00
1.006902178263522352e+00
1.016309233597776363e+00
1.021109846945886579e+00
1.017146768147286329e+00
9.970050859755541506e-01
9.512710664220396239e-01
1.054233149681317760e+00
8.811987707418711402e-01
8.805201607016356347e-01
8.746833110418180679e-01
8.621634723374468345e-01
8.210639995579983585e-01
8.482174894801999265e-01
7.497177412443394307e-01
7.626976531863740583e-01
7.115341849181875400e-01
7.046460904707944062e-01
7.155252618284778654e-01
6.970333496968658116e-01
7.220942245266134263e-01
7.385764863267690883e-01
6.294992682880231616e-01
6.260299549303299793e-01
6.666551315359772190e-01
5.648557315116045086e-01
5.958840411371225665e-01
5.595107730772922450e-01
5.454766783860575119e-01
5.392565933385545796e-01
5.352421702933543024e-01
4.912218219592969226e-01
4.634286638636039291e-01
5.026422912855520453e-01
4.869952777471224237e-01
4.431034622853666227e-01
4.368537909113260342e-01
4.427305987609012616e-01
4.018446563877112188e-01
4.076305804554118950e-01
4.255150139141301580e-01
4.256690893541943410e-01
4.227919820558834751e-01
3.908152860185726829e-01
3.651772170279665719e-01
3.676449797288219301e-01
3.466912839486286924e-01
3.355422355742794238e-01
3.357382564031854977e-01
3.587822176725409262e-01
3.181644296284114048e-01
3.371016297561878483e-01
3.020607726180257746e-01
3.040474167303806596e-01
3.054118498491129596e-01
2.812821928022847251e-01
2.882714923393686623e-01
2.730807609692973426e-01
2.810845502645930583e-01
2.828682599944906118e-01
2.788374455898865456e-01
2.696351918104739065e-01
2.491299468661930527e-01
2.479846423803203637e-01
2.277426410107694921e-01
2.549825272058725001e-01
2.639757631782712055e-01
2.270164085699463152e-01
2.333089211844318889e-01
2.165422347168344253e-01
2.185637004350359791e-01
2.325492982781097451e-01
2.106059807848851273e-01
1.992147710072577071e-01
1.998253737568306265e-01
1.934180290124419554e-01
1.943608559388369239e-01
1.913204237756564730e-01
1.819698766787114508e-01
1.808590001403563297e-01
1.789048471671183804e-01
1.687008828238378555e-01
1.661243135649283220e-01
1.684934634385786834e-01
1.621689238185643200e-01
1.758497883265769390e-01
1.639003237556996562e-01
1.797008565549876868e-01
1.555340744545001264e-01
1.552922155081222499e-01
1.566300787100124436e-01
1.374843178985251102e-01
1.379702219262251284e-01
1.380864277864266021e-01
1.381092696164129829e-01
1.276162857668749762e-01
1.378620916107754502e-01
1.288593181570641399e-01
1.386838430319985715e-01
1.371913027112332817e-01
1.292196122940794112e-01
1.215294659757530371e-01
1.181329653405616825e-01
1.225205814867172671e-01
1.220385006335546196e-01
1.229815876807679731e-01
1.205269112732159920e-01
1.056097294455791008e-01
1.116964999121765056e-01
1.195475924576632487e-01
1.093654728806206788e-01
1.074211756507460896e-01
1.011668364096513090e-01
1.022131591666774753e-01
9.969414031060709613e-02
1.065504073756733533e-01
9.841178095072906917e-02
1.118312236099405915e-01
9.985936715688148446e-02
9.519706380110620758e-02
8.728181500419608663e-02
1.134073479313797983e-01
1.038765035179634588e-01
1.091136541680825384e-01
9.704058239035624756e-02
8.884795910192191948e-02
9.227789037720232623e-02
8.249803780458359048e-02
9.297730359025856151e-02
9.052220687382570019e-02
7.313825281709129822e-02
7.415769726171411724e-02
8.317922752605125258e-02
8.461967484541688123e-02
8.282822241467314994e-02
8.911492578260588049e-02
8.501262064736568591e-02
7.437355390246411235e-02
7.627900493387908265e-02
7.360187952969397818e-02
7.410779721642955786e-02
7.007872085340953461e-02
8.285216126325790909e-02
8.030714459693204244e-02
7.034271236785821779e-02
6.558923233152708088e-02
7.488031361916572259e-02
6.835838696635693212e-02
6.894289498913884484e-02
8.046066199472202973e-02
6.861965196151167956e-02
6.708829742269178942e-02
6.276954764272035803e-02
6.110322259026855496e-02
6.205937138814629495e-02
6.099923547366262189e-02
5.931967185247170871e-02
6.478325838611086185e-02
6.143659892704329134e-02
6.608899675490038927e-02
5.733251850408711825e-02
5.543576112313454429e-02
6.027141647372916133e-02
6.227573980419016247e-02
5.818637640076769479e-02
5.651663366000580363e-02
5.658945946635471347e-02
5.815094445092890835e-02
5.878100421870632863e-02
5.496385070948488216e-02
5.825509097350171916e-02
5.237693967048069610e-02
5.389850455524177603e-02
5.051271843985424143e-02
5.449060584359258913e-02
6.281273203720950937e-02
5.060730001687040874e-02
4.999976201616017357e-02
5.592296423709226805e-02
5.881121441249067411e-02
4.818144214684037807e-02
4.708843975421274364e-02
5.034279038491894925e-02
5.692681365133996085e-02
4.899191698102262765e-02
5.316568339729558362e-02
5.430893171476951914e-02
4.558499272426949633e-02
5.051916048775328960e-02
4.501890392298365379e-02
4.553684254514048929e-02
4.379662492868809098e-02
4.400759437957369596e-02
4.785550536761763035e-02
4.834786037278931276e-02
5.391001320528242269e-02
4.989065763749233468e-02
4.584583121201783046e-02
4.521730647093095273e-02
4.578428684557322992e-02
4.143524059437515838e-02
4.967978087819445443e-02
4.750308661349900846e-02
4.693676397686207674e-02
4.584285330341764803e-02
4.300036274937144021e-02
3.662838600855516241e-02
4.397328451521172882e-02
4.546917107344349701e-02
4.508916029472677389e-02
4.033191995003179708e-02
4.355611273575052400e-02
4.361954171232718114e-02
4.459524867140537280e-02
4.047754503101920476e-02
3.569793362842790807e-02
4.072434211413354654e-02
3.977470702295834992e-02
4.064677566827294697e-02
3.434236693942435692e-02
3.614286069734512497e-02
4.516582223617083419e-02
3.786178735350603092e-02
4.374352035523736831e-02
3.613241246280973068e-02
3.667783168023035917e-02
4.993323386132583752e-02
3.711214657533640215e-02
4.120601732100148684e-02
3.788532025850354507e-02
3.340493510317962822e-02
3.586221578907148461e-02
3.104831253860046436e-02
3.472565797594991122e-02
3.444606544797867986e-02
3.666423995336064168e-02
3.902807726670906585e-02
4.243011214538960213e-02
3.531780658189946631e-02
3.576265872518856470e-02
4.362085611779376038e-02
4.475494702403914199e-02
4.195523003316251054e-02
3.251693928652233528e-02
3.730647977005781268e-02
3.236280992548047630e-02
3.627809188997897089e-02
3.609440256393749158e-02
3.176985898178549123e-02
4.029500624658587798e-02
3.310476667705596759e-02
3.097948140969703293e-02
3.194583863399788615e-02
3.762523853192767387e-02
4.089939754420791190e-02
3.640664285458238003e-02
3.068836890705589973e-02
3.351413277454660944e-02
3.003289651082435840e-02
3.495440723648175763e-02
3.385484887738070270e-02
3.188374344399622778e-02
2.857658050707611794e-02
3.255345718630692914e-02
2.888447302694107516e-02
3.409412001813778847e-02
2.941573873131736808e-02
2.821629708874250769e-02
2.684502436199975514e-02
3.019465748652901821e-02
3.549615216980133575e-02
3.536152405511387015e-02
3.583677740795410127e-02
2.581647468935842349e-02
3.126370256758003591e-02
3.608381872320313988e-02
2.986283840052702046e-02
3.520914730110377699e-02
3.770934243889642601e-02
4.124023203210824134e-02
3.433159289976512457e-02
3.538143857559820915e-02
2.781406925277480485e-02
3.175998638249506734e-02
2.996028782599848700e-02
3.402753862941301777e-02
3.944277474333256206e-02
3.153557467464058323e-02
4.138386318408482367e-02
3.315948111390062958e-02
3.942657793570537861e-02
3.026186538056658409e-02
2.642971363203929294e-02
2.934810497802447377e-02
3.275824836490653230e-02
2.995768779610505708e-02
2.595055555726025892e-02
2.560958123146035714e-02
2.468765957603752045e-02
2.503331664395152395e-02
2.536884571375877875e-02
2.947267126965176856e-02
2.735223905650762885e-02
2.418548060528862009e-02
2.599560504430065144e-02
2.975279998079143756e-02
2.396777066708355441e-02
2.704592346115340315e-02
2.554462902613080511e-02
2.659419491710000860e-02
2.690371899042597742e-02
2.697302920320495540e-02
2.742603674658692509e-02
2.228922080112073073e-02
2.357686925266096190e-02
2.186284154564003060e-02
2.460403298373291942e-02
2.472033781449257256e-02
2.502925341495782288e-02
2.427071485436862325e-02
2.737333802290609769e-02
3.567960802873634124e-02
3.429769615911826969e-02
4.226635389420447392e-02
4.030124357343903979e-02
3.547632170577601218e-02
3.082189621696039203e-02
2.809764505003364138e-02
2.669846411990284968e-02
2.886514551645251447e-02
2.533703257421352981e-02
2.760342561029746275e-02
2.300431693392408078e-02
3.051067895462017399e-02
2.616509004127499233e-02
2.783171615325267731e-02
2.411417373477761986e-02
2.395276963543885654e-02
2.330814921771862114e-02
2.434912740352851435e-02
3.359582787409882282e-02
2.924600989662007669e-02
2.361008199168906571e-02
1.989180076274664130e-02
2.071661760682686620e-02
2.398720691979979586e-02
2.699754613898778036e-02
4.246123203221282422e-02
3.153303588078750636e-02
7.515686893995403295e-02
4.254561856553173288e-02
6.894876700837629380e-02
4.167042816822354168e-02
6.401298761586367292e-02
4.087785450262247655e-02
3.882257122355797091e-02
3.012346197322820357e-02
3.095672590052965176e-02
3.979033918562478733e-02
5.545111109682540618e-02
5.132500013232665220e-02
4.120710150123040039e-02
3.561280731686893714e-02
3.119617002316024332e-02
3.018376943327056097e-02
3.130399368609555061e-02
2.823811069137638352e-02
2.827020610616007984e-02
3.198519946930825086e-02
2.298686875293021181e-02
1.986199855011871324e-02
2.336889821307168089e-02
1.969719280886896018e-02
1.977729877658637031e-02
2.494121948421214666e-02
2.011646348873343329e-02
1.861824179972764587e-02
2.125440678793402358e-02
2.116814106769541667e-02
2.498928168018910850e-02
2.192217143196239712e-02
2.145071016659698404e-02
2.108760447852773071e-02
2.437462206216514313e-02
2.807125665487153823e-02
2.458195999956924727e-02
3.232784657486732077e-02
3.686837557916982505e-02
4.232886799959242191e-02
2.268035790055496215e-02
2.361472045842597303e-02
1.997594261891277520e-02
2.062160092616900642e-02
2.068743202512456775e-02
1.634502414352131255e-02
1.924160428887422211e-02
2.864742545156693729e-02
3.305200716888771761e-02
3.434419811940461753e-02
2.485708670832268916e-02
2.402973976614471499e-02
2.158802203553661717e-02
2.093217254037830002e-02
2.512760595974888184e-02
2.463039544717159773e-02
2.280548811770106987e-02
2.237568904201686290e-02
2.530057424194622276e-02
2.442195249649111582e-02
2.336419627851292480e-02
2.375579808746006855e-02
1.694334350327625013e-02
2.316790006892965187e-02
1.887150031555053648e-02
1.873292337786785708e-02
2.117463004241317698e-02
2.002144355278801663e-02
1.836231720139401211e-02
1.861906908651611917e-02
1.738467065913346793e-02
1.637929247930659457e-02
1.663565152483597459e-02
1.748026129887823160e-02
1.895947548363918073e-02
1.999396955015717361e-02
1.956893493988772284e-02
1.922838950122792226e-02
2.005682796787151140e-02
2.214503506379410236e-02
2.138213534899615492e-02
1.778291623818542902e-02
3.129685240804573609e-02
2.893973800038122240e-02
2.273436314964556726e-02
2.547049945561512957e-02
2.496027671994559965e-02
2.957292281401937423e-02
2.101792847212198556e-02
2.062099541826686519e-02
1.818799991136169775e-02
2.135615836771811646e-02
1.933850212603507521e-02
1.570361914207366733e-02
1.918060357593051601e-02
1.866100824866721852e-02
1.932287406096185739e-02
1.689423312659053475e-02
1.503694235349180112e-02
1.944163258681400747e-02
2.096611026521714299e-02
2.734384995687798997e-02
2.237562110993968761e-02
2.736621440741278388e-02
2.029116827924983338e-02
1.905868359189029707e-02
2.446982744579548688e-02
2.366723838486974041e-02
1.942826694835075862e-02
1.843526750309170195e-02
1.758155826117533543e-02
1.826734249067978044e-02
2.515137889411496463e-02
3.335232145125936049e-02
5.852602320248208312e-02
4.994820010010104366e-02
2.410751888603230100e-02
2.279002216465398495e-02
2.110992218417630586e-02
3.043576981588434760e-02
3.550739504142122471e-02
2.506131023680600520e-02
3.371815585139983917e-02
2.346184367801270806e-02
3.204746221807533435e-02
2.062325341610098117e-02
1.943539340455308073e-02
1.872817480572617002e-02
1.665154187185335227e-02
2.144264534456027244e-02
2.125952395716693838e-02
1.915060248299185058e-02
3.179031420571219735e-02
1.705765750096761499e-02
2.399499097591069330e-02
2.373822230623213320e-02
2.139464661004075730e-02
2.987999968792580396e-02
2.087125472437412893e-02
1.760364031660270265e-02
1.753261509057264106e-02
1.618274094820831149e-02
1.779794988125752569e-02
1.966796997170299627e-02
1.956704346681993958e-02
2.074109839034180350e-02
2.009300275878663639e-02
2.144459199037435440e-02
1.774927612645585406e-02
1.758557775531061421e-02
1.681124835631550227e-02
1.874182336498456461e-02
1.652325403150297495e-02
2.000947825068146238e-02
1.492047016932947397e-02
2.019296850026854398e-02
1.868205747378112389e-02
1.835306482248988749e-02
2.129610265343364478e-02
1.913875823657592776e-02
1.807218060076081975e-02
2.227542336113608884e-02
2.234572225296399539e-02
2.147435461628400405e-02
1.878045250995508814e-02
1.747587437908456470e-02
2.876459009884995907e-02
2.339625951231668124e-02
2.674319321085320833e-02
1.959407204717224932e-02
2.933287859642495776e-02
2.161209758935758035e-02
2.296483610676101211e-02
1.483499680875384127e-02
1.593862315591144246e-02
1.671871788609404635e-02
1.683243605032328297e-02
1.610129767455452041e-02
2.113411485748643501e-02
1.897246493196106873e-02
2.207489431858285917e-02
1.845134150462697520e-02
1.960208487207991054e-02
2.557961730027942873e-02
3.197513096205206046e-02
3.214999682894963823e-02
2.211238312526232069e-02
1.802658144901371842e-02
1.674275724524557085e-02
1.743416750987713745e-02
1.340014671091364559e-02
1.502721932817587501e-02
1.404775817586665851e-02
1.846215984700685583e-02
1.742674042005366852e-02
2.202366179988009959e-02
2.237255677531796785e-02
1.829355524464227473e-02
2.393332986455915662e-02
2.432660182163149179e-02
1.773157534653718032e-02
1.657216003070972887e-02
1.773056453672417626e-02
2.277968651191449381e-02
2.611994873312100882e-02
1.891765817183703804e-02
2.203997968424688952e-02
2.548451490030039998e-02
2.970155422988258326e-02
3.195185481600319732e-02
3.081059094987113195e-02
2.056958113822737397e-02
2.488618087701100628e-02
2.694905029791125686e-02
2.483291472058948499e-02
2.381772610467770140e-02
1.722757340755863217e-02
1.223029619796656489e-02
1.515741321582876958e-02
1.498750688218929497e-02
1.901427589719591887e-02
1.628107100609951785e-02
1.317660543076037624e-02
1.735937301566176441e-02
2.463476684162500471e-02
1.507655936875065827e-02
1.280763963918503043e-02
1.373671105321854630e-02
1.334355503071452814e-02
1.255075561347449020e-02
1.233406345666621280e-02
1.261049934674664773e-02
1.316441421662242935e-02
1.331926429000372496e-02
1.923675074455142436e-02
1.853869606044899684e-02
1.466057048648392210e-02
1.338526845235523538e-02
1.778536763405671323e-02
1.375615027349419428e-02
1.407389458349181215e-02
1.479897393438000738e-02
2.442664447146690107e-02
3.796171760518783633e-02
4.489796108743996511e-02
2.621790421303151625e-02
4.447084250400813732e-02
2.917377313195777117e-02
2.289390477387578601e-02
1.764284449619668918e-02
1.388136861698776453e-02
1.279753985784450217e-02
1.364131957796131146e-02
1.382932100201863038e-02
1.435359850648699684e-02
1.337511453648367217e-02
1.239574660750081270e-02
1.962853861550212936e-02
1.397343717991841178e-02
1.321940700521654147e-02
1.334999097190026247e-02
1.302104071459061693e-02
1.397325104231395172e-02
1.365332463989077025e-02
1.139501262150511077e-02
1.554243787935617564e-02
1.153734142368207163e-02
1.169070190671424835e-02
1.514490793327112096e-02
1.092567834084907583e-02
1.205327360789804070e-02
1.449168197411452967e-02
1.228777941761237218e-02
1.262647060891814582e-02
1.322218870099639391e-02
1.482195072089177029e-02
1.444819311894807341e-02
1.497080123694895411e-02
1.797822657012509290e-02
1.592931720345933111e-02
1.698540625207865112e-02
1.591938644339956771e-02
1.174686202452454586e-02
1.601742369917001640e-02
1.258053940925607690e-02
1.189593817243585379e-02
1.134432966659060411e-02
1.139218865328218283e-02
1.363594717262523945e-02
1.706692272989907694e-02
1.575611380213398291e-02
1.424396676949881910e-02
1.466002151825913404e-02
1.495365222182441604e-02
1.123683092189277193e-02
1.791358410201756429e-02
1.698529266009784350e-02
1.718095496015764612e-02
1.401123848020671692e-02
2.066404083559217689e-02
3.264970199199497547e-02
3.289298567225228120e-02
1.880590854005068438e-02
1.266269020937243334e-02
2.036615533303279962e-02
2.103094080432443488e-02
1.844607670386964188e-02
1.507508792226280002e-02
1.514455877931677324e-02
1.634761044879836853e-02
1.902246938231764301e-02
1.727507890951967412e-02
1.444622087378626824e-02
1.609838401908611841e-02
1.341600763964524191e-02
1.029447875283766127e-02
1.056958153794589246e-02
1.539839517113174641e-02
1.868634814390152457e-02
1.724314169212576298e-02
1.492625980593659078e-02
1.319154831457130216e-02
1.524741817194345123e-02
1.476696369533230489e-02
1.099067661907520387e-02
1.229912561294597279e-02
1.500074790842190371e-02
1.591839050096616540e-02
1.449993238621089149e-02
2.295198731821156829e-02
2.288779604456527700e-02
2.417713925891065360e-02
1.703775848613769267e-02
1.415409670033783082e-02
2.253642708282153559e-02
2.035806877482418745e-02
2.524051905808619503e-02
1.784991330922684402e-02
2.805419064820581856e-02
1.671165155955667281e-02
1.652340082836744467e-02
1.754538235958184866e-02
2.181819192724880618e-02
1.859746552548724105e-02
1.523511417719854329e-02
1.443081334233377831e-02
1.645550678487552737e-02
1.251954842161419161e-02
1.568714457351948893e-02
1.641228091879923245e-02
1.569247860865661051e-02
1.498899610105203055e-02
1.200599432427977391e-02
1.648393498290511711e-02
1.431539050802333249e-02
1.299405722414832300e-02
1.078728290420228816e-02
1.147233255661726098e-02
1.119741103989246173e-02
1.145333316407288679e-02
1.151269583817291636e-02
1.474868893375219474e-02
1.504609818437896776e-02
1.496727600001430264e-02
4.237231746272772381e-02
3.470858182974078526e-02
1.655904879394702947e-02
1.711314045763734012e-02
1.616854379464106872e-02
1.743248506947693219e-02
1.290669454002595432e-02
9.076191867406711508e-03
9.856484482895657914e-03
1.048968846456614298e-02
8.850986132201770287e-03
1.057373991080329430e-02
9.458922976612963926e-03
1.089905353016113777e-02
1.056018761705176251e-02
1.298176720079742032e-02
1.156630573219464934e-02
1.158036838149124718e-02
1.204968024743796953e-02
2.040344726133076075e-02
1.292507740473632441e-02
1.254262526266975916e-02
1.235167912084850564e-02
1.253093826440219473e-02
1.362308225998310265e-02
1.132922253509972138e-02
1.361328112620162172e-02
1.771071620153878007e-02
1.529089877162297453e-02
1.888279392032355536e-02
1.955458243664934953e-02
1.510596796321869717e-02
1.792545433528164658e-02
1.407488001107318545e-02
1.441808522722439444e-02
2.710289923406164134e-02
1.703463895517306689e-02
1.549186410239491996e-02
1.968316060403249926e-02
2.663899531027287548e-02
2.625746373158545366e-02
2.275095135048941369e-02
1.848402060721645451e-02
1.857815680779286924e-02
1.661341979699958865e-02
1.372224598584837266e-02
1.360513670922464807e-02
1.317824969716820810e-02
1.150279362420049585e-02
1.282584260435344452e-02
1.255015986574815716e-02
1.158017423240832039e-02
1.140524317898916618e-02
1.033382137220116050e-02
1.493364918428775716e-02
1.675242341842502966e-02
2.500089657108046926e-02
2.265838731434030931e-02
3.078174440669044151e-02
1.886183418287478569e-02
1.590826075262119499e-02
1.594758108186105847e-02
2.346763784847249665e-02
3.626676475391363286e-02
2.094108223120462464e-02
2.436964923915907119e-02
2.956434058962760514e-02
3.319818333629703799e-02
1.399183479428795646e-02
2.033855094570177421e-02
1.291805306717945176e-02
1.099793076415612504e-02
1.047540734961778346e-02
9.621867169423425903e-03
9.707347551897841514e-03
1.312729949485615458e-02
2.521823666510040682e-02
1.045700504020185065e-02
1.183439978186197512e-02
9.110798246395402158e-03
9.044964670092588144e-03
9.689956575146695464e-03
9.141630838094801439e-03
1.095861979942032265e-02
7.758253820965481037e-03
1.017179528511458209e-02
8.799932854496147344e-03
1.066934691511453245e-02
9.265878069111997337e-03
7.489092246605494850e-03
8.662397498328904683e-03
1.160236965820349471e-02
2.157344297006036707e-02
2.276006366796275507e-02
1.651822655074982465e-02
1.610231944572423565e-02
1.317838641847061433e-02
1.541360985682636679e-02
1.123740272457189777e-02
1.033243479280429589e-02
9.913914814610954446e-03
1.219406692606413330e-02
1.281966287911270701e-02
1.287885919275557484e-02
1.193585497982595570e-02
1.873322554414939833e-02
1.702101711863779690e-02
1.583255706799981816e-02
9.856848086305890905e-03
1.037036145111167734e-02
8.638039551336598038e-03
1.037583867631301955e-02
1.086926714942108678e-02
1.437103258824259239e-02
1.613009852765043967e-02
1.514583202953758388e-02
1.480142416343719486e-02
1.135421086277891775e-02
1.105609793386217246e-02
1.257351931857465452e-02
1.076668035918908715e-02
9.946827973535037407e-03
1.034689910454093115e-02
9.155058487482855070e-03
1.012474480324304996e-02
1.085306148716791257e-02
1.213037304663440279e-02
1.113198919459596967e-02
1.781494699583997462e-02
1.348037382810919442e-02
1.642854899080366249e-02
1.598299092912904007e-02
1.722257707900571103e-02
1.225721312583194500e-02
1.666344515731338002e-02
1.733967648535027564e-02
1.705486651431756609e-02
2.354854439253275394e-02
2.041677248829811345e-02
1.324920402271893491e-02
1.307072472276796064e-02
1.183343564217654784e-02
9.477940666995348512e-03
9.599172070272275412e-03
1.105584456011803399e-02
1.822276075105101756e-02
1.529843909542779982e-02
1.097479239865125321e-02
1.154951124075370705e-02
1.313546369483980722e-02
1.625039085053779642e-02
1.498816897034440515e-02
1.069225185901850894e-02
1.804774802552243720e-02
1.483705365018214706e-02
9.674251678270334026e-03
1.151281092280479097e-02
9.685207172827180883e-03
1.682391380852674492e-02
1.726141479924266781e-02
2.941061607399470673e-02
2.767338032708363885e-02
3.103713548473565134e-02
2.625992732292826287e-02
2.531060862715802870e-02
1.244010230346403664e-02
2.184230425266605463e-02
2.146187242633909933e-02
1.774856542245536323e-02
1.797076930109416451e-02
1.090292345855334299e-02
1.028641899781569842e-02
9.617274294722460287e-03
7.604173339501056270e-03
1.116108870203426189e-02
1.182673891536828795e-02
1.356984663274782461e-02
1.287911537420173037e-02
1.025780061626039782e-02
9.339133790216672809e-03
8.860010520648062618e-03
7.586622857650862119e-03
1.022352720488029290e-02
8.255021577209730940e-03
1.099045983038095600e-02
9.343693245390256863e-03
9.628336244015359494e-03
1.000763249023966205e-02
9.909333456645050969e-03
9.977273189898753017e-03
9.435537841766233891e-03
7.849701196477253465e-03
1.168071028350287088e-02
1.200129224925516012e-02
9.983302135595719870e-03
9.312058454405653524e-03
7.829536515103336508e-03
8.463060942594470906e-03
8.691473272536267766e-03
8.614347505237899758e-03
7.210255158848867703e-03
7.995084910282310858e-03
8.644893685362307553e-03
6.821871154040704856e-03
1.006077883526229622e-02
1.301417114404790701e-02
2.557762290240715372e-02
2.655656980145404411e-02
3.287009549506747508e-02
2.226039909869516331e-02
1.484017810181872087e-02
1.319418495061934829e-02
1.578577599547447904e-02
1.690760395368508945e-02
2.053852014061206127e-02
8.884895797352288654e-03
1.032792600909895019e-02
1.010178871461279645e-02
6.789923847601444552e-03
8.624511711584440313e-03
9.068945593443731787e-03
8.469453197013886159e-03
8.570202789760577103e-03
9.405917120746346699e-03
7.652061086097412118e-03
8.718805247100291228e-03
7.153725972927636560e-03
7.265888094036703632e-03
7.730815373496697368e-03
6.308214721174263892e-03
7.898503228528112527e-03
9.221452948332181654e-03
8.883713031244298494e-03
7.439151931004417406e-03
8.892837125250728850e-03
1.321744926704273258e-02
1.840453186746069877e-02
1.529687400306634255e-02
2.738769175596494909e-02
3.706909510073252284e-02
4.269206519688206747e-02
2.338403694838912805e-02
1.480456372761710868e-02
2.099342178254459679e-02
1.545226147161179835e-02
1.868542424067438229e-02
1.392213920008467457e-02
1.188226947088010486e-02
1.567451240613918287e-02
1.790621301013273214e-02
1.239594980392874808e-02
2.354120211181420091e-02
1.183118592452005874e-02
1.254838301983600933e-02
1.196249366292354704e-02
8.647594049562315824e-03
7.424996020774576183e-03
8.922960850360487500e-03
7.890756951233443214e-03
7.845095153476193406e-03
6.597687910337163807e-03
8.360297022580991805e-03
7.372409308961297425e-03
7.130232338076667592e-03
6.065498235532728634e-03
6.977868234847138182e-03
7.753730667468206050e-03
7.881689091972758285e-03
7.289497029044052570e-03
6.214857618860273637e-03
6.576695465128591482e-03
6.516150733932116537e-03
6.727822302750388617e-03
6.849863577135626921e-03
7.062255274780058871e-03
7.624794554857562516e-03
6.356970342717096004e-03
7.901056672519812460e-03
9.297166832407327899e-03
2.148722543972426263e-02
1.798274509501935139e-02
1.232598361892951050e-02
1.017423966995097476e-02
1.241459168065988349e-02
2.234375687064158247e-02
2.534562842858073192e-02
1.273569773409829672e-02
9.295508615985340062e-03
9.957647225193958992e-03
9.058651299208174759e-03
7.869840215812901746e-03
8.464547134583666477e-03
8.404614465991220792e-03
1.053998989054619889e-02
1.011508025381246262e-02
1.740401165266029088e-02
7.529380082924971157e-03
9.836553526846755074e-03
7.370668787216297715e-03
8.221703030719500205e-03
7.407401948542298616e-03
7.606277437923570500e-03
6.882826002582110615e-03
7.729836562333814408e-03
8.019664426570375509e-03
8.788913874546640595e-03
1.280647619264750972e-02
1.137831027554499913e-02
1.401720275268208277e-02
9.317956613837937579e-03
8.153239704291648932e-03
8.330745633784403942e-03
9.070949917139848467e-03
1.079321411013422181e-02
8.658905213370893597e-03
1.090691181277912182e-02
1.028286011313950254e-02
2.023419814631299135e-02
1.792529419932771539e-02
2.870416143033740347e-02
2.035665422279811856e-02
1.130666032605613137e-02
1.477079276644042809e-02
1.046130298059376809e-02
1.100098304215652890e-02
9.941001160186653529e-03
9.182744884942372482e-03
7.381392931530405405e-03
7.209729875977234984e-03
6.712876916232157418e-03
7.803599988968150901e-03
6.742901041522766058e-03
6.950574110310329609e-03
7.770362059313111990e-03
5.681110811574353360e-03
8.416283406058365849e-03
5.184617151025854888e-03
7.300979366162778025e-03
7.559341553101015312e-03
6.531209625860734391e-03
6.126891562063248135e-03
6.373845608707845792e-03
9.188809942545162618e-03
7.779112808751363975e-03
8.039278059333994711e-03
1.081508025057120390e-02
1.740779046053475901e-02
1.802991498051149943e-02
1.552004164369102934e-02
2.073279555283342318e-02
1.162695129928284499e-02
1.300755459834106349e-02
1.056076659325620379e-02
1.457626306817611656e-02
1.864338478131288140e-02
1.138252050692774991e-02
1.548794409357868301e-02
3.334094790737528874e-02
3.298171877168409177e-02
3.563164080531448091e-02
2.444277956052389247e-02
4.549889458147052951e-02
6.172878097272187919e-02
2.432324585644040846e-02
2.769102398846492313e-02
1.525614169404182312e-02
1.550012030604268863e-02
1.837051954820705102e-02
1.321112552820967977e-02
1.188243910490555458e-02
7.645311649054182916e-03
7.121310355197209806e-03
6.389835200330799651e-03
5.604453089624610376e-03
6.078219868552014321e-03
5.752535294013011447e-03
8.363127785641591427e-03
5.809454168359207138e-03
5.841734952892684365e-03
5.580060102953482079e-03
7.573078265040529035e-03
7.600994669760773557e-03
8.094974841608959179e-03
8.650954542537836467e-03
7.221363503171661195e-03
6.288806733341745919e-03
6.891136094763036790e-03
6.858596462307129868e-03
7.440251342459957250e-03
5.476066367522845410e-03
6.361507956589565992e-03
7.454834769068839455e-03
1.117773577950124594e-02
1.100632347131007792e-02
8.997001096840170561e-03
8.526503372788273721e-03
6.757010774425844558e-03
6.970497353991448111e-03
7.629424369491049837e-03
6.575249402284209441e-03
9.075160924703293622e-03
8.665909356578163983e-03
5.868308537155535361e-03
7.693557178007159533e-03
8.617602166801836480e-03
6.037745331663606045e-03
8.134213585300951316e-03
1.260282791849912792e-02
9.681255260328995929e-03
9.146728010480640464e-03
1.064107046552461439e-02
8.746506804624165285e-03
7.874919067234345885e-03
7.047063099454307748e-03
7.459993029031704824e-03
1.296451116665800311e-02
8.595609673820390692e-03
1.337936495374965687e-02
1.068246200717187962e-02
1.938412999627666528e-02
1.509665441692837999e-02
9.986757396477610044e-03
9.116673441562465896e-03
1.257040365368913837e-02
1.103878098504737504e-02
8.955197841678381315e-03
8.436822819800633699e-03
7.686374685656541250e-03
8.792256184130169475e-03
7.356476306353573399e-03
7.267333055977032857e-03
8.263052369898644597e-03
9.465943978858722477e-03
2.247677555045375988e-02
3.291433290470353185e-02
3.842551499967349765e-02
1.701180385991953037e-02
1.973016928223527561e-02
9.546160619005148937e-03
7.908694094634127758e-03
9.697806698842431627e-03
1.004670679064822297e-02
7.061337127998446039e-03
9.076540406495435531e-03
8.020143189995960348e-03
1.240436185498257175e-02
1.432054164042021079e-02
7.235420864954945561e-03
7.620764379773679008e-03
9.154164550423362495e-03
5.985040707295449271e-03
9.266327351445547561e-03
8.404130347149952121e-03
7.618453731902437819e-03
6.659330309173880705e-03
5.888720467476663348e-03
8.575793973865389330e-03
1.254550803681031210e-02
2.742410706339678747e-02
6.473310257445659410e-02
3.433870685763091429e-02
8.995851227437325071e-02
1.273715089485812080e-01
3.987119337770697602e-02
2.450512313043201607e-02
2.371801700735268539e-02
2.324702713800578038e-02
3.253723658482998715e-02
2.270724747916580757e-02
1.522056778734429128e-02
7.893838392400641737e-03
9.161343666179998929e-03
6.402784422707514730e-03
6.584288466639433464e-03
6.274866699047891225e-03
8.609375558517182864e-03
7.006035991342644126e-03
5.428691877020368033e-03
5.571327916406835015e-03
4.682051716524377599e-03
5.600250838295915516e-03
4.499809025825441192e-03
5.527091562316926131e-03
5.182619492670980689e-03
6.457653856702605388e-03
5.461552848029086783e-03
5.398208644716037327e-03
5.835293665999635726e-03
5.474584752482039574e-03
5.121004593847312651e-03
5.846062273021633039e-03
5.164572281984659667e-03
4.600367317962688468e-03
5.254099056385718065e-03
4.667383246437421460e-03
4.731800286179991578e-03
4.860218698375767289e-03
5.608253317190851385e-03
6.067933199023415117e-03
5.639140903552923405e-03
6.042312000853621197e-03
6.548218354312641473e-03
6.755557202636973749e-03
5.746162057343040010e-03
6.086864198980383375e-03
5.226304937988303541e-03
4.899698119708358751e-03
9.336224912151311686e-03
6.901006621842869192e-03
8.185439594440863803e-03
5.766418155524616340e-03
6.722062831823666373e-03
5.765516327778468474e-03
5.929558607630756178e-03
8.570489381080438618e-03
9.006139237572303655e-03
1.166195633207998267e-02
1.220071358254039458e-02
1.494884541698919024e-02
2.565202390279358938e-02
4.355645720342168209e-02
2.165594441003291376e-02
1.602680171798565381e-02
2.198759831057863975e-02
5.450185056907368847e-02
6.218405362045535678e-02
6.097381100427397282e-02
3.838686804725317120e-02
2.263828887277561860e-02
1.575936563238084995e-02
9.905629699442241101e-03
9.401418500547773296e-03
1.408696462609921110e-02
2.079794383731577156e-02
9.423294946670155922e-03
9.275936410060381734e-03
5.985697711204186582e-03
6.046557810581907298e-03
6.569776295515089223e-03
6.114525095186918238e-03
5.784273350543879012e-03
5.858465049787705409e-03
6.082179985721414273e-03
6.674139454688323390e-03
5.196483521574656733e-03
4.897880037261189215e-03
4.831384440345091319e-03
4.575734327964150333e-03
4.954448078291516684e-03
5.416067995113812636e-03
4.837416356128423391e-03
4.319469733403558630e-03
4.655130751323021537e-03
3.845707904815984582e-03
5.121298602125167257e-03
4.763976297069546541e-03
4.587120960368951984e-03
6.058625960047061589e-03
4.649003496988996474e-03
5.430429828168325222e-03
5.149991242648625615e-03
5.433240818144238760e-03
8.930661874248848123e-03
6.341186437933878789e-03
9.430757105358029274e-03
1.344833423814227949e-02
1.724510269738008944e-02
7.417149330693859934e-03
2.768788291987621039e-02
2.034538866310100710e-02
1.539120447708337662e-02
1.193312914771292761e-02
8.160977423223065783e-03
9.215064447968492403e-03
5.571190586495881544e-03
7.029251424606086651e-03
6.536873526569542646e-03
9.036923676910696424e-03
5.382574086335501461e-03
5.557791982804418003e-03
8.851695396030310678e-03
6.655709197721423540e-03
8.649376017668925637e-03
7.320019172310079925e-03
8.521768674493491319e-03
9.362094336996999375e-03
8.002493742857485007e-03
9.413182361722409811e-03
1.213175073509620110e-02
8.189001999106470739e-03
6.349721563937321331e-03
6.158155501069255758e-03
4.842152208247894364e-03
5.943229870571770448e-03
6.987281942385533892e-03
5.986163516396717996e-03
5.792311345748878820e-03
8.986535816827604176e-03
1.107071536448985503e-02
9.683321008688738907e-03
5.424571329559571033e-03
5.993405804627085706e-03
4.759866817207889650e-03
4.361610568806071828e-03
5.411334636424363145e-03
5.316567609352063940e-03
4.269780106822435375e-03
4.369288827405174575e-03
5.902083891824547179e-03
1.023111247607073199e-02
1.042563681202755138e-02
2.146918785625826984e-02
2.396989182268044125e-02
9.676038749102602518e-03
8.316442717207498531e-03
1.214149640790585655e-02
2.061625609850964783e-02
1.731810087569434983e-02
1.207552939324248002e-02
1.166420653182240370e-02
1.641135858896268854e-02
2.361905768165281985e-02
3.440729634625882410e-02
1.965894495791614335e-02
1.780712616151852376e-02
1.571386726176884560e-02
9.736188502611166015e-03
6.655229130196579565e-03
9.667627141226707230e-03
1.206326912796397942e-02
9.327213746817247797e-03
1.040277323288157224e-02
8.660374874138440648e-03
6.033366980895455214e-03
7.296348344391522488e-03
8.337575029663056581e-03
5.242313319379765871e-03
5.615680561291298660e-03
8.274594457188897551e-03
1.142630459770077253e-02
7.994808498392456594e-03
5.250226329829444337e-03
5.250927444398743350e-03
4.516031088447282696e-03
4.686929500269458072e-03
5.467731388588060147e-03
4.506232764578732564e-03
5.031483211083346771e-03
5.480207364345560626e-03
4.261290991680694203e-03
4.405051717517690334e-03
3.998945733848956706e-03
4.840803088638006083e-03
4.539113456912476606e-03
5.441930247683185798e-03
8.662961682469117949e-03
7.371648371029630373e-03
5.657435737231378964e-03
5.172641179149719756e-03
4.493746427370279642e-03
4.465933117575543107e-03
5.113474577913158098e-03
4.468919415365207523e-03
4.594206873834247133e-03
6.662556959190152686e-03
5.451748086490967350e-03
5.210651113245596232e-03
4.376606644158522429e-03
5.101686092544508756e-03
5.292860776131057786e-03
6.932899654270727186e-03
7.012876687188111455e-03
5.603256041558569121e-03
4.806541498922802490e-03
6.661997516435867392e-03
1.176678909018956040e-02
1.310363847486679251e-02
8.853777499638938037e-03
8.863955403588705609e-03
6.650047670218817153e-03
5.166754730944456836e-03
6.463777705065892366e-03
8.472631453732322113e-03
1.029877066274367987e-02
1.155038263054386505e-02
1.300240723380059402e-02
7.059293205972810327e-03
7.101806798013420539e-03
8.224046166200387267e-03
8.407033993264579480e-03
6.077129760170700383e-03
6.636125090492958276e-03
7.782481376504917468e-03
8.752449365569202333e-03
8.201778959597286894e-03
6.259488259202083960e-03
7.772553786986130531e-03
7.186601245086307078e-03
6.242016857907983773e-03
5.904068062163895722e-03
6.170149220849060166e-03
9.268939914005874803e-03
5.166490548069343526e-03
5.290824033727783114e-03
1.361062002614482624e-02
7.547160924713247621e-03
1.296891129353280707e-02
8.041033367311555685e-03
9.331361293285645592e-03
1.972990768319185864e-02
1.962306642271749793e-02
3.249914453839913842e-02
1.595749399395372109e-02
1.239239438425915156e-02
1.363513321700164302e-02
1.635087069470425938e-02
2.284457266918708471e-02
1.300324107399229538e-02
8.085578339768407369e-03
6.652257089674299198e-03
7.241232468098944379e-03
6.839014556216277060e-03
1.021450066385396968e-02
1.344849763768132117e-02
1.135529994193888031e-02
7.199043730520241977e-03
6.326753114477281018e-03
8.142723172156939027e-03
8.307602451844040350e-03
7.378374788865803453e-03
8.815678078367273143e-03
7.538963828243149499e-03
7.623251677490420694e-03
7.574447588394825695e-03
7.471747251879128603e-03
1.649812797832836755e-02
1.431125142235662069e-02
9.491158319168049168e-03
7.907003432259378586e-03
1.131560524976721500e-02
1.441918589691635645e-02
1.141412337532758323e-02
7.620479603233643040e-03
1.121096466961748160e-02
7.523234266251954683e-03
5.109972900598336309e-03
5.424620699088859507e-03
4.457133679259621915e-03
4.772211910308364440e-03
5.886119274423669105e-03
8.892769466517401120e-03
7.652834777475794534e-03
9.239503870006743336e-03
6.214615369631725124e-03
4.950371030472292509e-03
5.961476460227813599e-03
4.434811965398094240e-03
6.184331950805832014e-03
4.702500036742111172e-03
5.081633510388135731e-03
4.258156568868788801e-03
5.506829363509172827e-03
8.317479493935140203e-03
6.773107205859047256e-03
7.524926615027184053e-03
5.512191790492020418e-03
5.092267402050231796e-03
5.386615242113573093e-03
4.740662922171077001e-03
9.970607825808931041e-03
1.038423426148236788e-02
4.837926075052890323e-02
4.269370585027281589e-02
4.222195368797702908e-02
3.768018091988976914e-02
5.310517945782480820e-02
3.307701404314290772e-02
1.475859072260389711e-02
1.411756038349337890e-02
9.145286590110634703e-03
1.133777329965133911e-02
9.190254546811701952e-03
7.142294556452808731e-03
5.245919174053197999e-03
5.135327739170138586e-03
7.307746155385813104e-03
6.903851866572926176e-03
5.157521003389491793e-03
5.336710242374176003e-03
5.650772964187268307e-03
4.323304762422664968e-03
4.103293366052312638e-03
5.035855833678814023e-03
4.416178727446756248e-03
3.895838783573620911e-03
5.823804799593789751e-03
4.112169700925171791e-03
3.744302224580543532e-03
4.272879714498632395e-03
6.458214772597789879e-03
6.393344193548615093e-03
5.520592607487176395e-03
6.838065570500693503e-03
7.782604222604965968e-03
5.694623404152758354e-03
5.656406895626640667e-03
5.746606279375289852e-03
4.640077999786610535e-03
5.288422635192805560e-03
5.161998103675883090e-03
5.918179405837787829e-03
5.578944010838328242e-03
5.539738309537045949e-03
4.983760529453979196e-03
6.165669895646195588e-03
8.559205886580096082e-03
1.014061721505640952e-02
7.398463954920290499e-03
8.746500279330762448e-03
6.944783794658403696e-03
7.155431777535576146e-03
6.092783041323161092e-03
5.841732790804980181e-03
5.845706459564378732e-03
5.948602117342624215e-03
7.649230005249980056e-03
8.959358498106058735e-03
6.883223806527108066e-03
5.756280725634722352e-03
1.016466999186516063e-02
7.798584271413375180e-03
1.419298602295416406e-02
1.195913504573543548e-02
1.117483343339667479e-02
6.636678380994216232e-03
7.680374949021875203e-03
7.620227232608958387e-03
7.622816634092065453e-03
6.685170808016659486e-03
8.998045341217321413e-03
8.597743204414025342e-03
8.826908455054365346e-03
1.149852179630047114e-02
1.426764362291117576e-02
7.903582632845322295e-03
1.517943029091510347e-02
9.209589601740810622e-03
9.365490700474451632e-03
7.316659628336879585e-03
6.356603029101856074e-03
5.097625202380032597e-03
7.494517217443263934e-03
6.286904377277498582e-03
9.390207457821764248e-03
1.002317246262036769e-02
1.328339402433810663e-02
1.332545126831090852e-02
2.109892999725383050e-02
1.063169342457334632e-02
9.116313600364045824e-03
7.717264126326191416e-03
6.042490128428927403e-03
7.584840524358200768e-03
4.903617304803181698e-03
5.330355872537217120e-03
4.667504887300387949e-03
5.776932984719067819e-03
4.732973934709417199e-03
5.226377198996796404e-03
1.233181880790691284e-02
1.484697323545142514e-02
5.989289292602962764e-03
5.802477276416061376e-03
6.674208463987450074e-03
6.028399606081637392e-03
8.044421775983840936e-03
4.318413406465243520e-03
4.721873855867923971e-03
4.823915737982984418e-03
4.797026282689747720e-03
6.057511153892271988e-03
5.723215446687642850e-03
7.880995048321470103e-03
1.332836048767130528e-02
1.128490302705994867e-02
1.553164288275699426e-02
2.520236581397754250e-02
2.262106814809631758e-02
1.624874990881126566e-02
1.128531631414406503e-02
1.381521361244143244e-02
8.908016181808864342e-03
1.251011435734995444e-02
7.537599173298713782e-03
1.034665613571419951e-02
7.349331137582047063e-03
8.779759129826335273e-03
7.946503400182299351e-03
5.183476532578184040e-03
5.694797946835046705e-03
5.533136577450017621e-03
4.991675893660299512e-03
4.976363092314499068e-03
9.913861130887593673e-03
9.192105714439874342e-03
4.880967704194856017e-03
4.967593904807615299e-03
4.293221642566862409e-03
4.715507602150758801e-03
4.196313575063140462e-03
5.015447101884147954e-03
5.305364238956639111e-03
6.078131241405905320e-03
6.576481427124227820e-03
6.435239854098987432e-03
7.044312641432283646e-03
9.949206348334616729e-03
1.251048107516741954e-02
1.343013208860954072e-02
7.717606697258985043e-03
8.154605107546460119e-03
1.052440077532810006e-02
8.347615021433500010e-03
5.549949110170647980e-03
8.283358412580979144e-03
7.023513127976791816e-03
6.670294317462233807e-03
1.130367768400189835e-02
8.245169491272368381e-03
8.126273063852190726e-03
1.053192606206099571e-02
1.024370101649286872e-02
9.080888853126902957e-03
6.229356643328696867e-03
3.961360225628615325e-03
4.931690777552821467e-03
3.928724061664030411e-03
4.504431480402246342e-03
4.684333020544237912e-03
5.305107106022948112e-03
7.357207696857068734e-03
5.363466572879422613e-03
4.678314878251486550e-03
5.427165935350770215e-03
6.330565018896700848e-03
4.541944905945336994e-03
4.849291645874631920e-03
8.391640382841321702e-03
5.333115158308730092e-03
1.110393697147797967e-02
9.963974239263841820e-03
1.798946696607331072e-02
4.186269798477044307e-02
4.366371310629346691e-02
8.170294663715906014e-02
6.311004209048140523e-02
3.956132092921275933e-02
3.165062861635280222e-02
1.558300070965770376e-02
1.532732785477101262e-02
1.467297682229854947e-02
1.036309385386303267e-02
6.708636224190615317e-03
9.400423289174777638e-03
6.128792519907356844e-03
6.839946957075706407e-03
5.541843001345666056e-03
4.555872343551575082e-03
4.336812563098939657e-03
6.226629300898458078e-03
9.340466330658549546e-03
7.138694045734361726e-03
4.644056949102890602e-03
5.139015321968405312e-03
4.851607757749563585e-03
3.872645458845522855e-03
3.394046042338584417e-03
3.639940807060820013e-03
3.675449043492548876e-03
3.467936969358643724e-03
4.339205474397143589e-03
4.253360953464598374e-03
4.702456413061047863e-03
3.660044192024991278e-03
3.884950875357370652e-03
4.352056112338869090e-03
4.455476273454305955e-03
4.895186972842391869e-03
4.548958933322079859e-03
4.038624400104383859e-03
4.371855890039480497e-03
3.843939031351630269e-03
4.231981755592389115e-03
4.324156923584425959e-03
3.813219085593742667e-03
3.967492590612754430e-03
4.589752325830861318e-03
4.999103723590563736e-03
8.275968160185796785e-03
9.924144187506811488e-03
1.058546910211775535e-02
1.098616133238810438e-02
2.033481595037728296e-02
1.326721895085387383e-02
2.528842547603749047e-02
3.611266865925474162e-02
3.477508948475632744e-02
2.457812393451302285e-02
9.830776311039025536e-03
8.454340211785650941e-03
8.320747840234666431e-03
6.221189773300841129e-03
6.488473335907708577e-03
6.998342938408916823e-03
4.395589756568995046e-03
4.760707295087580546e-03
3.938684899372322731e-03
4.194033448084225763e-03
4.916916249107492788e-03
5.302414666044434968e-03
9.591650218786447468e-03
7.587574116239293939e-03
6.348237094695771687e-03
1.086807140213918305e-02
1.664342078153169605e-02
1.364974898541212317e-02
7.998040711608112377e-03
8.791090809907463680e-03
8.218286022552496323e-03
5.552011952304620503e-03
7.184411381859315791e-03
6.391228167825150144e-03
7.763911490505319597e-03
1.117246037695564936e-02
9.421064115804352046e-03
6.660540534013385111e-03
6.284604720683642162e-03
8.201272539813746557e-03
9.353112514740840461e-03
6.775696578989677706e-03
3.574886753796785183e-03
4.036553339514482516e-03
4.139730011617123381e-03
4.026135817764984332e-03
5.233121937324165633e-03
3.770843618552385378e-03
3.414913511723324628e-03
4.147331968177675812e-03
4.029341380658542533e-03
4.058957795187922643e-03
3.914103705581123416e-03
3.342378638518577871e-03
3.189373911236798812e-03
4.284344269718931911e-03
4.016629617141257227e-03
4.032584403744991081e-03
5.005258097073749489e-03
6.745203898091963607e-03
2.603702320857094812e-02
1.860159718088234132e-02
1.570426256362253761e-02
1.969296661726261527e-02
1.161082176469480434e-02
1.212735983534230823e-02
5.227616772230115824e-03
4.690895997824971568e-03
3.078272067972690797e-03
3.958547772561862334e-03
5.495093667827042304e-03
5.158033242255452913e-03
6.812396599621248564e-03
4.619535382133953955e-03
4.828224549242786552e-03
4.285230491698951635e-03
4.359952392474115111e-03
6.443889872698579588e-03
7.327070611230811388e-03
6.207665399778336535e-03
1.105873063507467613e-02
1.279213402662793611e-02
7.224224769832214912e-03
8.915106814539571975e-03
7.253277202697728208e-03
1.034858306794374412e-02
7.274580401846806807e-03
5.042255812323685575e-03
6.914675332894497893e-03
6.950137525070915895e-03
1.283418422867472521e-02
2.194638367660450146e-02
1.372352803784182215e-02
1.500170369716239197e-02
1.217830399339467698e-02
5.455783597747539473e-03
7.988639268829516443e-03
6.768215298665492680e-03
1.192620517687949418e-02
1.039792854305648939e-02
1.348613873236584153e-02
2.296659147453284505e-02
1.565362057777519231e-02
2.603368128211532365e-02
4.028839472094698088e-02
1.565363691456354844e-02
1.708076299490183039e-02
2.678879976838143689e-02
2.030216456861688723e-02
1.158092108322506669e-02
9.007998327974255093e-03
1.026419172416292644e-02
1.387136845272769238e-02
1.916195461518338874e-02
1.691790384161730512e-02
8.513891140224612297e-03
1.580864442622407356e-02
1.002956542272125627e-02
9.281924323013040351e-03
9.389626561441653460e-03
5.129609779657448229e-03
4.352252655083023447e-03
3.273165763874000267e-03
3.165788337647496876e-03
3.446440719694917644e-03
3.464504023689396126e-03
4.882039486942824948e-03
3.955103539318483713e-03
3.374616908737613791e-03
3.146147615248384537e-03
2.875741328170245120e-03
3.020514340199248731e-03
3.723759733494638388e-03
4.046669259547448771e-03
3.635091374166114341e-03
3.499517156487641154e-03
4.028855185334618769e-03
4.712141017737674596e-03
5.220980845313953449e-03
3.695001474596244957e-03
4.979071536979125939e-03
4.161678629219415539e-03
6.465636443830822221e-03
7.207445476801803592e-03
7.397941391211309767e-03
7.531205919742918996e-03
6.960599036318963935e-03
4.585418666496746641e-03
7.697848402538186134e-03
1.345030056498452628e-02
5.732146309505719260e-03
5.880922175495750109e-03
6.220683913393805324e-03
5.069535115299556374e-03
4.541175722110664392e-03
4.237084834469379349e-03
4.606391848424950565e-03
6.210290856733116996e-03
5.197879537445503767e-03
8.606015713264563577e-03
8.625788087306619084e-03
4.595641515886545424e-03
1.029522351742901201e-02
1.268858261850759096e-02
1.160908386404312272e-02
8.966981933824462805e-03
1.420507456384292183e-02
2.523349626935797105e-02
1.872688401918999948e-02
1.074854578609123375e-02
1.041854470874387095e-02
1.639651114209670149e-02
5.921418920528078583e-03
4.921274371213604781e-03
4.591645844647388591e-03
6.345459937016224503e-03
6.757033958385195820e-03
7.997403029015113379e-03
5.136087751123763999e-03
4.963883070458825070e-03
6.413705492072844724e-03
5.187902744263761176e-03
3.430390853298532702e-03
5.120596655208153186e-03
4.048151565339286502e-03
3.349029931266283601e-03
3.411068975354740723e-03
3.220729876544106696e-03
2.911613371785083150e-03
3.714167585562970931e-03
5.114504181874402443e-03
5.488729565720418778e-03
5.476172850487235830e-03
4.394265783020685247e-03
3.890866387552309024e-03
5.169642698384165937e-03
4.931382917024606204e-03
4.511214877406697146e-03
6.574667524443633670e-03
1.868867443926391925e-02
1.569005079656695528e-02
9.798673929988040501e-03
4.715869851630168433e-03
8.471850543331478287e-03
8.931895657240705028e-03
6.531567679053374570e-03
8.930195741261814230e-03
9.026317145732532660e-03
5.645424889488175405e-03
3.746167076079966012e-03
3.755367009819811103e-03
3.934379469312384095e-03
4.568134260029750073e-03
7.052934478361131375e-03
1.262520648341753857e-02
1.204005794653991573e-02
1.233949888295082613e-02
8.556782752492390204e-03
7.155531352357010454e-03
3.968029858511175866e-03
5.145427990483871297e-03
5.416836288241502241e-03
3.852595944855425128e-03
2.969483877449540735e-03
3.397078906621800194e-03
3.623997389765490178e-03
3.381018743209069765e-03
3.991614617881493465e-03
3.053276921846165542e-03
3.064329325170892133e-03
4.562843807808306812e-03
5.319733870939327702e-03
6.708183021122790524e-03
5.765872501054324778e-03
6.269625878001400775e-03
8.951645859691260282e-03
6.495101144863560903e-03
7.259030944865142373e-03
1.083906652172808745e-02
1.108680986113250513e-02
8.589900954465367125e-03
7.408793989877959438e-03
5.545662973140166353e-03
7.093382110055483462e-03
4.396604878875615650e-03
4.745529184061492677e-03
4.747768710996214461e-03
5.413733900178312533e-03
5.698963081936956818e-03
4.566459977895454860e-03
3.169809584403863838e-03
3.109735172922784355e-03
3.260912042323372163e-03
5.121933262482798906e-03
5.260487647699423931e-03
4.255300949760505540e-03
1.004336092327150556e-02
1.325979621130296375e-02
1.734977974006197271e-02
1.241916759635134510e-02
1.729854040250791702e-02
1.000872696274819271e-02
1.231289524438910175e-02
9.953842792571486811e-03
1.324952139225532219e-02
1.571512905114349698e-02
1.014990684106585085e-02
6.815557488035551073e-03
5.364452900333933731e-03
5.508123277921138546e-03
4.552912675978033202e-03
4.118893727349292114e-03
5.981578944570535052e-03
8.465377680927416507e-03
4.086566922736859821e-03
3.952288270813035173e-03
4.059609041526277690e-03
3.571685267959247897e-03
3.738543264958542507e-03
3.990882932402226024e-03
4.275104653406129607e-03
5.870042143426839644e-03
4.069123093598117115e-03
4.016831691394743761e-03
3.446995164810534151e-03
4.022090654085621469e-03
4.287364213639169828e-03
5.648390013748870626e-03
3.467210253257343132e-03
4.361199501698766363e-03
3.957136253243546779e-03
3.991807226472701697e-03
5.945449794815241620e-03
4.038982003441577741e-03
5.162396581502596594e-03
5.113799285037267696e-03
5.145128239351541739e-03
6.176463637687947678e-03
6.136289352682692579e-03
1.162089572526325137e-02
1.443296175929579400e-02
1.597806460651695487e-02
1.045730889738364505e-02
9.369738124400990228e-03
6.220908711032759400e-03
1.354184410087771843e-02
2.941828389551772241e-02
3.574389493936947632e-02
1.922853789422265813e-02
1.243262884306598100e-02
6.384827138362548886e-03
5.401096847409881177e-03
6.774983993713477003e-03
4.061590188270293791e-03
2.996718284061773447e-03
2.724106887812661505e-03
5.522840598810543900e-03
4.146582251291342988e-03
4.474494199468916945e-03
3.221191227707753679e-03
2.978434053479785560e-03
2.754212237170148778e-03
2.611510351558077835e-03
3.055404159970231352e-03
3.402747848535526802e-03
3.107142068290992022e-03
3.178932332853278125e-03
3.317610569335362625e-03
2.993370439993582339e-03
2.800166172984101635e-03
3.442774933963930507e-03
2.691130676159952159e-03
2.493575830276209809e-03
2.662369958067147251e-03
3.300179928846059835e-03
2.711030105456265805e-03
2.632041830868202693e-03
2.820463788977509677e-03
3.440786083981104120e-03
3.092816969585986987e-03
5.820085101819695919e-03
9.779462047787994966e-03
2.059799596182820478e-02
7.666204741525675312e-03
2.648108011703224907e-02
3.429634679966495070e-02
2.512086402429802856e-02
4.040091765752967107e-02
3.024423161803883181e-02
2.851539410443013761e-02
1.604745479220153273e-02
1.573416839488853830e-02
8.558153284343393216e-03
5.103783445661923789e-03
4.399737069746592968e-03
4.421769369473791712e-03
4.394472162541043087e-03
3.540707784780126443e-03
3.390297362686971183e-03
3.191407639443718299e-03
3.045980299277085534e-03
3.341633721306305153e-03
2.670688934253921242e-03
2.871787402467469285e-03
2.701131437691934190e-03
3.321618183355867521e-03
3.504055844911389394e-03
2.712403559401221475e-03
3.291586089886321901e-03
3.010117602097118778e-03
2.903481950212614179e-03
2.592097836697106802e-03
2.849406432959491683e-03
3.173987963130723254e-03
2.807747549451980202e-03
2.457652488501578872e-03
3.252294429602778023e-03
3.093589917247837901e-03
2.817064453988706637e-03
2.830490938388057105e-03
3.836474039026802063e-03
3.477780158318971408e-03
2.855631797069956446e-03
4.411190815666249550e-03
3.312146999580788120e-03
3.375847168727302058e-03
3.566155032031764500e-03
4.579878458259253361e-03
4.167077466035287552e-03
3.698750555965617075e-03
4.006975237766356376e-03
2.874968070337377297e-03
2.693546831267092274e-03
2.383260270988672800e-03
2.540252605215169435e-03
2.529003782702503658e-03
2.303415226785732618e-03
2.666479424310098587e-03
2.985607880267963053e-03
3.568391336357323255e-03
3.364836608519634377e-03
4.387646035248201314e-03
2.559221871064885565e-03
2.573788516456944949e-03
3.914138695874667083e-03
4.084663988568488016e-03
4.615531294519129545e-03
7.016093457160947275e-03
7.728737166583930090e-03
4.053046175606814933e-03
4.461059420339834845e-03
4.473294279772084027e-03
9.115038385905153973e-03
1.761197702874959040e-02
3.126243842785859234e-02
7.707891285290030536e-02
2.783299933785915101e-02
1.957561275005816753e-02
1.045807579180934969e-02
6.894402657186201287e-03
1.556625297506897092e-02
1.541417431604428546e-02
1.963109339587765234e-02
2.243813387853360944e-02
2.279537090222083506e-02
1.275646241939343457e-02
9.478582997097775159e-03
1.121625272674448177e-02
1.045026798618983906e-02
8.531579108877630074e-03
1.257738668152058939e-02
1.132920579447198837e-02
8.727638605042154635e-03
5.955842544362066095e-03
4.056112901790441538e-03
4.025143807630441814e-03
3.130109717401795798e-03
4.243388139262643799e-03
3.257986513956645080e-03
4.598715692129762972e-03
4.624970590172220938e-03
4.120760308229911434e-03
6.358383030689456622e-03
4.488270359363923101e-03
3.982479666842255600e-03
2.647894791088500292e-03
3.008154747301351305e-03
3.918648755490285185e-03
4.165872063798559469e-03
5.531744927487951789e-03
9.819473683910314235e-03
6.718660217663608922e-03
8.057768537557444613e-03
7.590096191512327867e-03
4.616634860970910553e-03
4.919836791071515933e-03
4.182640627060639146e-03
2.997069531488536984e-03
3.098619263125431105e-03
3.467501050922750395e-03
5.237002793330925408e-03
6.332874469152709358e-03
5.723441218673997431e-03
3.692885883971324008e-03
3.332333217697480091e-03
2.709064439867766086e-03
4.325027393843345475e-03
2.547650412924095352e-03
3.202410137385537127e-03
2.987433351102686263e-03
4.283790665000183386e-03
3.334605773735037013e-03
5.151515969525583688e-03
4.746693762294312488e-03
2.828373177233235378e-03
3.176652200150203130e-03
2.799116051989498141e-03
3.781096597684870629e-03
2.625546180928219325e-03
3.018878121483069277e-03
3.010184999824056396e-03
4.343313722993652481e-03
3.605862890035774725e-03
6.125689999718079287e-03
4.450662904164693831e-03
6.843594527628372136e-03
1.007976455684213811e-02
7.828965132518232728e-03
9.034822166351281353e-03
7.992592085761581616e-03
8.124895981359141553e-03
1.119055910198519903e-02
3.765515739767706649e-02
2.923123085641857882e-02
2.970503284488728787e-02
1.961904392021680127e-02
1.080413535587296942e-02
7.444537630993750509e-03
5.459748945879016116e-03
4.035522040474231326e-03
3.995708533955190551e-03
5.750681577013232008e-03
5.592154538047396789e-03
5.377807063300876766e-03
9.921994705427684969e-03
1.307450676946418817e-02
1.479645639497970469e-02
2.109737983741813774e-02
1.437465038677048466e-02
1.396695036565761411e-02
9.700197514653655442e-03
1.750358232958974108e-02
1.004208750310578435e-02
8.000158489220025870e-03
4.963372407171894908e-03
3.755837927234776958e-03
3.404271173863311281e-03
2.992540894697253047e-03
3.038271838185818436e-03
3.613334981422240948e-03
3.961549694806190854e-03
2.967015829003909720e-03
3.950654346109100205e-03
3.552866566995316593e-03
4.500360936649763950e-03
4.141675633009219738e-03
3.736153563346928438e-03
3.806551166236567078e-03
3.620398874867915458e-03
3.898179171009250911e-03
3.734086675698620062e-03
4.337404015334709630e-03
8.351456171059975370e-03
3.307820175372279143e-03
3.786330368946243426e-03
4.116998376097373048e-03
3.201798162507562152e-03
2.988332414842586292e-03
2.748931537433917712e-03
2.787157429239559437e-03
2.916605562955508230e-03
3.510505522005177067e-03
3.251970304557823266e-03
6.108468156290568739e-03
6.791737488263457391e-03
9.065436091347169045e-03
2.012698047734116577e-02
1.491940100172883463e-02
8.836487316536754955e-02
2.689597930291604683e-02
4.463240281204872845e-02
3.542535971110243737e-02
2.850102855588997064e-02
2.757477588352912762e-02
1.738016521789442423e-02
1.155262868728985579e-02
7.446500618086702473e-03
6.398253510165479753e-03
4.218442784705052871e-03
4.064154947458749854e-03
3.394722726415705556e-03
3.257254872880240536e-03
2.796416307598074535e-03
2.852495145380722248e-03
3.047142743246697774e-03
2.539025164920838580e-03
2.299471667063470847e-03
2.431921487423277170e-03
2.926485123996466244e-03
2.767301924320691824e-03
2.939612042486662059e-03
2.910763431710913351e-03
2.466027012148039495e-03
3.772709475499002110e-03
3.108897578325778115e-03
3.666710065537259755e-03
3.389739135698205397e-03
2.918666664263071513e-03
2.232511636656559894e-03
2.020805909075292991e-03
2.812789832436835610e-03
2.529477190630584696e-03
2.081051464232683106e-03
2.400903541304957693e-03
2.544849475657444925e-03
2.589676188893745221e-03
2.426444348939302623e-03
2.659995756245078346e-03
2.226333238414303535e-03
2.261955924280856668e-03
2.530789814263140723e-03
3.662998620992838524e-03
4.022644946930968232e-03
3.518756711000930060e-03
4.796914664526164343e-03
7.824729926222177834e-03
4.058698995903302874e-03
7.560771747311752396e-03
7.283732947780623308e-03
2.927403636262309629e-03
3.701127114349097268e-03
2.903865744856196085e-03
2.981082899113585150e-03
2.650476777068126559e-03
2.938566836949520200e-03
2.492682166864909447e-03
2.316580232946730857e-03
2.541530094863624512e-03
3.128781473314262533e-03
2.585915838907596864e-03
2.866160361743944670e-03
2.838986342043537964e-03
3.877774901247967813e-03
9.017105315118499956e-03
5.164344312407341715e-03
5.928590189441444377e-03
3.694574032201798034e-03
1.063338794689683460e-02
6.105338592954904012e-03
7.496343192232742675e-03
5.255909493211811251e-03
7.987148119068745653e-03
1.898751808517105955e-02
1.101744346009463776e-02
1.228836756034992587e-02
6.880677609324068605e-03
5.740937134442638222e-03
4.782474716835209347e-03
1.016374608663743809e-02
5.873920877858791224e-03
5.721596082451602637e-03
3.570933545182392813e-03
4.869819861579833577e-03
3.769867000479636392e-03
4.158661642695465552e-03
3.339380710453853165e-03
4.615445018188442210e-03
2.477157453321843401e-03
3.197945666435498581e-03
2.896526229389191198e-03
3.207627295960379689e-03
2.706680553025882837e-03
3.270187126073777640e-03
2.987029619151491781e-03
7.563337206199709055e-03
6.533732021456097744e-03
8.012735469372032557e-03
1.311053081835698159e-02
1.365035462984318104e-02
9.708842482005413527e-03
1.504047327233052483e-02
1.835329709722314379e-02
2.931390718360691108e-02
1.329092580518611948e-02
1.587956813635342176e-02
1.083890408893497213e-02
9.849001901888421173e-03
6.803297146829928241e-03
6.578923390624200930e-03
3.897362860139347469e-03
5.170964996492376578e-03
7.218344555604556088e-03
7.521075080291850755e-03
4.275339626483274508e-03
5.412375523903141007e-03
2.612143067944410445e-03
2.838502109368471870e-03
2.463234314612866918e-03
3.963667707778903773e-03
3.640332032055137654e-03
2.717312541948142552e-03
2.337229384658343935e-03
2.386182505010167945e-03
3.388155537691759072e-03
3.062760751800791201e-03
2.731398416704024050e-03
2.331726595451775672e-03
2.010798541271823208e-03
3.065961607889659477e-03
2.183672463681311446e-03
3.745088143399205420e-03
2.884910009724019411e-03
3.889777256535408012e-03
4.700810104348899024e-03
8.050521654177305794e-03
4.023920218511386343e-03
2.418107738337389994e-03
3.561861830618872661e-03
3.120796953553404106e-03
2.209013177112917337e-03
3.313983961315444295e-03
3.253338532644126438e-03
8.678429277693399183e-03
1.192745646790049040e-02
1.869004926056868840e-02
1.835467975741818247e-02
8.769713696840781419e-03
9.080864434453567863e-03
1.781265050215062595e-02
2.696159168942666856e-02
3.163081939726000713e-02
1.803860577294052331e-02
1.516162058249241260e-02
1.350510626503801000e-02
8.031499858526346472e-03
1.093742096417421247e-02
8.895150641446527076e-03
7.420424270521985138e-03
3.759220233811399244e-03
3.615086511704341220e-03
4.695547308162547132e-03
7.436229028590824949e-03
4.943233270113625913e-03
8.668778554320289570e-03
5.409161370567117794e-03
4.154724603814589738e-03
3.281418024862223747e-03
2.509070818256888859e-03
2.213534308815817177e-03
2.239785010837621378e-03
2.868531714208053928e-03
3.619958039839220841e-03
1.979255859463793614e-03
3.501665527584866145e-03
2.729541749183844127e-03
3.151571147932415162e-03
2.543929255157691745e-03
3.858911473102454373e-03
2.959109488987604012e-03
2.160156277660603159e-03
3.503196448849860579e-03
2.685292212521936395e-03
2.250790764742635446e-03
3.248493020877437666e-03
4.693002414458949736e-03
2.994874669484381795e-03
3.096752063775979214e-03
2.456150380095690425e-03
2.089073220212680874e-03
2.486353258624576356e-03
2.324879478870008065e-03
2.296870132024946432e-03
2.631439074170273396e-03
3.064426304798877846e-03
3.234744193597848157e-03
2.546128602589006404e-03
3.912086207972873680e-03
3.483987733137633089e-03
2.809788445812096570e-03
2.210930382204594202e-03
5.450604549825032244e-03
1.398228171728934516e-02
7.929276796521259399e-03
1.572230114736170720e-02
1.785159928619963268e-02
1.646574630553200233e-02
3.347073742782908506e-02
5.019559754665140622e-02
2.631628395245487473e-02
1.561554674371619725e-02
9.624378366519416653e-03
5.528687946882661700e-03
3.756150417503733175e-03
2.606116653609841065e-03
3.618067801087468047e-03
2.568915380890496834e-03
3.017967437754480974e-03
2.663008459079200130e-03
4.715468277407818508e-03
2.787769188378635445e-03
2.410576032902793115e-03
3.077119865038933401e-03
4.684028836312589296e-03
5.641843354865673857e-03
2.744630285839821070e-03
3.048889691453552341e-03
2.767640521545230645e-03
3.595554907029776311e-03
2.568418311853674658e-03
2.862963258363005956e-03
2.133508953825239817e-03
2.569253460296824169e-03
2.556287733005431061e-03
2.200977012602689954e-03
2.553192429715498129e-03
2.829296205932140939e-03
2.357677097192003007e-03
3.461675800296497036e-03
3.793586062169426124e-03
4.210792194874041910e-03
4.670509815598953597e-03
7.321701007804480923e-03
8.720660427218609317e-03
1.914298301644282857e-02
1.259498793711425965e-02
9.574974956304086252e-03
9.062762774260645429e-03
8.341778204691351756e-03
1.347212856039222209e-02
1.100676906750621895e-02
5.037201415955281335e-03
6.407828022357725008e-03
7.295683593193649438e-03
5.438609840954727360e-03
3.798878383821297552e-03
4.999795023158819067e-03
3.109037693048741485e-03
2.992507901928161650e-03
2.466516136311686525e-03
3.245518412349147636e-03
2.881695771445018199e-03
3.180799319151448104e-03
2.863497082845627498e-03
3.744341442223605380e-03
8.824698481884118290e-03
6.075856419013726632e-03
7.159701364769182827e-03
9.134255172708716231e-03
1.342513998176834804e-02
4.689827845458411325e-03
4.858483542766463964e-03
3.434268743461322757e-03
4.578260502836167464e-03
7.826987731500171727e-03
3.358141103211680772e-02
1.964583192644600226e-02
1.001963325447982264e-02
1.025245010498770752e-02
1.091686387289940614e-02
1.029386723324992280e-02
1.009381052236085589e-02
5.294154367021551739e-03
3.962994386911902756e-03
6.884959148528114678e-03
3.725073979971206799e-03
5.394698292854049025e-03
4.163747271633429919e-03
2.462022304878276179e-03
2.150893359700516410e-03
3.060199995669421903e-03
4.213860971651563724e-03
5.296263174271316834e-03
3.230941876014608704e-03
2.759946101855118624e-03
2.466729332971678412e-03
4.565553382597035623e-03
3.330180553919127439e-03
7.603138577371140218e-03
6.558867626277728805e-03
3.786016702635423056e-03
8.987588918214240233e-03
5.563841563817894208e-03
1.177281954566164641e-02
8.295476450227936074e-03
4.484807065159141480e-03
3.623793814623565371e-03
3.353117313357414312e-03
2.827001394324392576e-03
2.911773618206880965e-03
2.931639875230225307e-03
2.288189077245165060e-03
1.887222119036647324e-03
1.682342566018739773e-03
2.432766974850064656e-03
4.030885574770824362e-03
3.471585392661645508e-03
3.181753055579502210e-03
4.103558893877238059e-03
3.152486101411902230e-03
3.639269230796068552e-03
5.534584681851592060e-03
5.048944586926425518e-03
2.876120836379487608e-03
2.431624281491057311e-03
2.219642010998628193e-03
2.685866576527814499e-03
2.820966554315894673e-03
3.993415842057739668e-03
3.161657991345891670e-03
5.250498332448574022e-03
8.714788301916052277e-03
6.992030910183447481e-03
7.182868398621446854e-03
7.443841702307331734e-03
8.019914493601516814e-03
1.176461173516498392e-02
2.109023143587884438e-02
1.356037163608770149e-02
3.011488174879508109e-02
1.636074505184760899e-02
1.290293539312897635e-02
1.119100360938361273e-02
1.062776720979172022e-02
1.396127700290303135e-02
1.926441465050349536e-02
3.357192385210537589e-02
1.028788288350190872e-02
1.500987469272815726e-02
9.056676755924178771e-03
6.341081118751853984e-03
3.868587374409378655e-03
3.963365659282915530e-03
3.418353442142016852e-03
3.100568887763934574e-03
3.843561108788331755e-03
2.653962928906336127e-03
2.373116357889303030e-03
2.126301417885136796e-03
2.574099206350760095e-03
3.818097859555482244e-03
3.655386117500609554e-03
5.001523029214235104e-03
3.285169189040671681e-03
3.112899605844514882e-03
2.900879386303074469e-03
3.597684545540735281e-03
2.240942144081232729e-03
3.801869039980139680e-03
4.777189527845430821e-03
3.109276394192153105e-03
2.747974823963775064e-03
2.640268870965252045e-03
2.822974584244427806e-03
2.252118112097635429e-03
2.681021338848611942e-03
3.101677366217417669e-03
3.267625381396613640e-03
2.919294477886811515e-03
4.563683947942157731e-03
3.880381008895446900e-03
9.010558257014272820e-03
1.151077872672435359e-02
1.149743702075523184e-02
1.298280843246148349e-02
3.543933568933874817e-02
3.315407894988003229e-02
3.203622897230944816e-02
3.031997488007227154e-02
2.027923146403819848e-02
8.929965802247084514e-03
6.108261137220852982e-03
4.761897459341015923e-03
3.674221360551544434e-03
4.083449168780876708e-03
3.904419992119489979e-03
4.840788012257615444e-03
6.000140173684853119e-03
7.507793762967853411e-03
8.129751403113893993e-03
1.003233743909848034e-02
7.648969208694462139e-03
9.988291421347845339e-03
3.708310183332315726e-03
2.619974101047479152e-03
2.284509386736387378e-03
2.366492519059050070e-03
2.683320053732840115e-03
2.543462953768354032e-03
2.476862890657439108e-03
3.251153721061938139e-03
4.312365953187755584e-03
3.894330413375273348e-03
4.320277348879943136e-03
4.531261950065828062e-03
3.824826179101794080e-03
8.930509062193218994e-03
1.559644008639252122e-02
2.528784474765570153e-02
1.720198305583237400e-02
5.456189170938505716e-03
1.087805355538951080e-02
5.484304014492715797e-03
4.810846889610542049e-03
3.805162388339343275e-03
4.567743754902028885e-03
3.892263036669385817e-03
3.711533894623864939e-03
3.075874206048469228e-03
3.582604117835478871e-03
2.866361222049168545e-03
6.472532844008223145e-03
3.699642606913905798e-03
4.011796309554880625e-03
3.281128282178024779e-03
3.805726656912415684e-03
3.570451747550359382e-03
3.121478464208651566e-03
3.366043170577940214e-03
2.499399481605267190e-03
2.166892463242121002e-03
3.053444076115773616e-03
2.039670796266409951e-03
2.604982111772186602e-03
2.813874522967904288e-03
2.192660481315113555e-03
2.489477267727106032e-03
3.630572083090086773e-03
2.152059430327034860e-03
3.033971100242780980e-03
2.012162661653484237e-03
2.227399841386510943e-03
2.005032604892319301e-03
1.986807608698007085e-03
2.223131341238763527e-03
3.957373478751287019e-03
2.732182529133331001e-03
2.814818522952981013e-03
3.172413915343872976e-03
2.123518797402856005e-03
3.709280171108950488e-03
3.866060795021086446e-03
3.497594332106955355e-03
2.364627493944074666e-03
3.519522577809531313e-03
3.248318132647795564e-03
3.395266735602131374e-03
2.079707828754008211e-03
2.768309303484305442e-03
2.988908656655612020e-03
3.525137998773920575e-03
2.452415420213872703e-03
2.530613689605500441e-03
2.432810648342236329e-03
2.876458385956091445e-03
3.046430741480310889e-03
3.484227832582876237e-03
6.177256770211180317e-03
6.361985420329507868e-03
6.634402427466573604e-03
4.312843384768188897e-03
4.726033144315943887e-03
5.107260219126866577e-03
5.660752746671765881e-03
1.312566689525988643e-02
2.130531248283524387e-02
2.200290746022334418e-02
6.148133381324673297e-02
1.365232873342220668e-02
1.179954176387803394e-02
7.014238686258603660e-03
9.342251726111959823e-03
1.076122674127855290e-02
8.658257324852192821e-03
1.201789001368519690e-02
5.933810088234819924e-03
6.114677053970760806e-03
5.297630109545572487e-03
4.636190695013804423e-03
4.661239431287004555e-03
3.912821845482330335e-03
5.257315525230564154e-03
3.043610128317895784e-03
5.497265864190498987e-03
5.134815812753586693e-03
3.205590272568177579e-03
2.201006180678671386e-03
2.455002872536621913e-03
2.482651467053134230e-03
3.791613259485233749e-03
2.740721184011993793e-03
2.706201711087180984e-03
5.159314215054171433e-03
4.727581639634544780e-03
2.671214764842384185e-03
2.908154119809532555e-03
3.366779620353548344e-03
2.732931512506984410e-03
3.500463554276372728e-03
5.174287653024230681e-03
4.276348966674363948e-03
8.331814362796272078e-03
8.309239948339257331e-03
8.283144399760983961e-03
7.277779358029691677e-03
5.238149626747796127e-03
7.087498854587046329e-03
4.645439083729539266e-03
3.654655751299497150e-03
3.746017663079386460e-03
4.500580166563306235e-03
