0.000000000000000000e+00
1.258743688728866661e-01
2.517487377457733322e-01
3.776231066186599983e-01
5.034974754915466644e-01
6.293718443644333860e-01
7.552462132373199966e-01
8.811205821102066071e-01
1.006994950983093329e+00
1.132869319855980050e+00
1.258743688728866772e+00
1.384618057601753272e+00
1.510492426474639993e+00
1.636366795347526715e+00
1.762241164220413214e+00
1.888115533093299936e+00
2.013989901966186657e+00
2.139864270839073157e+00
2.265738639711960101e+00
2.391613008584846600e+00
2.517487377457733544e+00
2.643361746330620043e+00
2.769236115203506543e+00
2.895110484076393487e+00
3.020984852949279986e+00
3.146859221822166486e+00
3.272733590695053429e+00
3.398607959567939929e+00
3.524482328440826429e+00
3.650356697313713372e+00
3.776231066186599872e+00
3.902105435059486815e+00
4.027979803932373315e+00
4.153854172805259815e+00
4.279728541678146314e+00
4.405602910551033702e+00
4.531477279423920201e+00
4.657351648296806701e+00
4.783226017169693201e+00
4.909100386042579700e+00
5.034974754915467088e+00
5.160849123788353587e+00
5.286723492661240087e+00
5.412597861534126586e+00
5.538472230407013086e+00
5.664346599279899586e+00
5.790220968152786973e+00
5.916095337025673473e+00
6.041969705898559972e+00
6.167844074771446472e+00
6.293718443644332972e+00
6.419592812517220359e+00
6.545467181390106859e+00
6.671341550262993358e+00
6.797215919135879858e+00
6.923090288008766358e+00
7.048964656881652857e+00
7.174839025754540245e+00
7.300713394627426744e+00
7.426587763500313244e+00
7.552462132373199744e+00
7.678336501246086243e+00
7.804210870118973631e+00
7.930085238991860130e+00
8.055959607864746630e+00
8.181833976737634018e+00
8.307708345610519629e+00
8.433582714483407017e+00
8.559457083356292628e+00
8.685331452229180016e+00
8.811205821102067404e+00
8.937080189974953015e+00
9.062954558847840403e+00
9.188828927720726014e+00
9.314703296593613402e+00
9.440577665466500790e+00
9.566452034339386401e+00
9.692326403212273789e+00
9.818200772085159400e+00
9.944075140958046788e+00
1.006994950983093418e+01
1.019582387870381979e+01
1.032169824757670717e+01
1.044757261644959279e+01
1.057344698532248017e+01
1.069932135419536579e+01
1.082519572306825317e+01
1.095107009194114056e+01
1.107694446081402617e+01
1.120281882968691356e+01
1.132869319855979917e+01
1.145456756743268656e+01
1.158044193630557395e+01
1.170631630517845956e+01
1.183219067405134695e+01
1.195806504292423256e+01
1.208393941179711994e+01
1.220981378067000733e+01
1.233568814954289294e+01
1.246156251841578033e+01
1.258743688728866594e+01
1.271331125616155333e+01
1.283918562503444072e+01
1.296505999390732633e+01
1.309093436278021372e+01
1.321680873165309933e+01
1.334268310052598672e+01
1.346855746939887410e+01
1.359443183827175972e+01
1.372030620714464710e+01
1.384618057601753272e+01
1.397205494489042010e+01
1.409792931376330571e+01
1.422380368263619310e+01
1.434967805150908049e+01
1.447555242038196610e+01
1.460142678925485349e+01
1.472730115812773910e+01
1.485317552700062649e+01
1.497904989587351388e+01
1.510492426474639949e+01
1.523079863361928687e+01
1.535667300249217249e+01
1.548254737136505987e+01
1.560842174023794726e+01
1.573429610911083287e+01
1.586017047798372026e+01
1.598604484685660587e+01
1.611191921572949326e+01
1.623779358460237887e+01
1.636366795347526804e+01
1.648954232234815365e+01
1.661541669122103926e+01
1.674129106009392487e+01
1.686716542896681403e+01
1.699303979783969965e+01
1.711891416671258526e+01
1.724478853558547442e+01
1.737066290445836003e+01
1.749653727333124564e+01
1.762241164220413481e+01
1.774828601107702042e+01
1.787416037994990603e+01
1.800003474882279164e+01
1.812590911769568081e+01
1.825178348656856642e+01
1.837765785544145203e+01
1.850353222431434119e+01
1.862940659318722680e+01
1.875528096206011242e+01
1.888115533093300158e+01
1.900702969980588719e+01
1.913290406867877280e+01
1.925877843755165841e+01
1.938465280642454758e+01
1.951052717529743319e+01
1.963640154417031880e+01
1.976227591304320796e+01
1.988815028191609358e+01
2.001402465078897919e+01
2.013989901966186835e+01
2.026577338853475396e+01
2.039164775740763957e+01
2.051752212628052519e+01
2.064339649515341435e+01
2.076927086402629996e+01
2.089514523289918557e+01
2.102101960177207474e+01
2.114689397064496035e+01
2.127276833951784596e+01
2.139864270839073157e+01
2.152451707726362073e+01
2.165039144613650635e+01
2.177626581500939196e+01
2.190214018388228112e+01
2.202801455275516673e+01
2.215388892162805234e+01
2.227976329050094151e+01
2.240563765937382712e+01
2.253151202824671273e+01
2.265738639711959834e+01
2.278326076599248751e+01
2.290913513486537312e+01
2.303500950373825873e+01
2.316088387261114789e+01
2.328675824148403350e+01
2.341263261035691912e+01
2.353850697922980828e+01
2.366438134810269389e+01
2.379025571697557950e+01
2.391613008584846511e+01
2.404200445472135428e+01
2.416787882359423989e+01
2.429375319246712550e+01
2.441962756134001467e+01
2.454550193021290028e+01
2.467137629908578589e+01
2.479725066795867150e+01
2.492312503683156066e+01
2.504899940570444627e+01
2.517487377457733189e+01
2.530074814345022105e+01
2.542662251232310666e+01
2.555249688119599227e+01
2.567837125006888144e+01
2.580424561894176705e+01
2.593011998781465266e+01
2.605599435668753827e+01
2.618186872556042744e+01
2.630774309443331305e+01
2.643361746330619866e+01
2.655949183217908782e+01
2.668536620105197343e+01
2.681124056992485905e+01
2.693711493879774821e+01
2.706298930767063382e+01
2.718886367654351943e+01
2.731473804541640504e+01
2.744061241428929421e+01
2.756648678316217982e+01
2.769236115203506543e+01
2.781823552090795459e+01
2.794410988978084021e+01
2.806998425865372582e+01
2.819585862752661143e+01
2.832173299639950059e+01
2.844760736527238620e+01
2.857348173414527182e+01
2.869935610301816098e+01
2.882523047189104659e+01
2.895110484076393220e+01
2.907697920963682137e+01
2.920285357850970698e+01
2.932872794738259259e+01
2.945460231625547820e+01
2.958047668512836736e+01
2.970635105400125298e+01
2.983222542287413859e+01
2.995809979174702775e+01
3.008397416061991336e+01
3.020984852949279897e+01
3.033572289836568814e+01
3.046159726723857375e+01
3.058747163611145936e+01
3.071334600498434497e+01
3.083922037385723414e+01
3.096509474273011975e+01
3.109096911160300536e+01
3.121684348047589452e+01
3.134271784934878013e+01
3.146859221822166575e+01
3.159446658709455491e+01
3.172034095596744052e+01
3.184621532484032613e+01
3.197208969371321174e+01
3.209796406258610091e+01
3.222383843145898652e+01
3.234971280033187213e+01
3.247558716920475774e+01
3.260146153807764335e+01
3.272733590695053607e+01
3.285321027582342168e+01
3.297908464469630729e+01
3.310495901356919290e+01
3.323083338244207852e+01
3.335670775131496413e+01
3.348258212018784974e+01
3.360845648906074246e+01
3.373433085793362807e+01
3.386020522680651368e+01
3.398607959567939929e+01
3.411195396455228490e+01
3.423782833342517051e+01
3.436370270229806323e+01
3.448957707117094884e+01
3.461545144004383445e+01
3.474132580891672006e+01
3.486720017778960568e+01
3.499307454666249129e+01
3.511894891553537690e+01
3.524482328440826961e+01
3.537069765328115523e+01
3.549657202215404084e+01
3.562244639102692645e+01
3.574832075989981206e+01
3.587419512877269767e+01
3.600006949764558328e+01
3.612594386651847600e+01
3.625181823539136161e+01
3.637769260426424722e+01
3.650356697313713283e+01
3.662944134201001845e+01
3.675531571088290406e+01
3.688119007975578967e+01
3.700706444862868238e+01
3.713293881750156800e+01
3.725881318637445361e+01
3.738468755524733922e+01
3.751056192412022483e+01
3.763643629299311044e+01
3.776231066186600316e+01
3.788818503073888877e+01
3.801405939961177438e+01
3.813993376848465999e+01
3.826580813735754560e+01
3.839168250623043122e+01
3.851755687510331683e+01
3.864343124397620954e+01
3.876930561284909516e+01
3.889517998172198077e+01
3.902105435059486638e+01
3.914692871946775199e+01
3.927280308834063760e+01
3.939867745721352321e+01
3.952455182608641593e+01
3.965042619495930154e+01
3.977630056383218715e+01
3.990217493270507276e+01
4.002804930157795837e+01
4.015392367045084399e+01
4.027979803932373670e+01
4.040567240819662231e+01
4.053154677706950793e+01
4.065742114594239354e+01
4.078329551481527915e+01
4.090916988368816476e+01
4.103504425256105037e+01
4.116091862143394309e+01
4.128679299030682870e+01
4.141266735917971431e+01
4.153854172805259992e+01
4.166441609692548553e+01
4.179029046579837114e+01
4.191616483467125676e+01
4.204203920354414947e+01
4.216791357241703508e+01
4.229378794128992070e+01
4.241966231016280631e+01
4.254553667903569192e+01
4.267141104790857753e+01
4.279728541678146314e+01
4.292315978565435586e+01
4.304903415452724147e+01
4.317490852340012708e+01
4.330078289227301269e+01
4.342665726114589830e+01
4.355253163001878391e+01
4.367840599889167663e+01
4.380428036776456224e+01
4.393015473663744785e+01
4.405602910551033347e+01
4.418190347438321908e+01
4.430777784325610469e+01
4.443365221212899030e+01
4.455952658100188302e+01
4.468540094987476863e+01
4.481127531874765424e+01
4.493714968762053985e+01
4.506302405649342546e+01
4.518889842536631107e+01
4.531477279423919668e+01
4.544064716311208940e+01
4.556652153198497501e+01
4.569239590085786062e+01
4.581827026973074624e+01
4.594414463860363185e+01
4.607001900747651746e+01
4.619589337634940307e+01
4.632176774522229579e+01
4.644764211409518140e+01
4.657351648296806701e+01
4.669939085184095262e+01
4.682526522071383823e+01
4.695113958958672384e+01
4.707701395845961656e+01
4.720288832733250217e+01
4.732876269620538778e+01
4.745463706507827339e+01
4.758051143395115901e+01
4.770638580282404462e+01
4.783226017169693023e+01
4.795813454056982295e+01
4.808400890944270856e+01
4.820988327831559417e+01
4.833575764718847978e+01
4.846163201606136539e+01
4.858750638493425100e+01
4.871338075380713661e+01
4.883925512268002933e+01
4.896512949155291494e+01
4.909100386042580055e+01
4.921687822929868616e+01
4.934275259817157178e+01
4.946862696704445739e+01
4.959450133591734300e+01
4.972037570479023572e+01
4.984625007366312133e+01
4.997212444253600694e+01
5.009799881140889255e+01
5.022387318028177816e+01
5.034974754915466377e+01
5.047562191802755649e+01
5.060149628690044210e+01
5.072737065577332771e+01
5.085324502464621332e+01
5.097911939351909894e+01
5.110499376239198455e+01
5.123086813126487016e+01
5.135674250013776287e+01
5.148261686901064849e+01
5.160849123788353410e+01
5.173436560675641971e+01
5.186023997562930532e+01
5.198611434450219093e+01
5.211198871337507654e+01
5.223786308224796926e+01
5.236373745112085487e+01
5.248961181999374048e+01
5.261548618886662609e+01
5.274136055773951171e+01
5.286723492661239732e+01
5.299310929548528293e+01
5.311898366435817564e+01
5.324485803323106126e+01
5.337073240210394687e+01
5.349660677097683248e+01
5.362248113984971809e+01
5.374835550872260370e+01
5.387422987759549642e+01
5.400010424646838203e+01
5.412597861534126764e+01
5.425185298421415325e+01
5.437772735308703886e+01
5.450360172195992448e+01
5.462947609083281009e+01
5.475535045970570280e+01
5.488122482857858841e+01
5.500709919745147403e+01
5.513297356632435964e+01
5.525884793519724525e+01
5.538472230407013086e+01
5.551059667294301647e+01
5.563647104181590919e+01
5.576234541068879480e+01
5.588821977956168041e+01
5.601409414843456602e+01
5.613996851730745163e+01
5.626584288618033725e+01
5.639171725505322286e+01
5.651759162392611557e+01
5.664346599279900119e+01
5.676934036167188680e+01
5.689521473054477241e+01
5.702108909941765802e+01
5.714696346829054363e+01
5.727283783716343635e+01
5.739871220603632196e+01
5.752458657490920757e+01
5.765046094378209318e+01
5.777633531265497879e+01
5.790220968152786440e+01
5.802808405040075002e+01
5.815395841927364273e+01
5.827983278814652834e+01
5.840570715701941396e+01
5.853158152589229957e+01
5.865745589476518518e+01
5.878333026363807079e+01
5.890920463251095640e+01
5.903507900138384912e+01
5.916095337025673473e+01
5.928682773912962034e+01
5.941270210800250595e+01
5.953857647687539156e+01
5.966445084574827717e+01
5.979032521462116989e+01
5.991619958349405550e+01
6.004207395236694111e+01
6.016794832123982673e+01
6.029382269011271234e+01
6.041969705898559795e+01
6.054557142785848356e+01
6.067144579673137628e+01
6.079732016560426189e+01
6.092319453447714750e+01
6.104906890335003311e+01
6.117494327222291872e+01
6.130081764109580433e+01
6.142669200996868994e+01
6.155256637884158266e+01
6.167844074771446827e+01
6.180431511658735388e+01
6.193018948546023950e+01
6.205606385433312511e+01
6.218193822320601072e+01
6.230781259207889633e+01
6.243368696095178905e+01
6.255956132982467466e+01
6.268543569869756027e+01
6.281131006757044588e+01
6.293718443644333149e+01
6.306305880531621710e+01
6.318893317418910982e+01
6.331480754306199543e+01
6.344068191193488104e+01
6.356655628080776665e+01
6.369243064968065227e+01
6.381830501855353788e+01
6.394417938742642349e+01
6.407005375629931621e+01
6.419592812517220182e+01
6.432180249404508743e+01
6.444767686291797304e+01
6.457355123179085865e+01
6.469942560066374426e+01
6.482529996953662987e+01
6.495117433840951549e+01
6.507704870728240110e+01
6.520292307615528671e+01
6.532879744502818653e+01
6.545467181390107214e+01
6.558054618277395775e+01
6.570642055164684336e+01
6.583229492051972898e+01
6.595816928939261459e+01
6.608404365826550020e+01
6.620991802713838581e+01
6.633579239601127142e+01
6.646166676488415703e+01
6.658754113375704264e+01
6.671341550262992826e+01
6.683928987150281387e+01
6.696516424037569948e+01
6.709103860924859930e+01
6.721691297812148491e+01
6.734278734699437052e+01
6.746866171586725613e+01
6.759453608474014175e+01
6.772041045361302736e+01
6.784628482248591297e+01
6.797215919135879858e+01
6.809803356023168419e+01
6.822390792910456980e+01
6.834978229797745541e+01
6.847565666685034103e+01
6.860153103572322664e+01
6.872740540459612646e+01
6.885327977346901207e+01
6.897915414234189768e+01
6.910502851121478329e+01
6.923090288008766890e+01
6.935677724896055452e+01
6.948265161783344013e+01
6.960852598670632574e+01
6.973440035557921135e+01
6.986027472445209696e+01
6.998614909332498257e+01
7.011202346219786818e+01
7.023789783107075380e+01
7.036377219994363941e+01
7.048964656881653923e+01
7.061552093768942484e+01
7.074139530656231045e+01
7.086726967543519606e+01
7.099314404430808167e+01
7.111901841318096729e+01
7.124489278205385290e+01
7.137076715092673851e+01
7.149664151979962412e+01
7.162251588867250973e+01
7.174839025754539534e+01
7.187426462641828095e+01
7.200013899529116657e+01
7.212601336416406639e+01
7.225188773303695200e+01
7.237776210190983761e+01
7.250363647078272322e+01
7.262951083965560883e+01
7.275538520852849445e+01
7.288125957740138006e+01
7.300713394627426567e+01
7.313300831514715128e+01
7.325888268402003689e+01
7.338475705289292250e+01
7.351063142176580811e+01
7.363650579063869372e+01
7.376238015951157934e+01
7.388825452838447916e+01
7.401412889725736477e+01
7.414000326613025038e+01
7.426587763500313599e+01
7.439175200387602160e+01
7.451762637274890722e+01
7.464350074162179283e+01
7.476937511049467844e+01
7.489524947936756405e+01
7.502112384824044966e+01
7.514699821711333527e+01
7.527287258598622088e+01
7.539874695485910649e+01
7.552462132373200632e+01
7.565049569260489193e+01
7.577637006147777754e+01
7.590224443035066315e+01
7.602811879922354876e+01
7.615399316809643437e+01
7.627986753696931999e+01
7.640574190584220560e+01
7.653161627471509121e+01
7.665749064358797682e+01
7.678336501246086243e+01
7.690923938133374804e+01
7.703511375020663365e+01
7.716098811907951927e+01
7.728686248795241909e+01
7.741273685682530470e+01
7.753861122569819031e+01
7.766448559457107592e+01
7.779035996344396153e+01
7.791623433231684714e+01
7.804210870118973276e+01
7.816798307006261837e+01
7.829385743893550398e+01
7.841973180780838959e+01
7.854560617668127520e+01
7.867148054555416081e+01
7.879735491442704642e+01
7.892322928329994625e+01
7.904910365217283186e+01
7.917497802104571747e+01
7.930085238991860308e+01
7.942672675879148869e+01
7.955260112766437430e+01
7.967847549653725991e+01
7.980434986541014553e+01
7.993022423428303114e+01
8.005609860315591675e+01
8.018197297202880236e+01
8.030784734090168797e+01
8.043372170977457358e+01
8.055959607864747340e+01
8.068547044752035902e+01
8.081134481639324463e+01
8.093721918526613024e+01
8.106309355413901585e+01
8.118896792301190146e+01
8.131484229188478707e+01
8.144071666075767268e+01
8.156659102963055830e+01
8.169246539850344391e+01
8.181833976737632952e+01
8.194421413624921513e+01
8.207008850512210074e+01
8.219596287399498635e+01
8.232183724286788618e+01
8.244771161174077179e+01
8.257358598061365740e+01
8.269946034948654301e+01
8.282533471835942862e+01
8.295120908723231423e+01
8.307708345610519984e+01
8.320295782497808545e+01
8.332883219385097107e+01
8.345470656272385668e+01
8.358058093159674229e+01
8.370645530046962790e+01
8.383232966934251351e+01
8.395820403821541333e+01
8.408407840708829895e+01
8.420995277596118456e+01
8.433582714483407017e+01
8.446170151370695578e+01
8.458757588257984139e+01
8.471345025145272700e+01
8.483932462032561261e+01
8.496519898919849823e+01
8.509107335807138384e+01
8.521694772694426945e+01
8.534282209581715506e+01
8.546869646469004067e+01
8.559457083356292628e+01
8.572044520243582610e+01
8.584631957130871172e+01
8.597219394018159733e+01
8.609806830905448294e+01
8.622394267792736855e+01
8.634981704680025416e+01
8.647569141567313977e+01
8.660156578454602538e+01
8.672744015341891100e+01
8.685331452229179661e+01
8.697918889116468222e+01
8.710506326003756783e+01
8.723093762891045344e+01
8.735681199778335326e+01
8.748268636665623887e+01
8.760856073552912449e+01
8.773443510440201010e+01
8.786030947327489571e+01
8.798618384214778132e+01
8.811205821102066693e+01
8.823793257989355254e+01
8.836380694876643815e+01
8.848968131763932377e+01
8.861555568651220938e+01
8.874143005538509499e+01
8.886730442425798060e+01
8.899317879313086621e+01
8.911905316200376603e+01
8.924492753087665164e+01
8.937080189974953726e+01
8.949667626862242287e+01
8.962255063749530848e+01
8.974842500636819409e+01
8.987429937524107970e+01
9.000017374411396531e+01
9.012604811298685092e+01
9.025192248185973654e+01
9.037779685073262215e+01
9.050367121960550776e+01
9.062954558847839337e+01
9.075541995735129319e+01
9.088129432622417880e+01
9.100716869509706441e+01
9.113304306396995003e+01
9.125891743284283564e+01
9.138479180171572125e+01
9.151066617058860686e+01
9.163654053946149247e+01
9.176241490833437808e+01
9.188828927720726369e+01
9.201416364608014931e+01
9.214003801495303492e+01
9.226591238382592053e+01
9.239178675269880614e+01
9.251766112157170596e+01
9.264353549044459157e+01
9.276940985931747718e+01
9.289528422819036280e+01
9.302115859706324841e+01
9.314703296593613402e+01
9.327290733480901963e+01
9.339878170368190524e+01
9.352465607255479085e+01
9.365053044142767646e+01
9.377640481030056208e+01
9.390227917917344769e+01
9.402815354804633330e+01
9.415402791691923312e+01
9.427990228579211873e+01
9.440577665466500434e+01
9.453165102353788996e+01
9.465752539241077557e+01
9.478339976128366118e+01
9.490927413015654679e+01
9.503514849902943240e+01
9.516102286790231801e+01
9.528689723677520362e+01
9.541277160564808923e+01
9.553864597452097485e+01
9.566452034339386046e+01
9.579039471226674607e+01
9.591626908113964589e+01
9.604214345001253150e+01
9.616801781888541711e+01
9.629389218775830273e+01
9.641976655663118834e+01
9.654564092550407395e+01
9.667151529437695956e+01
9.679738966324984517e+01
9.692326403212273078e+01
9.704913840099561639e+01
9.717501276986850201e+01
9.730088713874138762e+01
9.742676150761427323e+01
9.755263587648717305e+01
9.767851024536005866e+01
9.780438461423294427e+01
9.793025898310582988e+01
9.805613335197871550e+01
9.818200772085160111e+01
9.830788208972448672e+01
9.843375645859737233e+01
9.855963082747025794e+01
9.868550519634314355e+01
9.881137956521602916e+01
9.893725393408891478e+01
9.906312830296180039e+01
9.918900267183468600e+01
9.931487704070758582e+01
9.944075140958047143e+01
9.956662577845335704e+01
9.969250014732624265e+01
9.981837451619912827e+01
9.994424888507201388e+01
1.000701232539448995e+02
1.001959976228177851e+02
1.003218719916906707e+02
1.004477463605635563e+02
1.005736207294364419e+02
1.006994950983093275e+02
1.008253694671822132e+02
1.009512438360551130e+02
1.010771182049279986e+02
1.012029925738008842e+02
1.013288669426737698e+02
1.014547413115466554e+02
1.015806156804195410e+02
1.017064900492924266e+02
1.018323644181653123e+02
1.019582387870381979e+02
1.020841131559110835e+02
1.022099875247839691e+02
1.023358618936568547e+02
1.024617362625297403e+02
1.025876106314026259e+02
1.027134850002755257e+02
1.028393593691484114e+02
1.029652337380212970e+02
1.030911081068941826e+02
1.032169824757670682e+02
1.033428568446399538e+02
1.034687312135128394e+02
1.035946055823857250e+02
1.037204799512586106e+02
1.038463543201314963e+02
1.039722286890043819e+02
1.040981030578772675e+02
1.042239774267501531e+02
1.043498517956230529e+02
1.044757261644959385e+02
1.046016005333688241e+02
1.047274749022417097e+02
1.048533492711145954e+02
1.049792236399874810e+02
1.051050980088603666e+02
1.052309723777332522e+02
1.053568467466061378e+02
1.054827211154790234e+02
1.056085954843519090e+02
1.057344698532247946e+02
1.058603442220976802e+02
1.059862185909705659e+02
1.061120929598434657e+02
1.062379673287163513e+02
1.063638416975892369e+02
1.064897160664621225e+02
1.066155904353350081e+02
1.067414648042078937e+02
1.068673391730807793e+02
1.069932135419536650e+02
1.071190879108265506e+02
1.072449622796994362e+02
1.073708366485723218e+02
1.074967110174452074e+02
1.076225853863180930e+02
1.077484597551909928e+02
1.078743341240638784e+02
1.080002084929367641e+02
1.081260828618096497e+02
1.082519572306825353e+02
1.083778315995554209e+02
1.085037059684283065e+02
1.086295803373011921e+02
1.087554547061740777e+02
1.088813290750469633e+02
1.090072034439198490e+02
1.091330778127927346e+02
1.092589521816656202e+02
1.093848265505385058e+02
1.095107009194114056e+02
1.096365752882842912e+02
1.097624496571571768e+02
1.098883240260300624e+02
1.100141983949029481e+02
1.101400727637758337e+02
1.102659471326487193e+02
1.103918215015216049e+02
1.105176958703944905e+02
1.106435702392673761e+02
1.107694446081402617e+02
1.108953189770131473e+02
1.110211933458860329e+02
1.111470677147589328e+02
1.112729420836318184e+02
1.113988164525047040e+02
1.115246908213775896e+02
1.116505651902504752e+02
1.117764395591233608e+02
1.119023139279962464e+02
1.120281882968691320e+02
1.121540626657420177e+02
1.122799370346149033e+02
1.124058114034877889e+02
1.125316857723606745e+02
1.126575601412335601e+02
1.127834345101064457e+02
1.129093088789793455e+02
1.130351832478522311e+02
1.131610576167251168e+02
1.132869319855980024e+02
1.134128063544708880e+02
1.135386807233437736e+02
1.136645550922166592e+02
1.137904294610895448e+02
1.139163038299624304e+02
1.140421781988353160e+02
1.141680525677082017e+02
1.142939269365810873e+02
1.144198013054539729e+02
1.145456756743268727e+02
1.146715500431997583e+02
1.147974244120726439e+02
1.149232987809455295e+02
1.150491731498184151e+02
1.151750475186913008e+02
1.153009218875641864e+02
1.154267962564370720e+02
1.155526706253099576e+02
1.156785449941828432e+02
1.158044193630557288e+02
1.159302937319286144e+02
1.160561681008015000e+02
1.161820424696743999e+02
1.163079168385472855e+02
1.164337912074201711e+02
1.165596655762930567e+02
1.166855399451659423e+02
1.168114143140388279e+02
1.169372886829117135e+02
1.170631630517845991e+02
1.171890374206574847e+02
1.173149117895303704e+02
1.174407861584032560e+02
1.175666605272761416e+02
1.176925348961490272e+02
1.178184092650219128e+02
1.179442836338948126e+02
1.180701580027676982e+02
1.181960323716405838e+02
1.183219067405134695e+02
1.184477811093863551e+02
1.185736554782592407e+02
1.186995298471321263e+02
1.188254042160050119e+02
1.189512785848778975e+02
1.190771529537507831e+02
1.192030273226236687e+02
1.193289016914965543e+02
1.194547760603694400e+02
1.195806504292423398e+02
1.197065247981152254e+02
1.198323991669881110e+02
1.199582735358609966e+02
1.200841479047338822e+02
1.202100222736067678e+02
1.203358966424796535e+02
1.204617710113525391e+02
1.205876453802254247e+02
1.207135197490983103e+02
1.208393941179711959e+02
1.209652684868440815e+02
1.210911428557169671e+02
1.212170172245898527e+02
1.213428915934627526e+02
1.214687659623356382e+02
1.215946403312085238e+02
1.217205147000814094e+02
1.218463890689542950e+02
1.219722634378271806e+02
1.220981378067000662e+02
1.222240121755729518e+02
1.223498865444458374e+02
1.224757609133187231e+02
1.226016352821916087e+02
1.227275096510644943e+02
1.228533840199373799e+02
1.229792583888102797e+02
1.231051327576831653e+02
1.232310071265560509e+02
1.233568814954289365e+02
1.234827558643018222e+02
1.236086302331747078e+02
1.237345046020475934e+02
1.238603789709204790e+02
1.239862533397933646e+02
1.241121277086662502e+02
1.242380020775391358e+02
1.243638764464120214e+02
1.244897508152849070e+02
1.246156251841577927e+02
1.247414995530306925e+02
1.248673739219035781e+02
1.249932482907764637e+02
1.251191226596493493e+02
1.252449970285222349e+02
1.253708713973951205e+02
1.254967457662680062e+02
1.256226201351408918e+02
1.257484945040137774e+02
1.258743688728866630e+02
1.260002432417595486e+02
1.261261176106324342e+02
1.262519919795053198e+02
1.263778663483782196e+02
1.265037407172511053e+02
1.266296150861239909e+02
1.267554894549968765e+02
1.268813638238697621e+02
1.270072381927426477e+02
1.271331125616155333e+02
1.272589869304884189e+02
1.273848612993613045e+02
1.275107356682341901e+02
1.276366100371070758e+02
1.277624844059799614e+02
1.278883587748528470e+02
1.280142331437257326e+02
1.281401075125986324e+02
1.282659818814715038e+02
1.283918562503444036e+02
1.285177306192172750e+02
1.286436049880901749e+02
1.287694793569630463e+02
1.288953537258359461e+02
1.290212280947088459e+02
1.291471024635817173e+02
1.292729768324546171e+02
1.293988512013274885e+02
1.295247255702003883e+02
1.296505999390732597e+02
1.297764743079461596e+02
1.299023486768190310e+02
1.300282230456919308e+02
1.301540974145648022e+02
1.302799717834377020e+02
1.304058461523105734e+02
1.305317205211834732e+02
1.306575948900563731e+02
1.307834692589292445e+02
1.309093436278021443e+02
1.310352179966750157e+02
1.311610923655479155e+02
1.312869667344207869e+02
1.314128411032936867e+02
1.315387154721665581e+02
1.316645898410394580e+02
1.317904642099123294e+02
1.319163385787852292e+02
1.320422129476581006e+02
1.321680873165310004e+02
1.322939616854039002e+02
1.324198360542767716e+02
1.325457104231496714e+02
1.326715847920225428e+02
1.327974591608954427e+02
1.329233335297683141e+02
1.330492078986412139e+02
1.331750822675140853e+02
1.333009566363869851e+02
1.334268310052598565e+02
1.335527053741327563e+02
1.336785797430056277e+02
1.338044541118785276e+02
1.339303284807513990e+02
1.340562028496242988e+02
1.341820772184971986e+02
1.343079515873700700e+02
1.344338259562429698e+02
1.345597003251158412e+02
1.346855746939887410e+02
1.348114490628616124e+02
1.349373234317345123e+02
1.350631978006073837e+02
1.351890721694802835e+02
1.353149465383531549e+02
1.354408209072260547e+02
1.355666952760989261e+02
1.356925696449718259e+02
1.358184440138447258e+02
1.359443183827175972e+02
1.360701927515904970e+02
1.361960671204633684e+02
1.363219414893362682e+02
1.364478158582091396e+02
1.365736902270820394e+02
1.366995645959549108e+02
1.368254389648278107e+02
1.369513133337006821e+02
1.370771877025735819e+02
1.372030620714464533e+02
1.373289364403193531e+02
1.374548108091922529e+02
1.375806851780651243e+02
1.377065595469380241e+02
1.378324339158108955e+02
1.379583082846837954e+02
1.380841826535566668e+02
1.382100570224295666e+02
1.383359313913024380e+02
1.384618057601753378e+02
1.385876801290482092e+02
1.387135544979211090e+02
1.388394288667939804e+02
1.389653032356668803e+02
1.390911776045397801e+02
1.392170519734126515e+02
1.393429263422855513e+02
1.394688007111584227e+02
1.395946750800313225e+02
1.397205494489041939e+02
1.398464238177770937e+02
1.399722981866499651e+02
1.400981725555228650e+02
1.402240469243957364e+02
1.403499212932686362e+02
1.404757956621415076e+02
1.406016700310144074e+02
1.407275443998872788e+02
1.408534187687601786e+02
1.409792931376330785e+02
1.411051675065059499e+02
1.412310418753788497e+02
1.413569162442517211e+02
1.414827906131246209e+02
1.416086649819974923e+02
1.417345393508703921e+02
1.418604137197432635e+02
1.419862880886161633e+02
1.421121624574890348e+02
1.422380368263619346e+02
1.423639111952348060e+02
1.424897855641077058e+02
1.426156599329806056e+02
1.427415343018534770e+02
1.428674086707263768e+02
1.429932830395992482e+02
1.431191574084721481e+02
1.432450317773450195e+02
1.433709061462179193e+02
1.434967805150907907e+02
1.436226548839636905e+02
1.437485292528365619e+02
1.438744036217094617e+02
1.440002779905823331e+02
1.441261523594552330e+02
1.442520267283281328e+02
1.443779010972010042e+02
1.445037754660739040e+02
1.446296498349467754e+02
1.447555242038196752e+02
1.448813985726925466e+02
1.450072729415654464e+02
1.451331473104383178e+02
1.452590216793112177e+02
1.453848960481840891e+02
1.455107704170569889e+02
1.456366447859298603e+02
1.457625191548027601e+02
1.458883935236756599e+02
1.460142678925485313e+02
1.461401422614214312e+02
1.462660166302943026e+02
1.463918909991672024e+02
1.465177653680400738e+02
1.466436397369129736e+02
1.467695141057858450e+02
1.468953884746587448e+02
1.470212628435316162e+02
1.471471372124045160e+02
1.472730115812773874e+02
1.473988859501502873e+02
1.475247603190231587e+02
1.476506346878960585e+02
1.477765090567689583e+02
1.479023834256418297e+02
1.480282577945147295e+02
1.481541321633876009e+02
1.482800065322605008e+02
1.484058809011333722e+02
1.485317552700062720e+02
1.486576296388791434e+02
1.487835040077520432e+02
1.489093783766249146e+02
1.490352527454978144e+02
1.491611271143706858e+02
1.492870014832435857e+02
1.494128758521164855e+02
1.495387502209893569e+02
1.496646245898622567e+02
1.497904989587351281e+02
1.499163733276080279e+02
1.500422476964808993e+02
1.501681220653537991e+02
1.502939964342266705e+02
1.504198708030995704e+02
1.505457451719724418e+02
1.506716195408453416e+02
1.507974939097182130e+02
1.509233682785911128e+02
1.510492426474640126e+02
1.511751170163368840e+02
1.513009913852097839e+02
1.514268657540826553e+02
1.515527401229555551e+02
1.516786144918284265e+02
1.518044888607013263e+02
1.519303632295741977e+02
1.520562375984470975e+02
1.521821119673199689e+02
1.523079863361928687e+02
1.524338607050657401e+02
1.525597350739386400e+02
1.526856094428115398e+02
1.528114838116844112e+02
1.529373581805573110e+02
1.530632325494301824e+02
1.531891069183030822e+02
1.533149812871759536e+02
1.534408556560488535e+02
1.535667300249217249e+02
1.536926043937946247e+02
1.538184787626674961e+02
1.539443531315403959e+02
1.540702275004132673e+02
1.541961018692861671e+02
1.543219762381590385e+02
1.544478506070319384e+02
1.545737249759048382e+02
1.546995993447777096e+02
1.548254737136506094e+02
1.549513480825234808e+02
1.550772224513963806e+02
1.552030968202692520e+02
1.553289711891421518e+02
1.554548455580150232e+02
1.555807199268879231e+02
1.557065942957607945e+02
1.558324686646336943e+02
1.559583430335065657e+02
1.560842174023794655e+02
1.562100917712523653e+02
1.563359661401252367e+02
1.564618405089981366e+02
1.565877148778710080e+02
1.567135892467439078e+02
1.568394636156167792e+02
1.569653379844896790e+02
1.570912123533625504e+02
1.572170867222354502e+02
1.573429610911083216e+02
1.574688354599812214e+02
1.575947098288540928e+02
1.577205841977269927e+02
1.578464585665998925e+02
1.579723329354727639e+02
1.580982073043456637e+02
1.582240816732185351e+02
1.583499560420914349e+02
1.584758304109643063e+02
1.586017047798372062e+02
1.587275791487100776e+02
1.588534535175829774e+02
1.589793278864558488e+02
1.591052022553287486e+02
1.592310766242016200e+02
1.593569509930745198e+02
1.594828253619474197e+02
1.596086997308202911e+02
1.597345740996931909e+02
1.598604484685660623e+02
1.599863228374389621e+02
1.601121972063118335e+02
1.602380715751847333e+02
1.603639459440576047e+02
1.604898203129305045e+02
1.606156946818033759e+02
1.607415690506762758e+02
1.608674434195491472e+02
1.609933177884220470e+02
1.611191921572949468e+02
1.612450665261678182e+02
1.613709408950407180e+02
1.614968152639135894e+02
1.616226896327864893e+02
1.617485640016593607e+02
1.618744383705322605e+02
1.620003127394051319e+02
1.621261871082780317e+02
1.622520614771509031e+02
1.623779358460238029e+02
1.625038102148966743e+02
1.626296845837695741e+02
1.627555589526424455e+02
1.628814333215153454e+02
1.630073076903882452e+02
1.631331820592611166e+02
1.632590564281340164e+02
1.633849307970068878e+02
1.635108051658797876e+02
1.636366795347526590e+02
1.637625539036255589e+02
1.638884282724984303e+02
1.640143026413713301e+02
1.641401770102442015e+02
1.642660513791171013e+02
1.643919257479899727e+02
1.645178001168628725e+02
1.646436744857357724e+02
1.647695488546086438e+02
1.648954232234815436e+02
1.650212975923544150e+02
1.651471719612273148e+02
1.652730463301001862e+02
1.653989206989730860e+02
1.655247950678459574e+02
1.656506694367188572e+02
1.657765438055917286e+02
1.659024181744646285e+02
1.660282925433374999e+02
1.661541669122103997e+02
1.662800412810832995e+02
1.664059156499561709e+02
1.665317900188290707e+02
1.666576643877019421e+02
1.667835387565748420e+02
1.669094131254477134e+02
1.670352874943206132e+02
1.671611618631934846e+02
1.672870362320663844e+02
1.674129106009392558e+02
1.675387849698121556e+02
1.676646593386850270e+02
1.677905337075579268e+02
1.679164080764308267e+02
1.680422824453036981e+02
1.681681568141765979e+02
1.682940311830494693e+02
1.684199055519223691e+02
1.685457799207952405e+02
1.686716542896681403e+02
1.687975286585410117e+02
1.689234030274139116e+02
1.690492773962867830e+02
1.691751517651596828e+02
1.693010261340325542e+02
1.694269005029054540e+02
1.695527748717783254e+02
1.696786492406512252e+02
1.698045236095241250e+02
1.699303979783969965e+02
1.700562723472698963e+02
1.701821467161427677e+02
1.703080210850156675e+02
1.704338954538885389e+02
1.705597698227614387e+02
1.706856441916343101e+02
1.708115185605072099e+02
1.709373929293800813e+02
1.710632672982529812e+02
1.711891416671258526e+02
1.713150160359987524e+02
1.714408904048716522e+02
1.715667647737445236e+02
1.716926391426174234e+02
1.718185135114902948e+02
1.719443878803631947e+02
1.720702622492360661e+02
1.721961366181089659e+02
1.723220109869818373e+02
1.724478853558547371e+02
1.725737597247276085e+02
1.726996340936005083e+02
1.728255084624733797e+02
1.729513828313462795e+02
1.730772572002191794e+02
1.732031315690920508e+02
1.733290059379649506e+02
1.734548803068378220e+02
1.735807546757107218e+02
1.737066290445835932e+02
1.738325034134564930e+02
1.739583777823293644e+02
1.740842521512022643e+02
1.742101265200751357e+02
1.743360008889480355e+02
1.744618752578209069e+02
1.745877496266938067e+02
1.747136239955667065e+02
1.748394983644395779e+02
1.749653727333124777e+02
1.750912471021853491e+02
1.752171214710582490e+02
1.753429958399311204e+02
1.754688702088040202e+02
1.755947445776768916e+02
1.757206189465497914e+02
1.758464933154226628e+02
1.759723676842955626e+02
1.760982420531684340e+02
1.762241164220413339e+02
1.763499907909142053e+02
1.764758651597871051e+02
1.766017395286600049e+02
1.767276138975328763e+02
1.768534882664057761e+02
1.769793626352786475e+02
1.771052370041515474e+02
1.772311113730244188e+02
1.773569857418973186e+02
1.774828601107701900e+02
1.776087344796430898e+02
1.777346088485159612e+02
1.778604832173888610e+02
1.779863575862617324e+02
1.781122319551346322e+02
1.782381063240075321e+02
1.783639806928804035e+02
1.784898550617533033e+02
1.786157294306261747e+02
1.787416037994990745e+02
1.788674781683719459e+02
1.789933525372448457e+02
1.791192269061177171e+02
1.792451012749906170e+02
1.793709756438634884e+02
1.794968500127363882e+02
1.796227243816092596e+02
1.797485987504821594e+02
1.798744731193550592e+02
1.800003474882279306e+02
1.801262218571008304e+02
1.802520962259737018e+02
1.803779705948466017e+02
1.805038449637194731e+02
1.806297193325923729e+02
1.807555937014652443e+02
1.808814680703381441e+02
1.810073424392110155e+02
1.811332168080839153e+02
1.812590911769567867e+02
1.813849655458296866e+02
1.815108399147025864e+02
1.816367142835754578e+02
1.817625886524483576e+02
1.818884630213212290e+02
1.820143373901941288e+02
1.821402117590670002e+02
1.822660861279399001e+02
1.823919604968127715e+02
1.825178348656856713e+02
1.826437092345585427e+02
1.827695836034314425e+02
1.828954579723043139e+02
1.830213323411772137e+02
1.831472067100500851e+02
1.832730810789229849e+02
1.833989554477958848e+02
1.835248298166687562e+02
1.836507041855416560e+02
1.837765785544145274e+02
1.839024529232874272e+02
1.840283272921602986e+02
1.841542016610331984e+02
1.842800760299060698e+02
1.844059503987789697e+02
1.845318247676518411e+02
1.846576991365247409e+02
1.847835735053976123e+02
1.849094478742705121e+02
1.850353222431434119e+02
1.851611966120162833e+02
1.852870709808891831e+02
1.854129453497620545e+02
1.855388197186349544e+02
1.856646940875078258e+02
1.857905684563807256e+02
1.859164428252535970e+02
1.860423171941264968e+02
1.861681915629993682e+02
1.862940659318722680e+02
1.864199403007451394e+02
1.865458146696180393e+02
1.866716890384909391e+02
1.867975634073638105e+02
1.869234377762367103e+02
1.870493121451095817e+02
1.871751865139824815e+02
1.873010608828553529e+02
1.874269352517282528e+02
1.875528096206011242e+02
1.876786839894740240e+02
1.878045583583468954e+02
1.879304327272197952e+02
1.880563070960926666e+02
1.881821814649655664e+02
1.883080558338384662e+02
1.884339302027113376e+02
1.885598045715842375e+02
1.886856789404571089e+02
1.888115533093300087e+02
1.889374276782028801e+02
1.890633020470757799e+02
1.891891764159486513e+02
1.893150507848215511e+02
1.894409251536944225e+02
1.895667995225673224e+02
1.896926738914401938e+02
1.898185482603130936e+02
1.899444226291859650e+02
1.900702969980588648e+02
1.901961713669317646e+02
1.903220457358046360e+02
1.904479201046775358e+02
1.905737944735504072e+02
1.906996688424233071e+02
1.908255432112961785e+02
1.909514175801690783e+02
1.910772919490419497e+02
1.912031663179148495e+02
1.913290406867877209e+02
1.914549150556606207e+02
1.915807894245334921e+02
1.917066637934063920e+02
1.918325381622792918e+02
1.919584125311521632e+02
1.920842869000250630e+02
1.922101612688979344e+02
1.923360356377708342e+02
1.924619100066437056e+02
1.925877843755166055e+02
1.927136587443894769e+02
1.928395331132623767e+02
1.929654074821352481e+02
1.930912818510081479e+02
1.932171562198810193e+02
1.933430305887539191e+02
1.934689049576268189e+02
1.935947793264996903e+02
1.937206536953725902e+02
1.938465280642454616e+02
1.939724024331183614e+02
1.940982768019912328e+02
1.942241511708641326e+02
1.943500255397370040e+02
1.944758999086099038e+02
1.946017742774827752e+02
1.947276486463556751e+02
1.948535230152285465e+02
1.949793973841014463e+02
1.951052717529743461e+02
1.952311461218472175e+02
1.953570204907201173e+02
1.954828948595929887e+02
1.956087692284658885e+02
1.957346435973387599e+02
1.958605179662116598e+02
1.959863923350845312e+02
1.961122667039574310e+02
1.962381410728303024e+02
1.963640154417032022e+02
1.964898898105760736e+02
1.966157641794489734e+02
1.967416385483218733e+02
1.968675129171947447e+02
1.969933872860676445e+02
1.971192616549405159e+02
1.972451360238134157e+02
1.973710103926862871e+02
1.974968847615591869e+02
1.976227591304320583e+02
1.977486334993049581e+02
1.978745078681778296e+02
1.980003822370507294e+02
1.981262566059236008e+02
1.982521309747965006e+02
1.983780053436693720e+02
1.985038797125422718e+02
1.986297540814151716e+02
1.987556284502880430e+02
1.988815028191609429e+02
1.990073771880338143e+02
1.991332515569067141e+02
1.992591259257795855e+02
1.993850002946524853e+02
1.995108746635253567e+02
1.996367490323982565e+02
1.997626234012711279e+02
1.998884977701440278e+02
2.000143721390168992e+02
2.001402465078897990e+02
2.002661208767626988e+02
2.003919952456355702e+02
2.005178696145084700e+02
2.006437439833813414e+02
2.007696183522542412e+02
2.008954927211271126e+02
2.010213670900000125e+02
2.011472414588728839e+02
2.012731158277457837e+02
2.013989901966186551e+02
2.015248645654915549e+02
2.016507389343644263e+02
2.017766133032373261e+02
2.019024876721102260e+02
2.020283620409830974e+02
2.021542364098559972e+02
2.022801107787288686e+02
2.024059851476017684e+02
2.025318595164746398e+02
2.026577338853475396e+02
2.027836082542204110e+02
2.029094826230933108e+02
2.030353569919661822e+02
2.031612313608390821e+02
2.032871057297119535e+02
2.034129800985848533e+02
2.035388544674577531e+02
2.036647288363306245e+02
2.037906032052035243e+02
2.039164775740763957e+02
2.040423519429492956e+02
2.041682263118221670e+02
2.042941006806950668e+02
2.044199750495679382e+02
2.045458494184408380e+02
2.046717237873137094e+02
2.047975981561866092e+02
2.049234725250594806e+02
2.050493468939323805e+02
2.051752212628052519e+02
2.053010956316781517e+02
2.054269700005510515e+02
2.055528443694239229e+02
2.056787187382968227e+02
2.058045931071696941e+02
2.059304674760425939e+02
2.060563418449154653e+02
2.061822162137883652e+02
2.063080905826612366e+02
2.064339649515341364e+02
2.065598393204070078e+02
2.066857136892799076e+02
2.068115880581527790e+02
2.069374624270256788e+02
2.070633367958985787e+02
2.071892111647714501e+02
2.073150855336443499e+02
2.074409599025172213e+02
2.075668342713901211e+02
2.076927086402629925e+02
2.078185830091358923e+02
2.079444573780087637e+02
2.080703317468816635e+02
2.081962061157545349e+02
2.083220804846274348e+02
2.084479548535003062e+02
2.085738292223732060e+02
2.086997035912461058e+02
2.088255779601189772e+02
2.089514523289918770e+02
2.090773266978647484e+02
2.092032010667376483e+02
2.093290754356105197e+02
2.094549498044834195e+02
2.095808241733562909e+02
2.097066985422291907e+02
2.098325729111020621e+02
2.099584472799749619e+02
2.100843216488478333e+02
2.102101960177207332e+02
2.103360703865936330e+02
2.104619447554665044e+02
2.105878191243394042e+02
2.107136934932122756e+02
2.108395678620851754e+02
2.109654422309580468e+02
2.110913165998309466e+02
2.112171909687038180e+02
2.113430653375767179e+02
2.114689397064495893e+02
2.115948140753224891e+02
2.117206884441953605e+02
2.118465628130682603e+02
2.119724371819411317e+02
2.120983115508140315e+02
2.122241859196869314e+02
2.123500602885598028e+02
2.124759346574327026e+02
2.126018090263055740e+02
2.127276833951784738e+02
2.128535577640513452e+02
2.129794321329242450e+02
2.131053065017971164e+02
2.132311808706700162e+02
2.133570552395428876e+02
2.134829296084157875e+02
2.136088039772886589e+02
2.137346783461615587e+02
2.138605527150344585e+02
2.139864270839073299e+02
2.141123014527802297e+02
2.142381758216531011e+02
2.143640501905260010e+02
2.144899245593988724e+02
2.146157989282717722e+02
2.147416732971446436e+02
2.148675476660175434e+02
2.149934220348904148e+02
2.151192964037633146e+02
2.152451707726361860e+02
2.153710451415090859e+02
2.154969195103819857e+02
2.156227938792548571e+02
2.157486682481277569e+02
2.158745426170006283e+02
2.160004169858735281e+02
2.161262913547463995e+02
2.162521657236192993e+02
2.163780400924921707e+02
2.165039144613650706e+02
2.166297888302379420e+02
2.167556631991108418e+02
2.168815375679837132e+02
2.170074119368566130e+02
2.171332863057295128e+02
2.172591606746023842e+02
2.173850350434752841e+02
2.175109094123481555e+02
2.176367837812210553e+02
2.177626581500939267e+02
2.178885325189668265e+02
2.180144068878396979e+02
2.181402812567125977e+02
2.182661556255854691e+02
2.183920299944583689e+02
2.185179043633312403e+02
2.186437787322041402e+02
2.187696531010770116e+02
2.188955274699499114e+02
2.190214018388228112e+02
2.191472762076956826e+02
2.192731505765685824e+02
2.193990249454414538e+02
2.195248993143143537e+02
2.196507736831872251e+02
2.197766480520601249e+02
2.199025224209329963e+02
2.200283967898058961e+02
2.201542711586787675e+02
2.202801455275516673e+02
2.204060198964245387e+02
2.205318942652974386e+02
2.206577686341703384e+02
2.207836430030432098e+02
2.209095173719161096e+02
2.210353917407889810e+02
2.211612661096618808e+02
2.212871404785347522e+02
2.214130148474076520e+02
2.215388892162805234e+02
2.216647635851534233e+02
2.217906379540262947e+02
2.219165123228991945e+02
2.220423866917720659e+02
2.221682610606449657e+02
2.222941354295178655e+02
2.224200097983907369e+02
2.225458841672636368e+02
2.226717585361365082e+02
2.227976329050094080e+02
2.229235072738822794e+02
2.230493816427551792e+02
2.231752560116280506e+02
2.233011303805009504e+02
2.234270047493738218e+02
2.235528791182467216e+02
2.236787534871195930e+02
2.238046278559924929e+02
2.239305022248653927e+02
2.240563765937382641e+02
2.241822509626111639e+02
2.243081253314840353e+02
2.244339997003569351e+02
2.245598740692298065e+02
2.246857484381027064e+02
2.248116228069755778e+02
2.249374971758484776e+02
2.250633715447213490e+02
2.251892459135942488e+02
2.253151202824671202e+02
2.254409946513400200e+02
2.255668690202128914e+02
2.256927433890857913e+02
2.258186177579586911e+02
2.259444921268315625e+02
2.260703664957044623e+02
2.261962408645773337e+02
2.263221152334502335e+02
2.264479896023231049e+02
2.265738639711960047e+02
2.266997383400688761e+02
2.268256127089417760e+02
2.269514870778146474e+02
2.270773614466875472e+02
2.272032358155604186e+02
2.273291101844333184e+02
2.274549845533062182e+02
2.275808589221790896e+02
2.277067332910519895e+02
2.278326076599248609e+02
2.279584820287977607e+02
2.280843563976706321e+02
2.282102307665435319e+02
2.283361051354164033e+02
2.284619795042893031e+02
2.285878538731621745e+02
2.287137282420350743e+02
2.288396026109079457e+02
2.289654769797808456e+02
2.290913513486537454e+02
2.292172257175266168e+02
2.293431000863995166e+02
2.294689744552723880e+02
2.295948488241452878e+02
2.297207231930181592e+02
2.298465975618910591e+02
2.299724719307639305e+02
2.300983462996368303e+02
2.302242206685097017e+02
2.303500950373826015e+02
2.304759694062554729e+02
2.306018437751283727e+02
2.307277181440012725e+02
2.308535925128741439e+02
2.309794668817470438e+02
2.311053412506199152e+02
2.312312156194928150e+02
2.313570899883656864e+02
2.314829643572385862e+02
2.316088387261114576e+02
2.317347130949843574e+02
2.318605874638572288e+02
2.319864618327301287e+02
2.321123362016030001e+02
2.322382105704758999e+02
2.323640849393487997e+02
2.324899593082216711e+02
2.326158336770945709e+02
2.327417080459674423e+02
2.328675824148403422e+02
2.329934567837132136e+02
2.331193311525861134e+02
2.332452055214589848e+02
2.333710798903318846e+02
2.334969542592047560e+02
2.336228286280776558e+02
2.337487029969505272e+02
2.338745773658234270e+02
2.340004517346962984e+02
2.341263261035691983e+02
2.342522004724420981e+02
2.343780748413149695e+02
2.345039492101878693e+02
2.346298235790607407e+02
2.347556979479336405e+02
2.348815723168065119e+02
2.350074466856794118e+02
2.351333210545522832e+02
2.352591954234251830e+02
2.353850697922980544e+02
2.355109441611709542e+02
2.356368185300438256e+02
2.357626928989167254e+02
2.358885672677896252e+02
2.360144416366624966e+02
2.361403160055353965e+02
2.362661903744082679e+02
2.363920647432811677e+02
2.365179391121540391e+02
2.366438134810269389e+02
2.367696878498998103e+02
2.368955622187727101e+02
2.370214365876455815e+02
2.371473109565184814e+02
2.372731853253913528e+02
2.373990596942642526e+02
2.375249340631371524e+02
2.376508084320100238e+02
2.377766828008829236e+02
2.379025571697557950e+02
2.380284315386286949e+02
2.381543059075015663e+02
2.382801802763744661e+02
2.384060546452473375e+02
2.385319290141202373e+02
2.386578033829931087e+02
2.387836777518660085e+02
2.389095521207388799e+02
2.390354264896117797e+02
2.391613008584846796e+02
2.392871752273575510e+02
2.394130495962304508e+02
2.395389239651033222e+02
2.396647983339762220e+02
2.397906727028490934e+02
2.399165470717219932e+02
2.400424214405948646e+02
2.401682958094677645e+02
2.402941701783406359e+02
2.404200445472135357e+02
2.405459189160864071e+02
2.406717932849593069e+02
2.407976676538321783e+02
2.409235420227050781e+02
2.410494163915779779e+02
2.411752907604508493e+02
2.413011651293237492e+02
2.414270394981966206e+02
2.415529138670695204e+02
2.416787882359423918e+02
2.418046626048152916e+02
2.419305369736881630e+02
2.420564113425610628e+02
2.421822857114339342e+02
2.423081600803068341e+02
2.424340344491797055e+02
2.425599088180526053e+02
2.426857831869255051e+02
2.428116575557983765e+02
2.429375319246712763e+02
2.430634062935441477e+02
2.431892806624170476e+02
2.433151550312899190e+02
2.434410294001628188e+02
2.435669037690356902e+02
2.436927781379085900e+02
2.438186525067814614e+02
2.439445268756543612e+02
2.440704012445272326e+02
2.441962756134001324e+02
2.443221499822730323e+02
2.444480243511459037e+02
2.445738987200188035e+02
2.446997730888916749e+02
2.448256474577645747e+02
2.449515218266374461e+02
2.450773961955103459e+02
2.452032705643832173e+02
2.453291449332561172e+02
2.454550193021289886e+02
2.455808936710018884e+02
2.457067680398747598e+02
2.458326424087476596e+02
2.459585167776205594e+02
2.460843911464934308e+02
2.462102655153663306e+02
2.463361398842392020e+02
2.464620142531121019e+02
2.465878886219849733e+02
2.467137629908578731e+02
2.468396373597307445e+02
2.469655117286036443e+02
2.470913860974765157e+02
2.472172604663494155e+02
2.473431348352222869e+02
2.474690092040951868e+02
2.475948835729680582e+02
2.477207579418409580e+02
2.478466323107138578e+02
2.479725066795867292e+02
2.480983810484596290e+02
2.482242554173325004e+02
2.483501297862054003e+02
2.484760041550782717e+02
2.486018785239511715e+02
2.487277528928240429e+02
2.488536272616969427e+02
2.489795016305698141e+02
2.491053759994427139e+02
2.492312503683155853e+02
2.493571247371884851e+02
2.494829991060613850e+02
2.496088734749342564e+02
2.497347478438071562e+02
2.498606222126800276e+02
2.499864965815529274e+02
2.501123709504257988e+02
2.502382453192986986e+02
2.503641196881715700e+02
2.504899940570444699e+02
2.506158684259173413e+02
2.507417427947902411e+02
2.508676171636631125e+02
2.509934915325360123e+02
2.511193659014089121e+02
2.512452402702817835e+02
2.513711146391546833e+02
2.514969890080275547e+02
2.516228633769004546e+02
2.517487377457733260e+02
2.518746121146462258e+02
2.520004864835190972e+02
2.521263608523919970e+02
2.522522352212648684e+02
2.523781095901377682e+02
2.525039839590106396e+02
2.526298583278835395e+02
2.527557326967564393e+02
2.528816070656293107e+02
2.530074814345022105e+02
2.531333558033750819e+02
2.532592301722479817e+02
2.533851045411208531e+02
2.535109789099937529e+02
2.536368532788666244e+02
2.537627276477395242e+02
2.538886020166123956e+02
2.540144763854852954e+02
2.541403507543581668e+02
2.542662251232310666e+02
2.543920994921039380e+02
2.545179738609768378e+02
2.546438482298497377e+02
2.547697225987226091e+02
2.548955969675955089e+02
2.550214713364683803e+02
2.551473457053412801e+02
2.552732200742141515e+02
2.553990944430870513e+02
2.555249688119599227e+02
2.556508431808328226e+02
2.557767175497056940e+02
2.559025919185785938e+02
2.560284662874514652e+02
2.561543406563243934e+02
2.562802150251972648e+02
2.564060893940701362e+02
2.565319637629430076e+02
2.566578381318159359e+02
2.567837125006888073e+02
2.569095868695616787e+02
2.570354612384345501e+02
2.571613356073074783e+02
2.572872099761803497e+02
2.574130843450532211e+02
2.575389587139260925e+02
2.576648330827990208e+02
2.577907074516718922e+02
2.579165818205447636e+02
2.580424561894176918e+02
2.581683305582905632e+02
2.582942049271634346e+02
2.584200792960363060e+02
2.585459536649092342e+02
2.586718280337821056e+02
2.587977024026549770e+02
2.589235767715278485e+02
2.590494511404007767e+02
2.591753255092736481e+02
2.593011998781465195e+02
2.594270742470193909e+02
2.595529486158923191e+02
2.596788229847651905e+02
2.598046973536380619e+02
2.599305717225109902e+02
2.600564460913838616e+02
2.601823204602567330e+02
2.603081948291296044e+02
2.604340691980025326e+02
2.605599435668754040e+02
2.606858179357482754e+02
2.608116923046211468e+02
2.609375666734940751e+02
2.610634410423669465e+02
2.611893154112398179e+02
2.613151897801127461e+02
2.614410641489856175e+02
2.615669385178584889e+02
2.616928128867313603e+02
2.618186872556042886e+02
2.619445616244771600e+02
2.620704359933500314e+02
2.621963103622229028e+02
2.623221847310958310e+02
2.624480590999687024e+02
2.625739334688415738e+02
2.626998078377144452e+02
2.628256822065873735e+02
2.629515565754602449e+02
2.630774309443331163e+02
2.632033053132060445e+02
2.633291796820789159e+02
2.634550540509517873e+02
2.635809284198246587e+02
2.637068027886975869e+02
2.638326771575704583e+02
2.639585515264433297e+02
2.640844258953162011e+02
2.642103002641891294e+02
2.643361746330620008e+02
2.644620490019348722e+02
2.645879233708078004e+02
2.647137977396806718e+02
2.648396721085535432e+02
2.649655464774264146e+02
2.650914208462993429e+02
2.652172952151722143e+02
2.653431695840450857e+02
2.654690439529179571e+02
2.655949183217908853e+02
2.657207926906637567e+02
2.658466670595366281e+02
2.659725414284094995e+02
2.660984157972824278e+02
2.662242901661552992e+02
2.663501645350281706e+02
2.664760389039010988e+02
2.666019132727739702e+02
2.667277876416468416e+02
2.668536620105197130e+02
2.669795363793926413e+02
2.671054107482655127e+02
2.672312851171383841e+02
2.673571594860112555e+02
2.674830338548841837e+02
2.676089082237570551e+02
2.677347825926299265e+02
2.678606569615027979e+02
2.679865313303757262e+02
2.681124056992485976e+02
2.682382800681214690e+02
2.683641544369943972e+02
2.684900288058672686e+02
2.686159031747401400e+02
2.687417775436130114e+02
2.688676519124859396e+02
2.689935262813588110e+02
2.691194006502316824e+02
2.692452750191045538e+02
2.693711493879774821e+02
2.694970237568503535e+02
2.696228981257232249e+02
2.697487724945961531e+02
2.698746468634690245e+02
2.700005212323418959e+02
2.701263956012147673e+02
2.702522699700876956e+02
2.703781443389605670e+02
2.705040187078334384e+02
2.706298930767063098e+02
2.707557674455792380e+02
2.708816418144521094e+02
2.710075161833249808e+02
2.711333905521978522e+02
2.712592649210707805e+02
2.713851392899436519e+02
2.715110136588165233e+02
2.716368880276894515e+02
2.717627623965623229e+02
2.718886367654351943e+02
2.720145111343080657e+02
2.721403855031809940e+02
2.722662598720538654e+02
2.723921342409267368e+02
2.725180086097996082e+02
2.726438829786725364e+02
2.727697573475454078e+02
2.728956317164182792e+02
2.730215060852911506e+02
2.731473804541640789e+02
2.732732548230369503e+02
2.733991291919098217e+02
2.735250035607827499e+02
2.736508779296556213e+02
2.737767522985284927e+02
2.739026266674013641e+02
2.740285010362742923e+02
2.741543754051471637e+02
2.742802497740200351e+02
2.744061241428929065e+02
2.745319985117658348e+02
2.746578728806387062e+02
2.747837472495115776e+02
2.749096216183845058e+02
2.750354959872573772e+02
2.751613703561302486e+02
2.752872447250031200e+02
2.754131190938760483e+02
2.755389934627489197e+02
2.756648678316217911e+02
2.757907422004946625e+02
2.759166165693675907e+02
2.760424909382404621e+02
2.761683653071133335e+02
2.762942396759862049e+02
2.764201140448591332e+02
2.765459884137320046e+02
2.766718627826048760e+02
2.767977371514778042e+02
2.769236115203506756e+02
2.770494858892235470e+02
2.771753602580964184e+02
2.773012346269693467e+02
2.774271089958422181e+02
2.775529833647150895e+02
2.776788577335879609e+02
2.778047321024608891e+02
2.779306064713337605e+02
2.780564808402066319e+02
2.781823552090795602e+02
2.783082295779524316e+02
2.784341039468253030e+02
2.785599783156981744e+02
2.786858526845711026e+02
2.788117270534439740e+02
2.789376014223168454e+02
2.790634757911897168e+02
2.791893501600626450e+02
2.793152245289355164e+02
2.794410988978083878e+02
2.795669732666812592e+02
2.796928476355541875e+02
2.798187220044270589e+02
2.799445963732999303e+02
2.800704707421728585e+02
2.801963451110457299e+02
2.803222194799186013e+02
2.804480938487914727e+02
2.805739682176644010e+02
2.806998425865372724e+02
2.808257169554101438e+02
2.809515913242830152e+02
2.810774656931559434e+02
2.812033400620288148e+02
2.813292144309016862e+02
2.814550887997745576e+02
2.815809631686474859e+02
2.817068375375203573e+02
2.818327119063932287e+02
2.819585862752661569e+02
2.820844606441390283e+02
2.822103350130118997e+02
2.823362093818847711e+02
2.824620837507576994e+02
2.825879581196305708e+02
2.827138324885034422e+02
2.828397068573763136e+02
2.829655812262492418e+02
2.830914555951221132e+02
2.832173299639949846e+02
2.833432043328679129e+02
2.834690787017407843e+02
2.835949530706136557e+02
2.837208274394865271e+02
2.838467018083594553e+02
2.839725761772323267e+02
2.840984505461051981e+02
2.842243249149780695e+02
2.843501992838509977e+02
2.844760736527238691e+02
2.846019480215967405e+02
2.847278223904696119e+02
2.848536967593425402e+02
2.849795711282154116e+02
2.851054454970882830e+02
2.852313198659612112e+02
2.853571942348340826e+02
2.854830686037069540e+02
2.856089429725798254e+02
2.857348173414527537e+02
2.858606917103256251e+02
2.859865660791984965e+02
2.861124404480713679e+02
2.862383148169442961e+02
2.863641891858171675e+02
2.864900635546900389e+02
2.866159379235629103e+02
2.867418122924358386e+02
2.868676866613087100e+02
2.869935610301815814e+02
2.871194353990545096e+02
2.872453097679273810e+02
2.873711841368002524e+02
2.874970585056731238e+02
2.876229328745460521e+02
2.877488072434189235e+02
2.878746816122917949e+02
2.880005559811646663e+02
2.881264303500375945e+02
2.882523047189104659e+02
2.883781790877833373e+02
2.885040534566562656e+02
2.886299278255291370e+02
2.887558021944020084e+02
2.888816765632748798e+02
2.890075509321478080e+02
2.891334253010206794e+02
2.892592996698935508e+02
2.893851740387664222e+02
2.895110484076393504e+02
2.896369227765122218e+02
2.897627971453850932e+02
2.898886715142579646e+02
2.900145458831308929e+02
2.901404202520037643e+02
2.902662946208766357e+02
2.903921689897495639e+02
2.905180433586224353e+02
2.906439177274953067e+02
2.907697920963681781e+02
2.908956664652411064e+02
2.910215408341139778e+02
2.911474152029868492e+02
2.912732895718597206e+02
2.913991639407326488e+02
2.915250383096055202e+02
2.916509126784783916e+02
2.917767870473513199e+02
2.919026614162241913e+02
2.920285357850970627e+02
2.921544101539699341e+02
2.922802845228428623e+02
2.924061588917157337e+02
2.925320332605886051e+02
2.926579076294614765e+02
2.927837819983344048e+02
2.929096563672072762e+02
2.930355307360801476e+02
2.931614051049530190e+02
2.932872794738259472e+02
2.934131538426988186e+02
2.935390282115716900e+02
2.936649025804446183e+02
2.937907769493174897e+02
2.939166513181903611e+02
2.940425256870632325e+02
2.941684000559361607e+02
2.942942744248090321e+02
2.944201487936819035e+02
2.945460231625547749e+02
2.946718975314277031e+02
2.947977719003005745e+02
2.949236462691734459e+02
2.950495206380463173e+02
2.951753950069192456e+02
2.953012693757921170e+02
2.954271437446649884e+02
2.955530181135379166e+02
2.956788924824107880e+02
2.958047668512836594e+02
2.959306412201565308e+02
2.960565155890294591e+02
2.961823899579023305e+02
2.963082643267752019e+02
2.964341386956480733e+02
2.965600130645210015e+02
2.966858874333938729e+02
2.968117618022667443e+02
2.969376361711396726e+02
2.970635105400125440e+02
2.971893849088854154e+02
2.973152592777582868e+02
2.974411336466312150e+02
2.975670080155040864e+02
2.976928823843769578e+02
2.978187567532498292e+02
2.979446311221227575e+02
2.980705054909956289e+02
2.981963798598685003e+02
2.983222542287413717e+02
2.984481285976142999e+02
2.985740029664871713e+02
2.986998773353600427e+02
2.988257517042329710e+02
2.989516260731058424e+02
2.990775004419787138e+02
2.992033748108515852e+02
2.993292491797245134e+02
2.994551235485973848e+02
2.995809979174702562e+02
2.997068722863431276e+02
2.998327466552160558e+02
2.999586210240889272e+02
3.000844953929617986e+02
3.002103697618347269e+02
3.003362441307075983e+02
3.004621184995804697e+02
3.005879928684533411e+02
3.007138672373262693e+02
3.008397416061991407e+02
3.009656159750720121e+02
3.010914903439448835e+02
3.012173647128178118e+02
3.013432390816906832e+02
3.014691134505635546e+02
3.015949878194364260e+02
3.017208621883093542e+02
3.018467365571822256e+02
3.019726109260550970e+02
3.020984852949280253e+02
3.022243596638008967e+02
3.023502340326737681e+02
3.024761084015466395e+02
3.026019827704195677e+02
3.027278571392924391e+02
3.028537315081653105e+02
3.029796058770381819e+02
3.031054802459111102e+02
3.032313546147839816e+02
3.033572289836568530e+02
3.034831033525297244e+02
3.036089777214026526e+02
3.037348520902755240e+02
3.038607264591483954e+02
3.039866008280213237e+02
3.041124751968941951e+02
3.042383495657670665e+02
3.043642239346399379e+02
3.044900983035128661e+02
3.046159726723857375e+02
3.047418470412586089e+02
3.048677214101314803e+02
3.049935957790044085e+02
3.051194701478772799e+02
3.052453445167501513e+02
3.053712188856230796e+02
3.054970932544959510e+02
3.056229676233688224e+02
3.057488419922416938e+02
3.058747163611146220e+02
3.060005907299874934e+02
3.061264650988603648e+02
3.062523394677332362e+02
3.063782138366061645e+02
3.065040882054790359e+02
3.066299625743519073e+02
3.067558369432247787e+02
3.068817113120977069e+02
3.070075856809705783e+02
3.071334600498434497e+02
3.072593344187163780e+02
3.073852087875892494e+02
3.075110831564621208e+02
3.076369575253349922e+02
3.077628318942079204e+02
3.078887062630807918e+02
3.080145806319536632e+02
3.081404550008265346e+02
3.082663293696994629e+02
3.083922037385723343e+02
3.085180781074452057e+02
3.086439524763180771e+02
3.087698268451910053e+02
3.088957012140638767e+02
3.090215755829367481e+02
3.091474499518096763e+02
3.092733243206825478e+02
3.093991986895554192e+02
3.095250730584282906e+02
3.096509474273012188e+02
3.097768217961740902e+02
3.099026961650469616e+02
3.100285705339198330e+02
3.101544449027927612e+02
3.102803192716656326e+02
3.104061936405385040e+02
3.105320680094114323e+02
3.106579423782843037e+02
3.107838167471571751e+02
3.109096911160300465e+02
3.110355654849029747e+02
3.111614398537758461e+02
3.112873142226487175e+02
3.114131885915215889e+02
3.115390629603945172e+02
3.116649373292673886e+02
3.117908116981402600e+02
3.119166860670131314e+02
3.120425604358860596e+02
3.121684348047589310e+02
3.122943091736318024e+02
3.124201835425047307e+02
3.125460579113776021e+02
3.126719322802504735e+02
3.127978066491233449e+02
3.129236810179962731e+02
3.130495553868691445e+02
3.131754297557420159e+02
3.133013041246148873e+02
3.134271784934878156e+02
3.135530528623606870e+02
3.136789272312335584e+02
3.138048016001064866e+02
3.139306759689793580e+02
3.140565503378522294e+02
3.141824247067251008e+02
3.143082990755980290e+02
3.144341734444709004e+02
3.145600478133437718e+02
3.146859221822166433e+02
3.148117965510895715e+02
3.149376709199624429e+02
3.150635452888353143e+02
3.151894196577081857e+02
3.153152940265811139e+02
3.154411683954539853e+02
3.155670427643268567e+02
3.156929171331997850e+02
3.158187915020726564e+02
3.159446658709455278e+02
3.160705402398183992e+02
3.161964146086913274e+02
3.163222889775641988e+02
3.164481633464370702e+02
3.165740377153099416e+02
3.166999120841828699e+02
3.168257864530557413e+02
3.169516608219286127e+02
3.170775351908014841e+02
3.172034095596744123e+02
3.173292839285472837e+02
3.174551582974201551e+02
3.175810326662930834e+02
3.177069070351659548e+02
3.178327814040388262e+02
3.179586557729116976e+02
3.180845301417846258e+02
3.182104045106574972e+02
3.183362788795303686e+02
3.184621532484032400e+02
3.185880276172761683e+02
3.187139019861490397e+02
3.188397763550219111e+02
3.189656507238948393e+02
3.190915250927677107e+02
3.192173994616405821e+02
3.193432738305134535e+02
3.194691481993863817e+02
3.195950225682592531e+02
3.197208969371321245e+02
3.198467713060049959e+02
3.199726456748779242e+02
3.200985200437507956e+02
3.202243944126236670e+02
3.203502687814965384e+02
3.204761431503694666e+02
3.206020175192423380e+02
3.207278918881152094e+02
3.208537662569881377e+02
3.209796406258610091e+02
3.211055149947338805e+02
3.212313893636067519e+02
3.213572637324796801e+02
3.214831381013525515e+02
3.216090124702254229e+02
3.217348868390982943e+02
3.218607612079712226e+02
3.219866355768440940e+02
3.221125099457169654e+02
3.222383843145898936e+02
3.223642586834627650e+02
3.224901330523356364e+02
3.226160074212085078e+02
3.227418817900814361e+02
3.228677561589543075e+02
3.229936305278271789e+02
3.231195048967000503e+02
3.232453792655729785e+02
3.233712536344458499e+02
3.234971280033187213e+02
3.236230023721915927e+02
3.237488767410645210e+02
3.238747511099373924e+02
3.240006254788102638e+02
3.241264998476831920e+02
3.242523742165560634e+02
3.243782485854289348e+02
3.245041229543018062e+02
3.246299973231747344e+02
3.247558716920476058e+02
3.248817460609204772e+02
3.250076204297933486e+02
3.251334947986662769e+02
3.252593691675391483e+02
3.253852435364120197e+02
3.255111179052848911e+02
3.256369922741578193e+02
3.257628666430306907e+02
3.258887410119035621e+02
3.260146153807764904e+02
3.261404897496493618e+02
3.262663641185222332e+02
3.263922384873951046e+02
3.265181128562680328e+02
3.266439872251409042e+02
3.267698615940137756e+02
3.268957359628866470e+02
3.270216103317595753e+02
3.271474847006324467e+02
3.272733590695053181e+02
3.273992334383782463e+02
3.275251078072511177e+02
3.276509821761239891e+02
3.277768565449968605e+02
3.279027309138697888e+02
3.280286052827426602e+02
3.281544796516155316e+02
3.282803540204884030e+02
3.284062283893613312e+02
3.285321027582342026e+02
3.286579771271070740e+02
3.287838514959799454e+02
3.289097258648528737e+02
3.290356002337257451e+02
3.291614746025986165e+02
3.292873489714715447e+02
3.294132233403444161e+02
3.295390977092172875e+02
3.296649720780901589e+02
3.297908464469630871e+02
3.299167208158359585e+02
3.300425951847088299e+02
3.301684695535817013e+02
3.302943439224546296e+02
3.304202182913275010e+02
3.305460926602003724e+02
3.306719670290732438e+02
3.307978413979461720e+02
3.309237157668190434e+02
3.310495901356919148e+02
3.311754645045648431e+02
3.313013388734377145e+02
3.314272132423105859e+02
3.315530876111834573e+02
3.316789619800563855e+02
3.318048363489292569e+02
3.319307107178021283e+02
3.320565850866749997e+02
3.321824594555479280e+02
3.323083338244207994e+02
3.324342081932936708e+02
3.325600825621665990e+02
3.326859569310394704e+02
3.328118312999123418e+02
3.329377056687852132e+02
3.330635800376581415e+02
3.331894544065310129e+02
3.333153287754038843e+02
3.334412031442767557e+02
3.335670775131496839e+02
3.336929518820225553e+02
3.338188262508954267e+02
3.339447006197682981e+02
3.340705749886412264e+02
3.341964493575140978e+02
3.343223237263869692e+02
3.344481980952598974e+02
3.345740724641327688e+02
3.346999468330056402e+02
3.348258212018785116e+02
3.349516955707514398e+02
3.350775699396243112e+02
3.352034443084971826e+02
3.353293186773700540e+02
3.354551930462429823e+02
3.355810674151158537e+02
3.357069417839887251e+02
3.358328161528616533e+02
3.359586905217345247e+02
3.360845648906073961e+02
3.362104392594802675e+02
3.363363136283531958e+02
3.364621879972260672e+02
3.365880623660989386e+02
3.367139367349718100e+02
3.368398111038447382e+02
3.369656854727176096e+02
3.370915598415904810e+02
3.372174342104633524e+02
3.373433085793362807e+02
3.374691829482091521e+02
3.375950573170820235e+02
3.377209316859549517e+02
3.378468060548278231e+02
3.379726804237006945e+02
3.380985547925735659e+02
3.382244291614464942e+02
3.383503035303193656e+02
3.384761778991922370e+02
3.386020522680651084e+02
3.387279266369380366e+02
3.388538010058109080e+02
3.389796753746837794e+02
3.391055497435566508e+02
3.392314241124295791e+02
3.393572984813024505e+02
3.394831728501753219e+02
3.396090472190482501e+02
3.397349215879211215e+02
3.398607959567939929e+02
3.399866703256668643e+02
3.401125446945397925e+02
3.402384190634126639e+02
3.403642934322855353e+02
3.404901678011584067e+02
3.406160421700313350e+02
3.407419165389042064e+02
3.408677909077770778e+02
3.409936652766500060e+02
3.411195396455228774e+02
3.412454140143957488e+02
3.413712883832686202e+02
3.414971627521415485e+02
3.416230371210144199e+02
3.417489114898872913e+02
3.418747858587601627e+02
3.420006602276330909e+02
3.421265345965059623e+02
3.422524089653788337e+02
3.423782833342517051e+02
3.425041577031246334e+02
3.426300320719975048e+02
3.427559064408703762e+02
3.428817808097433044e+02
3.430076551786161758e+02
3.431335295474890472e+02
3.432594039163619186e+02
3.433852782852348469e+02
3.435111526541077183e+02
3.436370270229805897e+02
3.437629013918534611e+02
3.438887757607263893e+02
3.440146501295992607e+02
3.441405244984721321e+02
3.442663988673450035e+02
3.443922732362179318e+02
3.445181476050908032e+02
3.446440219739636746e+02
3.447698963428366028e+02
3.448957707117094742e+02
3.450216450805823456e+02
3.451475194494552170e+02
3.452733938183281452e+02
3.453992681872010166e+02
3.455251425560738880e+02
3.456510169249467594e+02
3.457768912938196877e+02
3.459027656626925591e+02
3.460286400315654305e+02
3.461545144004383587e+02
3.462803887693112301e+02
3.464062631381841015e+02
3.465321375070569729e+02
3.466580118759299012e+02
3.467838862448027726e+02
3.469097606136756440e+02
3.470356349825485154e+02
3.471615093514214436e+02
3.472873837202943150e+02
3.474132580891671864e+02
3.475391324580400578e+02
3.476650068269129861e+02
3.477908811957858575e+02
3.479167555646587289e+02
3.480426299335316571e+02
3.481685043024045285e+02
3.482943786712773999e+02
3.484202530401502713e+02
3.485461274090231996e+02
3.486720017778960710e+02
3.487978761467689424e+02
3.489237505156418138e+02
3.490496248845147420e+02
3.491754992533876134e+02
3.493013736222604848e+02
3.494272479911334131e+02
3.495531223600062845e+02
3.496789967288791559e+02
3.498048710977520273e+02
3.499307454666249555e+02
3.500566198354978269e+02
3.501824942043706983e+02
3.503083685732435697e+02
3.504342429421164979e+02
3.505601173109893693e+02
3.506859916798622407e+02
3.508118660487351121e+02
3.509377404176080404e+02
3.510636147864809118e+02
3.511894891553537832e+02
3.513153635242267114e+02
3.514412378930995828e+02
3.515671122619724542e+02
3.516929866308453256e+02
3.518188609997182539e+02
3.519447353685911253e+02
3.520706097374639967e+02
3.521964841063368681e+02
3.523223584752097963e+02
3.524482328440826677e+02
3.525741072129555391e+02
3.526999815818284105e+02
3.528258559507013388e+02
3.529517303195742102e+02
3.530776046884470816e+02
3.532034790573200098e+02
3.533293534261928812e+02
3.534552277950657526e+02
3.535811021639386240e+02
3.537069765328115523e+02
3.538328509016844237e+02
3.539587252705572951e+02
3.540845996394301665e+02
3.542104740083030947e+02
3.543363483771759661e+02
3.544622227460488375e+02
3.545880971149217658e+02
3.547139714837946372e+02
3.548398458526675086e+02
3.549657202215403800e+02
3.550915945904133082e+02
3.552174689592861796e+02
3.553433433281590510e+02
3.554692176970319224e+02
3.555950920659048506e+02
3.557209664347777220e+02
3.558468408036505934e+02
3.559727151725234648e+02
3.560985895413963931e+02
3.562244639102692645e+02
3.563503382791421359e+02
3.564762126480150641e+02
3.566020870168879355e+02
3.567279613857608069e+02
3.568538357546336783e+02
3.569797101235066066e+02
3.571055844923794780e+02
3.572314588612523494e+02
3.573573332301252208e+02
3.574832075989981490e+02
3.576090819678710204e+02
3.577349563367438918e+02
3.578608307056168201e+02
3.579867050744896915e+02
3.581125794433625629e+02
3.582384538122354343e+02
3.583643281811083625e+02
3.584902025499812339e+02
3.586160769188541053e+02
3.587419512877269767e+02
3.588678256565999050e+02
3.589937000254727764e+02
3.591195743943456478e+02
3.592454487632185192e+02
3.593713231320914474e+02
3.594971975009643188e+02
3.596230718698371902e+02
3.597489462387101185e+02
3.598748206075829899e+02
3.600006949764558613e+02
3.601265693453287327e+02
3.602524437142016609e+02
3.603783180830745323e+02
3.605041924519474037e+02
3.606300668208202751e+02
3.607559411896932033e+02
3.608818155585660747e+02
3.610076899274389461e+02
3.611335642963118175e+02
3.612594386651847458e+02
3.613853130340576172e+02
