2.496583846826593174e+02
2.440623746560920893e+02
2.401691808355366788e+02
2.435398093863386464e+02
2.451271664894698006e+02
2.312804482705467137e+02
2.134089503875900959e+02
1.740945463758843630e+02
1.459600830130962663e+02
1.417709509215883372e+02
1.405403127456964398e+02
1.317006931510705385e+02
1.293126071037107181e+02
1.234994185216433635e+02
1.216491831719541921e+02
1.198795383496098452e+02
1.171352045902427363e+02
1.153225108127082166e+02
1.126197918779779741e+02
1.086744440084351595e+02
1.026814737352971605e+02
1.023426745803632087e+02
9.353636730885619954e+01
8.856777911581752960e+01
8.169128907901124137e+01
6.955458410879741393e+01
5.434317942310868688e+01
4.611812125602635604e+01
4.414551559068495834e+01
4.361966304169346387e+01
4.011506521439570605e+01
3.838515954130742358e+01
3.791410781324121615e+01
3.571531801655419969e+01
3.376528323342327553e+01
3.275875543318878158e+01
3.088095573768360680e+01
2.755105597656592664e+01
2.570412737865291319e+01
2.272996827358741356e+01
1.957138904555376158e+01
1.768985244290789893e+01
1.611737305747300653e+01
1.426401669050040688e+01
1.253653127376944454e+01
1.150690004258538934e+01
1.035808579405351004e+01
8.775615212910283347e+00
8.268168014769162966e+00
7.671696146494939583e+00
6.803963163259798996e+00
6.283685142127112044e+00
6.268360315663932703e+00
5.707900567521128288e+00
5.422314916827801312e+00
5.115364285808971623e+00
4.979957752770716617e+00
4.922118944162670040e+00
4.511601387890268100e+00
4.458298138775244723e+00
4.428295023993902291e+00
4.387693362520863616e+00
4.124161983254801989e+00
4.060909382826071834e+00
3.816093353302008051e+00
3.842744258581855199e+00
3.654487834695236970e+00
3.795289221439538174e+00
3.411088943196842305e+00
3.677257769524397091e+00
3.315991215679041648e+00
3.163232981594170212e+00
2.967521935827554636e+00
3.009037240807839630e+00
3.159372700773737552e+00
2.833822085989928574e+00
2.699896373384105708e+00
2.640130301479703512e+00
2.584754152031978780e+00
2.736728750240955854e+00
2.668235834497146630e+00
2.582502158188265007e+00
2.454998231329033054e+00
2.357074888995855488e+00
2.443919812546599957e+00
2.367976918686097054e+00
2.339789081694349182e+00
2.319223552331378002e+00
2.225118797973201445e+00
2.065012265405408609e+00
2.253004344785832114e+00
1.947968917760704244e+00
2.009506588367539148e+00
2.020656476736348406e+00
2.024867729051411214e+00
2.018750951725457821e+00
1.959734199439062907e+00
1.928339186760806623e+00
1.806465795035919308e+00
1.921383015109043857e+00
1.850522693712020716e+00
1.820787837888904415e+00
1.672729700229110161e+00
1.643963281421873868e+00
1.756037662120108589e+00
1.734640051538097305e+00
1.632761039612532494e+00
1.588839995811986316e+00
1.626685718364778488e+00
1.548271317413459691e+00
1.524083832012010475e+00
1.459437811017333386e+00
1.433769425573483858e+00
1.493860802000692267e+00
1.478731288184565784e+00
1.380387061698414408e+00
1.302340041557529471e+00
1.258802262200376276e+00
1.262612967794235264e+00
1.292197055512003478e+00
1.319896604806652940e+00
1.275743433659732862e+00
1.163485758773222134e+00
1.231395733886476052e+00
1.219804191355556178e+00
1.173772997419696873e+00
1.109408575767647065e+00
1.157040610372048528e+00
1.050414731729319096e+00
1.020770477007395760e+00
1.009565997336477672e+00
1.008768493669966793e+00
1.022702042755758267e+00
9.713727730360161017e-01
1.024319807221788947e+00
1.026810679217373012e+00
8.860077722245093268e-01
8.824119074787902806e-01
9.773193216864458632e-01
9.471205694951267962e-01
8.849844273591351840e-01
8.174213965604708587e-01
9.144892147553089767e-01
8.826340849954970036e-01
8.583614385942929248e-01
8.347266948377564111e-01
9.860543723620224243e-01
8.608562834241925144e-01
9.153234311952347380e-01
7.458522496257314893e-01
7.135331924222843014e-01
7.428609303143064446e-01
6.945527489314751168e-01
7.618659048451051907e-01
7.642344375874275952e-01
6.685901064784471881e-01
6.910386556277597903e-01
6.784124255466424946e-01
6.650993320092138950e-01
6.390479238397748230e-01
6.175387971270362986e-01
6.339395409270481840e-01
6.501842645347731819e-01
6.458799503884554705e-01
5.540529293303337877e-01
5.932152507103199968e-01
5.688215487429476580e-01
5.877728082797631926e-01
5.376822504601963537e-01
6.303706935258314159e-01
5.871169123351888119e-01
6.092905349942812077e-01
5.362494923583283057e-01
5.345810641556520970e-01
5.202558127653471587e-01
5.618111364999421875e-01
5.629515575153397622e-01
4.726037446819841836e-01
4.735842540828109071e-01
4.815352041347931711e-01
5.807724640286923146e-01
5.390259899309020053e-01
4.646500046918117799e-01
3.956909748981309316e-01
4.559441119660376240e-01
4.607660206189038710e-01
4.712700124436983717e-01
4.757182878049225905e-01
4.272782098673610918e-01
4.036505242207731881e-01
4.264163228197632716e-01
4.533928435698583170e-01
4.244746988692325029e-01
3.823126633107752914e-01
3.564579406741760770e-01
3.603470503178867745e-01
3.899550185226716148e-01
4.830264828944358935e-01
3.702474409684559098e-01
3.422273671765614367e-01
3.086493581255732033e-01
3.242070314669587838e-01
4.705974198647621121e-01
6.082776400488352220e-01
5.311451662984016941e-01
4.777140038197379424e-01
4.097050197313925612e-01
4.144645932727374360e-01
3.395778124684848409e-01
3.837304512748073715e-01
3.576476748591479460e-01
3.051967640785977487e-01
2.699325737379496548e-01
2.615890036020053766e-01
3.787752922629525898e-01
3.111401692890632953e-01
3.489508640045737575e-01
3.439239852491151606e-01
2.846136434737785992e-01
2.526448251500818531e-01
2.671745346744531235e-01
2.814321287471823752e-01
2.818340615086366574e-01
2.733160261760900767e-01
2.365823818174838666e-01
2.902361008659121167e-01
3.259945519343840359e-01
2.417799767685024359e-01
2.526583679226174217e-01
2.764425381207104016e-01
2.800300761000486527e-01
2.630509039733164856e-01
2.161194895405116889e-01
2.741347533181258678e-01
2.367698007935174487e-01
2.230366135171738540e-01
1.884258653813605799e-01
2.429357927435067677e-01
2.280351401970576730e-01
2.431356359164099923e-01
2.708015543878355968e-01
2.252585337114952901e-01
2.030107190819865626e-01
2.047181663970264187e-01
2.179311361980288131e-01
2.442895469053196211e-01
1.962139384821488253e-01
2.189239449884186894e-01
2.375470459820691882e-01
2.022497187684324516e-01
2.030165117061333846e-01
1.792495849001268515e-01
1.983633435226704322e-01
1.815270733160841976e-01
1.806374160661416428e-01
2.358609050232186033e-01
2.951332467128496284e-01
2.320778926994355729e-01
2.661823983118952186e-01
2.075686509023092485e-01
2.169827551381421638e-01
1.974679391948309937e-01
2.171409031281686386e-01
1.992477524488122098e-01
1.909645512581689686e-01
1.717618113789259049e-01
1.988640890864395161e-01
1.894441639325807336e-01
2.166381445266313821e-01
1.746555566266141113e-01
1.355261895750605461e-01
1.496762697523585095e-01
1.563051734406800675e-01
1.387005613366865120e-01
1.827413063342706867e-01
2.028355500310120019e-01
2.148737846506330595e-01
2.144825643354977829e-01
2.037902557000361436e-01
1.828010327359281539e-01
2.189732322368526385e-01
1.615900219797234416e-01
2.243965229897639801e-01
2.201794560610567941e-01
1.377371461643663586e-01
1.687706521291808537e-01
1.554714220857802143e-01
1.128215287187436383e-01
1.390094250049423441e-01
1.319024425901194342e-01
1.611008056916650166e-01
1.395570968739333617e-01
1.081550676702888042e-01
1.416578328334853754e-01
1.525441342779856047e-01
1.585927916141116334e-01
1.307705223220987367e-01
1.519921555165244798e-01
1.057993510873672105e-01
1.017817319367458617e-01
1.226547841589602506e-01
1.114680673422106250e-01
1.599903264558391602e-01
1.562261990783357646e-01
1.238654718010236688e-01
1.525564348278612425e-01
1.701293479054794278e-01
1.401920031896702057e-01
1.381405552629153544e-01
1.257491394046862665e-01
1.090920684999659024e-01
1.337809650087151414e-01
1.266873907660557019e-01
1.089100710062854555e-01
9.567948448158382357e-02
1.136636823813723801e-01
1.254821201240782780e-01
1.416113006307046507e-01
1.879706883178402232e-01
1.111166106400047898e-01
1.428688050822343458e-01
2.857395138687893743e-01
2.274487079153929558e-01
1.655587510676114760e-01
1.056750686436149916e-01
1.030721310433554277e-01
8.151246112174920233e-02
1.238801502667620652e-01
1.300963988328133203e-01
1.141582364885364992e-01
1.391792346413864567e-01
1.007972113323052366e-01
9.115037642921366978e-02
1.019577837196504883e-01
8.064684194613082335e-02
1.249673542658392283e-01
1.659362885904418772e-01
2.015595860194436817e-01
1.680273855880916045e-01
1.845016173679606408e-01
1.253754357499111682e-01
8.719039869210577776e-02
8.905191849833314632e-02
8.102386933432725868e-02
7.903067471273081401e-02
7.332798069685725340e-02
9.267079425596183584e-02
9.585361165151864982e-02
7.999333955816594066e-02
9.682235037388974008e-02
1.123858973501583730e-01
9.169881768559624835e-02
1.077605308009005614e-01
1.554344562664537466e-01
8.452171547524003903e-02
1.242694215694144788e-01
1.034274481114357269e-01
8.485639856245345836e-02
1.281470367690535628e-01
1.855126838530803957e-01
1.319229437741135658e-01
2.068703467781962679e-01
2.267489559693250945e-01
1.584406195366618031e-01
1.873112188944248413e-01
1.947940103732865580e-01
2.067470981772774330e-01
2.015144453053851203e-01
1.473321518320343526e-01
1.785907217931886337e-01
2.742143765161738633e-01
1.430312619211082936e-01
1.350483702762549643e-01
1.089198079016949483e-01
1.025816578784869842e-01
9.596678762510527094e-02
8.707019901832403763e-02
1.006775494162918394e-01
7.581121119579958822e-02
8.961299535356145873e-02
6.748224441630026882e-02
9.230415256250390499e-02
7.559686359867730243e-02
1.225388162741332804e-01
7.744356443645097898e-02
8.493444410641741438e-02
7.326070126939900062e-02
9.830620096930688112e-02
6.999998652196086357e-02
7.063332229678648266e-02
8.840970118295167490e-02
9.588997753929547063e-02
7.563215362698041955e-02
6.910454853593485380e-02
6.109243555879077109e-02
6.254008457920674779e-02
5.960043463008062731e-02
1.293884822401138446e-01
8.485985973441702301e-02
8.513229133897221024e-02
1.321838797014885380e-01
1.411841952841022541e-01
1.543280373034770780e-01
2.018952647616579221e-01
3.396347246621554961e-01
2.397860709135129220e-01
2.082371333968439375e-01
1.630433953586643558e-01
1.156709048047509653e-01
1.197868419065137024e-01
1.116932702464996929e-01
1.451481009393708888e-01
8.640730908406719923e-02
9.771761934214223677e-02
1.163511167862902873e-01
6.194572210137675589e-02
7.991245722134486529e-02
7.446751640647755743e-02
9.735795048204019808e-02
8.952537852116938810e-02
1.582970931965160810e-01
1.724970970391335179e-01
1.076306371624739938e-01
8.207775513693714442e-02
5.675087511250198613e-02
7.872724703611747032e-02
8.062270281186868781e-02
2.148895324804177553e-01
2.618076687329705665e-01
2.398555058842428422e-01
7.165641369169577501e-01
2.506205313816645686e-01
3.250196415201676015e-01
2.921146155684284929e-01
2.732214967855535748e-01
1.530274315178809519e-01
1.844823774077337109e-01
1.351524709767943921e-01
2.191915957170090246e-01
2.465987488387244297e-01
4.092765781196305852e-01
4.262362427999671910e-01
4.692457222138430861e-01
2.606068121584215747e-01
1.473401813851839270e-01
1.685616073895712386e-01
1.385034763754102449e-01
1.988368821899900718e-01
1.460464921668039318e-01
1.429456645340847765e-01
8.049235150898473301e-02
5.072498172209308903e-02
7.918897661838003588e-02
4.614635468457957412e-02
3.084151866551048879e-02
4.041185108814043109e-02
4.161202135577891925e-02
3.492250817828321252e-02
4.340113211297397938e-02
5.825423279307655883e-02
7.366765231602895314e-02
5.210101545531570927e-02
4.778519418772241706e-02
6.302976771331504635e-02
1.119287083343983996e-01
1.809204147929563689e-01
1.507496637513870419e-01
1.549583194721740609e-01
1.987305167680650242e-01
2.247507389062791128e-01
9.012741503846716240e-02
7.746704643642696175e-02
4.975301081067549924e-02
6.134740452047085513e-02
4.518684213012939821e-02
4.404681925755256355e-02
5.572372388166423746e-02
1.110608718420582897e-01
2.263864419825210583e-01
1.900188859778457473e-01
1.101014734774125869e-01
1.069459810858216647e-01
1.015742197244295791e-01
1.163792932303878563e-01
1.080483518373471091e-01
8.152097614669530368e-02
8.062322262536782136e-02
9.662443011517457547e-02
7.153167965379469972e-02
1.041840100406113689e-01
7.868454546226454072e-02
5.626256357345627707e-02
5.127775138457411896e-02
4.273662534432903087e-02
3.991136291549419318e-02
5.179536064660113237e-02
5.118742093108134827e-02
8.688198796996290940e-02
5.216180738746100526e-02
4.398246021301656372e-02
4.765583355040654834e-02
3.061710995123619050e-02
2.748252615218162512e-02
4.741417845667798142e-02
4.272150715480688837e-02
4.852670844269540290e-02
6.906633932910986873e-02
5.796011611331838842e-02
6.112727725387816224e-02
7.167661269076062991e-02
6.300527898527029380e-02
8.178462823492979594e-02
9.842273462871052592e-02
1.086734970888894036e-01
1.351909967874760643e-01
1.461350402297378337e-01
1.298945975141894138e-01
1.556758030903793999e-01
1.094868369814839676e-01
8.666262801907073654e-02
8.509212222816352200e-02
8.768310934384818123e-02
7.960081787444120427e-02
5.057623867410624557e-02
4.745921534414325460e-02
5.635761794618812659e-02
6.610528222577735646e-02
5.338188233085673640e-02
4.839719850598547812e-02
4.959088061446449008e-02
9.031748596486141589e-02
8.802825487060661480e-02
6.995070363623810683e-02
1.523857195750298876e-01
1.185479001423272172e-01
9.656377042511726794e-02
8.753030275290535345e-02
9.439215661994990181e-02
8.250962958098297106e-02
5.517133010088676875e-02
8.288976758778696108e-02
7.281230052586927515e-02
1.021605101276800570e-01
2.765945414261228863e-01
3.682837990165615527e-01
3.088985960923669727e-01
2.011245043121499543e-01
1.441493764639759922e-01
1.074355845739667359e-01
4.997621718302282523e-01
1.523580186069105613e-01
2.455533590628228846e-01
2.000889996440969043e-01
1.629274270867242802e-01
1.243491734355193223e-01
8.374550796005834907e-02
6.650359833589500336e-02
7.707098787917548988e-02
7.493257109148478146e-02
1.011124372430362989e-01
9.567201652967428915e-02
1.438017852139757136e-01
1.143167220404589235e-01
1.278199942271902312e-01
1.102560844971440801e-01
1.463124507219354387e-01
1.193786290998523902e-01
1.658032573801609677e-01
6.966757331546437337e-02
6.146238402133289563e-02
5.083687860462562935e-02
6.918426950419163945e-02
1.148550216024337017e-01
1.430547696247959633e-01
7.031488963928413105e-02
1.070259380030167684e-01
1.069448667211459203e-01
6.235036864429533560e-02
5.196192025969421230e-02
6.725700650449566165e-02
6.565071023626158075e-02
7.366189809143207368e-02
7.438625545761588798e-02
5.636889933353393667e-02
7.671626959115089572e-02
1.314220949719813736e-01
9.609848394055563181e-02
9.390603926632443144e-02
6.296824449938766277e-02
5.956508238008596107e-02
8.877413210925884368e-02
9.081752241336472908e-02
1.499031927276865961e-01
1.495012643899322202e-01
8.516126027514349384e-02
1.187597144816902178e-01
1.043733642044347848e-01
1.682793753752838684e-01
1.377985264464642590e-01
1.588522454578145393e-01
1.630340295328097655e-01
1.083912899647260092e-01
8.796911010822422439e-02
7.583948320378874897e-02
6.873540915855765043e-02
4.481868248780902092e-02
2.920597231596198246e-02
3.434271205109441782e-02
9.839133472486159826e-02
1.738089446715070374e-01
1.567578858320003987e-01
1.059544441721831237e-01
8.850521530777669121e-02
2.547689227510961940e-01
2.217037545413543254e-01
1.737283819174616495e-01
9.316738645342073633e-02
6.279982564677530354e-02
4.574692369585572904e-02
5.143863448593351262e-02
4.152996663763892232e-02
4.977822437282045792e-02
5.872569168180451216e-02
5.776662240001269322e-02
1.157516721132651472e-01
1.121860753130294180e-01
1.179208802527604155e-01
1.681185052659672219e-01
1.086578024133929427e-01
1.603061954437594305e-01
1.004523408933471612e-01
8.555285127517434085e-02
9.443542494115994557e-02
1.472880721617156330e-01
1.343042222490502813e-01
1.041303592141943901e-01
1.738507991394963315e-01
1.832028177254753643e-01
2.519421754441514838e-01
2.396953411192426775e-01
1.103842558657130019e-01
1.138183074299652098e-01
1.687705836247340441e-01
1.520492025584802565e-01
1.471953781307931697e-01
1.524316917382030900e-01
8.060356347306110725e-02
3.274487711902735604e-02
4.172937339272377033e-02
7.427167697679931679e-02
6.988126526836754837e-02
8.725438929359172202e-02
6.058945272313705221e-02
1.002120666990623105e-01
6.367428471837403847e-02
6.688126737451163817e-02
4.653595984206219949e-02
3.099639512610113945e-02
3.759984457521071965e-02
2.822374638359472290e-02
2.943565300689142405e-02
3.331951264907671850e-02
3.941796911597531677e-02
4.361014252385239653e-02
6.271983237817588264e-02
4.366792638042414632e-02
3.021745281603563024e-02
7.229987034385300382e-02
6.701655467876090067e-02
6.251093733850948686e-02
6.308768748944673654e-02
1.222580592026427382e-01
1.768123264873047162e-01
4.212928130759068801e-01
5.526855996336117460e-01
2.686639159305947433e-01
2.264412702837018121e-01
2.559646959619388817e-01
1.533768730623873977e-01
1.376109318140713578e-01
3.959138194593130045e-02
3.210293743304282882e-02
3.953532186463411258e-02
6.614786752740141329e-02
5.622143835940665579e-02
3.352847381928529547e-02
5.109544962175387867e-02
4.910577624226838966e-02
3.407914496959755374e-02
3.204427129589945689e-02
3.290605737046251728e-02
5.380538170363594053e-02
4.324477782531685466e-02
4.097305060408661104e-02
3.283395896612548159e-02
4.125014472617160449e-02
2.810713228402015804e-02
2.904056163124511120e-02
3.170279668335486412e-02
2.667799776990828833e-02
3.150932355843934218e-02
3.029340660219250261e-02
3.594454501082501585e-02
4.184555131004993878e-02
9.101707211827357591e-02
6.772273565110410731e-02
6.158231442192337035e-02
1.242210835971625238e-01
8.473589422683594496e-02
7.534437502783865315e-02
1.001439113166387035e-01
6.613157756595730574e-02
6.169940784360340713e-02
4.605026658261068828e-02
6.859648836468229538e-02
4.476292526264127880e-02
2.831203523912143721e-02
3.242811476085735722e-02
7.438525305735577131e-02
8.325637196049345823e-02
8.846993907301171911e-02
9.375003589984538810e-02
8.922361591603258923e-02
7.199145923883235043e-02
5.682873662187221814e-02
8.076030588182782355e-02
1.105102904003691655e-01
9.543361707149142226e-02
7.964582854044646720e-02
1.772742536724959128e-01
3.496691848212636899e-01
1.728838067411894164e-01
9.529212005820392184e-02
9.934914824432293512e-02
1.212067165750489312e-01
1.184008048944664021e-01
7.807224196584822140e-02
1.288482864604930944e-01
1.164115216772016320e-01
8.777121693906050903e-02
1.237752781611830694e-01
8.685849293037685437e-02
7.275062214624304635e-02
8.204361901851121852e-02
5.692576057146802454e-02
3.452703158698782610e-02
4.624017531343672938e-02
7.448460385616159640e-02
7.821144088065022648e-02
7.859155987023304368e-02
6.321471098693115520e-02
4.342563573652281905e-02
8.392226231133946557e-02
7.867222979974614061e-02
4.079610518172222672e-02
2.817050253076691310e-02
5.441798444374497390e-02
4.126104106218804468e-02
9.603856859114884292e-02
1.723065448695234592e-01
2.054236625388002890e-01
3.007586661908748238e-01
1.019201647589245419e-01
1.006452808662240267e-01
1.270797134735457135e-01
2.388125663064647741e-01
1.915544799352081329e-01
1.129568862937284507e-01
2.425882557454595578e-01
1.301090716726288621e-01
1.183017008673822035e-01
1.039664899605692305e-01
9.474480530309149773e-02
5.570434255994945183e-02
5.661385577751686105e-02
5.131120110536457890e-02
5.084667159913773549e-02
6.652829932503501187e-02
6.274001664320702498e-02
6.594752102670456417e-02
5.313699183449917263e-02
4.195348124836743159e-02
4.699406419747767516e-02
7.455842626895238523e-02
8.252010199533660328e-02
5.666113607749097281e-02
3.868573319145870992e-02
4.146245810830394285e-02
4.242639291969498017e-02
4.741529457195207270e-02
7.954465003579061499e-02
7.634461339414660985e-02
6.537492841039441172e-02
5.741442720252831061e-02
2.798221339263521346e-01
1.893524939722612821e-01
1.421830232590725329e-01
1.115652351395575032e-01
7.845021957328414397e-02
8.203575171830131130e-02
5.394008803145544650e-02
2.215201076592526741e-02
2.752292618058060913e-02
2.337369493790713432e-02
2.606733411383492169e-02
3.903531312979712647e-02
3.594006790846430988e-02
3.394487459748892627e-02
4.390024026178532962e-02
7.522129029818588886e-02
4.728905235775286708e-02
1.049113631212477415e-01
6.031685240968970990e-02
9.530329070481657894e-02
9.139428005052675774e-02
6.920177835223401130e-02
6.906333072815976082e-02
6.952200892670322430e-02
5.401740144528325432e-02
6.469748635051872365e-02
4.417941070936975273e-02
8.418054587396681110e-02
1.359194790906927686e-01
1.544177805738245202e-01
1.270741087007768721e-01
1.115590164392252226e-01
7.437302206476367750e-02
1.144411953338802523e-01
7.649034688222984546e-02
8.862881928783082619e-02
1.077414310863034769e-01
8.354234340069320586e-02
1.897302497982865654e-01
1.961299129458661805e-01
2.391885840356498261e-01
1.580093587817545386e-01
1.259152129258614972e-01
1.780682121299834164e-01
1.327462467585426298e-01
1.136236514017248400e-01
1.042198616902805380e-01
6.918770350634045885e-02
5.186036652468684061e-02
4.880908029353419469e-02
6.591355286818652293e-02
4.576274224293720716e-02
4.562650389278711388e-02
6.246909735579690703e-02
7.064285067492283299e-02
1.299076822807658238e-01
2.408903786631671484e-01
1.622969267010720695e-01
1.668418983513959841e-01
9.911424014270894811e-02
6.817077662927840953e-02
1.302475076426072575e-01
1.891660804435722210e-01
3.266778002329170927e-01
3.006720732955749376e-01
2.873672823045761993e-01
5.088983530752950735e-01
3.112420047594585681e-01
9.607906350399954276e-02
7.932883803516992127e-02
4.221497470951150743e-02
2.932115561384892113e-02
3.693502051769092381e-02
2.981071686614275920e-02
2.663969556126011620e-02
1.012577586973325977e-01
1.129264145446109424e-01
4.967156493024057345e-02
3.761746584124314036e-02
2.419435497094123838e-02
2.659647536962695194e-02
2.884753078702999990e-02
3.401582781707580827e-02
3.657724869599482398e-02
2.016361483788813719e-02
2.081530226778804948e-02
1.984811727769154877e-02
3.148227870394754158e-02
2.553228071719634493e-02
2.667922078124501661e-02
2.718389320554098765e-02
8.101349103322431910e-02
2.222198670819258148e-01
2.434078528653897400e-01
1.564156462161937489e-01
1.626051660923879261e-01
7.977878658129861078e-02
1.095231274387652304e-01
7.156044359478833106e-02
4.483714443782594455e-02
6.109138990336530212e-02
3.664093384992615776e-02
4.785498003700650732e-02
4.501474616011224422e-02
6.031558206889819224e-02
1.317976429654652559e-01
1.402364110610496151e-01
5.925192178592332548e-02
3.643995424179818227e-02
2.930314132781776729e-02
3.487869412641306927e-02
4.580441496450714245e-02
6.301946761193379098e-02
1.051076032493073742e-01
1.510378936773712766e-01
1.765988974631559072e-01
9.380055151753198539e-02
8.761274036663399545e-02
7.251746501110709064e-02
8.984528370429599453e-02
7.226324550444834793e-02
3.560611073845666719e-02
3.199249442407395283e-02
3.291348740075276252e-02
5.616663373148652466e-02
3.775454797472825585e-02
5.955020709386260602e-02
7.249259156275264515e-02
1.090210039025974742e-01
1.395428485778825722e-01
1.743565086334444847e-01
1.525602309490107500e-01
1.021473698699880556e-01
7.664667939897264193e-02
9.725720898341870535e-02
2.103679347277783718e-01
1.850230287029715204e-01
2.531483120992258917e-01
1.719645428591387304e-01
7.728516154778972136e-02
8.512497390374686168e-02
7.787080663777504186e-02
5.978392976357584099e-02
3.694291065295461640e-02
5.391338117225941140e-02
1.594033847562506545e-01
1.328414624275741918e-01
6.456438471919753730e-02
5.823733668116057305e-02
5.833937046144768712e-02
1.030205977897126618e-01
9.541863908118455861e-02
9.602112472325102788e-02
8.913416653379907517e-02
4.412809808546910850e-02
7.671553077184919966e-02
4.554288564121919403e-02
4.283852078497136368e-02
1.186975962205133600e-01
2.704564155156857774e-01
3.380439371400584814e-01
2.611834638067303538e-01
4.210953744589343573e-01
3.296186473344797085e-01
1.889338478524252019e-01
1.089993925887479398e-01
1.011272755930606171e-01
1.228638526758740468e-01
1.381508186315441589e-01
9.079564825992071653e-02
5.315380363831962579e-02
4.468622456877223426e-02
3.276155216869459930e-02
4.101963871381038990e-02
7.915081951989925979e-02
7.107194228799681990e-02
6.772983423479236875e-02
9.235003181844729514e-02
5.073943518082583981e-02
4.351733660080021188e-02
3.491549416213687862e-02
3.053883908696112051e-02
3.235518209118787292e-02
2.526785809754730425e-02
5.465016624587928917e-02
6.013878325675824088e-02
3.296850059952126377e-02
3.654152384015584704e-02
5.822338724072054217e-02
4.468439081550363429e-02
4.842417305051805593e-02
2.180485555298497871e-02
3.722280563115595159e-02
6.456635984244021853e-02
4.092536906155774118e-02
3.421189573969015546e-02
4.324458346213747029e-02
6.673375705894427079e-02
3.620999339941535777e-02
4.532437324072913221e-02
3.732261508078554141e-02
3.921523925453179044e-02
3.603254730146320667e-02
3.313520282027067332e-02
4.428424923913776290e-02
1.716020874920492212e-01
2.961272753963668514e-01
2.617837729613930464e-01
1.948976099154139940e-01
1.800805372499619805e-01
1.165791359160823909e-01
1.116117297248603174e-01
1.542416637441025862e-01
1.446638415843687908e-01
1.179235323651304929e-01
5.282166408246988243e-02
4.186212234895048817e-02
5.437079299666407184e-02
3.144129046278872075e-02
1.874253224175185042e-02
4.059528229503406305e-02
4.852686343372851485e-02
5.633629879382400646e-02
5.240828370347050402e-02
4.105804713578849185e-02
2.916377338487993395e-02
2.079539178614963832e-02
2.218269279734817745e-02
2.013814215879017322e-02
1.989522198063296485e-02
3.001877621066250876e-02
3.016381403084734958e-02
3.235100076716006245e-02
3.587785219822165611e-02
6.637183758452967763e-02
1.114871134078957993e-01
9.864106262042091067e-02
2.235145984510429895e-01
3.090488604215829160e-01
5.953050276614241243e-01
3.751352249597351141e-01
2.543701196268982057e-01
1.653544100381516835e-01
1.362640308131202738e-01
1.205011190761633155e-01
1.382423834096488946e-01
1.477161881722832415e-01
8.869661709120237048e-02
6.345986196777500532e-02
8.195137892312004402e-02
8.893428355211609182e-02
9.618709884397065590e-02
1.682079247294711033e-01
9.926048517103119861e-02
7.565884835731383207e-02
5.820881430999812894e-02
3.357979554247760706e-02
2.939421045564521648e-02
2.488495238817783894e-02
2.466570364469124893e-02
1.810576184582857184e-02
3.519375693174952441e-02
2.796740645179890752e-02
2.148966527466117035e-02
1.970499601994783051e-02
2.057380894695866672e-02
3.340972942147203695e-02
2.725126126474598787e-02
2.404566752929658199e-02
1.694577245495924867e-02
1.644245145828509766e-02
1.501406377944573302e-02
1.546949602071543729e-02
1.073238403959922253e-02
1.867993075311029372e-02
3.711068618439589128e-02
4.827937521552854577e-02
3.973594326369667834e-02
6.115989507366641209e-02
1.355725992562342441e-01
1.552580303118465399e-01
8.707471601859510801e-02
7.276896103306643160e-02
8.851370862947931240e-02
2.800756829815558846e-01
2.387614567233383167e-01
1.019016172994520464e-01
6.181112593329748245e-02
2.858294955049163824e-02
3.634653165551944565e-02
4.556183910895986178e-02
4.139518322420031315e-02
3.749301083756972214e-02
5.307785449285891410e-02
1.003182756203027243e-01
1.549561406274442832e-01
5.456763040743221882e-02
5.803292152352713257e-02
3.839025741311263146e-02
3.618638798865855821e-02
2.984879276665079739e-02
2.100880546843812008e-02
2.113876145392971223e-02
3.234758945923867091e-02
3.911793855769747641e-02
4.448676634374437028e-02
5.652953754442176237e-02
9.368488405453781476e-02
1.168089308570091911e-01
9.600652385030279679e-02
5.830560561898098793e-02
5.163504971452654441e-02
6.890237772951034179e-02
7.031646065664859391e-02
7.959987888883911233e-02
6.350078165519236484e-02
1.329466794308716560e-01
1.819915641997006117e-01
3.271183721442695314e-01
1.921251552183258771e-01
1.155998634658636087e-01
1.089942260666736662e-01
1.119882706066852307e-01
9.626194774390915698e-02
8.565173316468392695e-02
8.816875604897826679e-02
4.545166049293698773e-02
3.737558207563127649e-02
3.192509427327765853e-02
3.377660449471089205e-02
4.072006508230569671e-02
3.038611744069934922e-02
2.536409583824699929e-02
2.304514030524529994e-02
1.404059066997322483e-02
1.558243709691164644e-02
1.949405897348064146e-02
2.218314451694998468e-02
2.737560163702005417e-02
2.951176022713852126e-02
2.445183359850052265e-02
2.845734676250913017e-02
3.548877563469896718e-02
5.112244992201325083e-02
6.761913570849462096e-02
9.739434307595552787e-02
1.046857637975245336e-01
1.244586861706169639e-01
1.203985637217002136e-01
1.187755988968890175e-01
1.157554563871716485e-01
1.114974183784566697e-01
8.710601638705206540e-02
1.257830011691313810e-01
1.525977496649416620e-01
1.012369139068619167e-01
1.377978323870670818e-01
2.662279321989681202e-01
3.662338135536457595e-01
4.950262809730536784e-01
4.623890102576758143e-01
3.166826259579771374e-01
4.303093548935149615e-01
2.843124180194527839e-01
2.480569446576138259e-01
1.329495143003913138e-01
7.461482532008736901e-02
6.326246769991326901e-02
7.313828947936212854e-02
5.090035809260935046e-02
3.146770863319724165e-02
2.452020358252111204e-02
1.506833772261733859e-02
1.309547889723798944e-02
1.822523311969176385e-02
2.349311639501299939e-02
2.466912239166122942e-02
1.744916312554596616e-02
1.461237162779593576e-02
1.364258855462562731e-02
3.631803240726811516e-02
2.641932212226461366e-02
5.559442884378014427e-02
2.771503806137093004e-02
1.804197668601255355e-02
2.341747665877552675e-02
4.400353931322498191e-02
1.833431782712988817e-02
1.596937160830885077e-02
2.044119126631325362e-02
3.017315776054798476e-02
4.754338061203954718e-02
1.025561301306013029e-01
6.471553544255215229e-02
3.825707770253195666e-02
2.750679612913994182e-02
3.864174578013753608e-02
2.054647245938668113e-02
2.207927531840231036e-02
3.430621772408895542e-02
5.161151965102721284e-02
4.675946541064372047e-02
2.594677882992309920e-02
3.732718186661390658e-02
4.628961041761384815e-02
3.757371582100484109e-02
4.852158493052057681e-02
8.101699757812065583e-02
8.589404197695885146e-02
5.369105747452933980e-02
6.983911978686012378e-02
5.899488997208676699e-02
4.014259190657376575e-02
3.002157482683373915e-02
4.187717065896804508e-02
1.193189146878996659e-01
8.513193755581510702e-02
1.067703535544028692e-01
1.159750038459784888e-01
1.754028321097989562e-01
9.594323673275659270e-02
5.732458239990322058e-02
5.118301580878958923e-02
8.909446326285527795e-02
1.244214023514607220e-01
7.148699363896607317e-02
4.181018877934410127e-02
3.829411918518019903e-02
3.505035040042763644e-02
4.818958796113249204e-02
6.068769396029053548e-02
5.845124987365538094e-02
5.545684900307291249e-02
1.551979317508790368e-01
3.599119540166100251e-01
3.216309314745839365e-01
2.210871957559607526e-01
2.422193663332118663e-01
9.654660346762759804e-02
6.462471607159278597e-02
6.204620609023286243e-02
6.978657816465448638e-02
4.566151503593696148e-02
5.425102007571502155e-02
8.127091594032048727e-02
9.848840646363361817e-02
6.697650102343666312e-02
4.444297777693125007e-02
5.920368781782489598e-02
5.451056279748067029e-02
3.069000552559790485e-02
4.222285152846136369e-02
4.525583071581800593e-02
3.858378116177304390e-02
5.113583970277092022e-02
5.381419021341730946e-02
7.071373557024224210e-02
1.458758188982581250e-01
5.539688500125181658e-01
5.707437035216079702e-01
3.545706841053745673e-01
1.103231219792023987e+00
9.541903366960166055e-01
4.125253661400820615e-01
2.849615281475205708e-01
3.086874435470096656e-01
2.704184388206679612e-01
2.858944899547011809e-01
1.698987179293389438e-01
8.403914689042980835e-02
5.897968795744230885e-02
4.787894206109522682e-02
3.175943556602459084e-02
1.487456675629706890e-02
1.755164649594595505e-02
3.015186239806072824e-02
4.214570852693765024e-02
2.887117514495946696e-02
2.035093922180681442e-02
1.615767540008985689e-02
1.834048370174267903e-02
1.667278093411933559e-02
1.764694178793258308e-02
2.434633579851672516e-02
2.040007739815228108e-02
2.024716863100978204e-02
1.685818113725932529e-02
1.660401214799807693e-02
1.681820862439594236e-02
1.475823651366971710e-02
1.605380682685366919e-02
1.738460251018365127e-02
1.473369242695428752e-02
1.346477501320849160e-02
1.065607109958018224e-02
1.351884380670863826e-02
1.736382118349871079e-02
1.554213314394082938e-02
2.467480473859776785e-02
2.317009228091185952e-02
4.018502437187936732e-02
4.226277732243072932e-02
3.206245489347054473e-02
2.730404948880639504e-02
4.544461833118526584e-02
3.232302919526047064e-02
2.393874677804778625e-02
2.718148529253006096e-02
4.480937681952334301e-02
3.299966487056334163e-02
2.873576011092408150e-02
3.212697032693174332e-02
3.161994980693231400e-02
3.798037051506048672e-02
5.077357036686265535e-02
7.132051479867894395e-02
1.547278896581562868e-01
1.065060735710029738e-01
8.233260501235932505e-02
1.094065909260634045e-01
4.138249957785861133e-01
2.053695131387387462e-01
1.167009357541334419e-01
2.774618095258245543e-01
8.859978389322317183e-01
6.137723618122280511e-01
4.070141601697478961e-01
3.358804038395713509e-01
2.351644155903507005e-01
1.206350325345394020e-01
1.110384085325975545e-01
5.240254023463145061e-02
1.213754895025350167e-01
1.501723093605711601e-01
9.744073643526471318e-02
8.469367195740938603e-02
3.993372741391661845e-02
3.902698008203231428e-02
4.472507021899234381e-02
4.576885317324001085e-02
3.127167277524511152e-02
3.365325188584517013e-02
3.745373855177723532e-02
2.373744581310091931e-02
1.516192845967490911e-02
1.688843124482367758e-02
1.927540334459826657e-02
1.537533118665155782e-02
1.979131319170168019e-02
2.924756577402169017e-02
1.714675116166959959e-02
1.148804182095778705e-02
1.306286372516716338e-02
1.246854189134141006e-02
2.244110888970100165e-02
1.591600402162518871e-02
1.293634310482263093e-02
1.301425197230600232e-02
9.655772034268509871e-03
2.124989011986630136e-02
2.137186460564421270e-02
2.004460593500433790e-02
5.322929140062512138e-02
5.495538515125848039e-02
8.292319560265644374e-02
9.554130513163087979e-02
9.930903178839357859e-02
1.628851729434080964e-01
2.758627131206270455e-01
3.045688864573909416e-01
1.124108521147635931e-01
7.780035805439874941e-02
5.732290268263661587e-02
6.443376408015946688e-02
4.655750358579295589e-02
4.371717218452025183e-02
6.084087636606139160e-02
6.641461456845673683e-02
2.420877255317343407e-02
2.351232119366546136e-02
9.265199404660609539e-02
6.578520296511955467e-02
5.709494186623406686e-02
7.403569782716470926e-02
5.150576297359561045e-02
6.816212425268503017e-02
8.357156069155775857e-02
6.103233846711240973e-02
7.142771352059572310e-02
4.277257787986905174e-02
5.766658203829540946e-02
4.083873644330416469e-02
3.196265363487441058e-02
2.584342002183835640e-02
2.354348663318311594e-02
2.668738108212529575e-02
2.902557967585800425e-02
5.858524643493962653e-02
6.500142768856503883e-02
4.655206149010306105e-02
3.130301443808850698e-02
2.798678789230760536e-02
2.061588538693702108e-02
1.687549886386195686e-02
2.063490398720767977e-02
2.338514524007253431e-02
1.284621322618991618e-02
1.313965882704922969e-02
3.083877887185599437e-02
6.754740419045429656e-02
7.901494783881909956e-02
3.210622775047111688e-01
1.781005214808764336e-01
9.793068851798306107e-02
7.122510524604247495e-02
1.019855978722264828e-01
1.624212331685261634e-01
1.351136826888083009e-01
9.027725903286863696e-02
1.091200946306080527e-01
1.585284669679776215e-01
1.966981029591496899e-01
4.532512531884210771e-01
2.457435161932271794e-01
2.027244639765039824e-01
1.530076636521326972e-01
9.685126865030760368e-02
5.578004962343496159e-02
9.572587644787100558e-02
8.938698496764047041e-02
1.084183321662459537e-01
1.369147593886584358e-01
9.270885353939116447e-02
3.047267558114657993e-02
8.754562402790042053e-02
8.168332473235434543e-02
3.725837617223255044e-02
3.007081688323386820e-02
7.337276140564569227e-02
7.277250974932360228e-02
4.768477345569093612e-02
1.999652917697796600e-02
1.373753572629232526e-02
1.129401994051141764e-02
1.073024668364514281e-02
1.930180806235708146e-02
2.242148156506572343e-02
2.559013613478883925e-02
1.676789204422103260e-02
1.696922813750263714e-02
1.219730515006320001e-02
1.099094588856963650e-02
1.894732706490378019e-02
2.270097699256079168e-02
3.004931549727481513e-02
5.628823979683366535e-02
6.311841593458974997e-02
3.604173354007656621e-02
2.803915705809790354e-02
2.308206733752328488e-02
2.579123284633980800e-02
2.681505776726464049e-02
2.274090085828547533e-02
2.902565997429006756e-02
3.735901183245571300e-02
2.744040532698897167e-02
3.833676531459834225e-02
2.178451211774391078e-02
1.854906142611213032e-02
4.146704440970949701e-02
3.336020444356749964e-02
6.001603476642110996e-02
4.550376570368999674e-02
2.976904789546164568e-02
5.424290874569848847e-02
1.701654246269879434e-01
1.718559867856995493e-01
1.079232675553977727e-01
4.217525457837197761e-02
3.690487967313410556e-02
5.149660763817331954e-02
6.368667247514755991e-02
8.514244963787388765e-02
8.552816809515333130e-02
1.333505803353046693e-01
1.270034638137382266e-01
7.589379825765775467e-02
5.237523402129308503e-02
5.794349079561274263e-02
6.709924709936940235e-02
5.645068610141671522e-02
4.090100597604925947e-02
3.695479242089056565e-02
4.464544981312857513e-02
4.217782027082373625e-02
3.240421285967205051e-02
4.074982545100643005e-02
5.477970094905902643e-02
3.941730122023000271e-02
7.480591834020103303e-02
5.778395362499073179e-02
6.847856489952872105e-02
4.632399491665073477e-02
4.450319112355163864e-02
1.129613845079008028e-01
8.370274209326240833e-02
1.181881172781139855e-01
5.609635910470403553e-02
7.852822816738072587e-02
1.536033670059654410e-01
2.169520718902330225e-01
2.895544192577201859e-01
1.710832167751466515e-01
8.494758947887302847e-02
1.388666271557963683e-01
1.770156962450762095e-01
1.524047204685582968e-01
1.008937633702616382e-01
6.874475473548978532e-02
5.658367624390216177e-02
6.933126495857123983e-02
4.536917285697058405e-02
8.475243083187677939e-02
1.519307163023031482e-01
1.318746864146151665e-01
6.751550568748505843e-02
6.065472965885911061e-02
7.899759476176411443e-02
7.153489840171103897e-02
9.584368468410531250e-02
7.353094105557927973e-02
7.197891621015389818e-02
6.764689503541707061e-02
6.884916253217877868e-02
7.030667301628737431e-02
7.518300749983716780e-02
1.175319549600361280e-01
9.535275583978987390e-02
9.374912890665129672e-02
9.370270826895572835e-02
9.473007208638091481e-02
9.586674252563623377e-02
6.780913010421169007e-02
9.064775603293084849e-02
7.188977219725739554e-02
5.897122022586282625e-02
3.908216507186690336e-02
2.439930619628568123e-02
2.155422304248789944e-02
4.130635944563610523e-02
6.738276959911951303e-02
5.012617236775513546e-02
6.587922040486246522e-02
5.054583009604761423e-02
3.644861242657016637e-02
5.630141418280282944e-02
2.811881650543153477e-02
2.303862535444286402e-02
1.774394429447152116e-02
2.560178336487537246e-02
2.758496592155419702e-02
3.313374821556550054e-02
3.609377468763256408e-02
4.047080215225274530e-02
4.927747477263490217e-02
2.835114728564787356e-02
2.108249088363370674e-02
1.819825331369304827e-02
2.753078109701284984e-02
7.300822864432945924e-02
1.494804574055119128e-01
6.737253473204293241e-01
4.661007678053072367e-01
5.923467489626919047e-01
4.009348705146159042e-01
3.928238159397883233e-01
2.905952085421710240e-01
1.208445458060318778e-01
1.053713122453635437e-01
7.020403222736505688e-02
6.451982788774554556e-02
5.510767274245180480e-02
2.937230669437574521e-02
2.479033158380915258e-02
2.501735115016384334e-02
4.457145899569497222e-02
4.800626372683546722e-02
3.008506808738596605e-02
2.392926387441168465e-02
2.187512683503364114e-02
1.374964345981134935e-02
2.863280156557421879e-02
2.573391074278478380e-02
2.371966619863707937e-02
2.908351587239994818e-02
2.866246393989211466e-02
1.964202128704153547e-02
1.817070114883467466e-02
3.018020541954252733e-02
4.256704828809646651e-02
4.406631728868878189e-02
3.320685456055984947e-02
2.492400675141650049e-02
2.925604249835946774e-02
2.448979139393379911e-02
2.780541315545189546e-02
2.856643740571668949e-02
4.109963148037273223e-02
3.161343994332833224e-02
4.410298659541314614e-02
4.694968197462711518e-02
4.215376937481603303e-02
2.243478108869860141e-02
1.974862131963269277e-02
3.799583258440794586e-02
1.118820221964866996e-01
9.696807766155493558e-02
6.846982528643011379e-02
7.283461088421167018e-02
3.251035670668275812e-02
6.196171621387729089e-02
5.088017281615637988e-02
5.055280958666368701e-02
5.290459829219381488e-02
4.145851046790089561e-02
4.890283036103681286e-02
5.773123907306960956e-02
6.717129579152975039e-02
6.147670880662949033e-02
8.797757964164008848e-02
6.301173233522076866e-02
1.085510697882197395e-01
1.026372638735064957e-01
7.772870096336212398e-02
5.387265333936096939e-02
5.297787872088063899e-02
5.078786153342334381e-02
5.753973568144486739e-02
7.092756096957297807e-02
8.015919011006643335e-02
8.853751599236256431e-02
8.503553279097816886e-02
8.486184183955634841e-02
9.526546957477380340e-02
9.294669890546279623e-02
1.044175919447869333e-01
1.247206949289811351e-01
9.114312466824733838e-02
5.072850204933633533e-02
3.795348578315220489e-02
2.907249948348029911e-02
4.436262119984964170e-02
5.336022519203660608e-02
7.240535047760407461e-02
9.283752059839690818e-02
1.300952360825861354e-01
1.279775476073480300e-01
1.582713934400996336e-01
9.899027634113571894e-02
5.704307412739766103e-02
4.030705560415269451e-02
5.114658318422796168e-02
4.856903110902643234e-02
2.649591231020428234e-02
2.838862181290435077e-02
2.990144772983227214e-02
3.534120335188353085e-02
3.021839347788348590e-02
3.217487327263272162e-02
1.479844717504324447e-01
6.985992873326060670e-02
4.895743253848661158e-02
3.103779073840569336e-02
3.975197629459632787e-02
3.650630768434793422e-02
3.804603899631902458e-02
3.099506033028156735e-02
2.724617460020356194e-02
2.318233822917755566e-02
2.589260293271098204e-02
4.223183096443495349e-02
4.180178703031490334e-02
7.285902115146956903e-02
9.040206557351690431e-02
1.538796900363698372e-01
1.500401052889775988e-01
2.118484857137774846e-01
1.505664857716172422e-01
1.708697867811830584e-01
1.148081986641178304e-01
1.518521930169664802e-01
1.068625773282579627e-01
1.408318510784043742e-01
8.895868494254195735e-02
9.581499530771636630e-02
7.456496960162899146e-02
6.865312145127790144e-02
3.336099928660188341e-02
2.874042529519809860e-02
4.224915449773883336e-02
6.130510566199412481e-02
4.367787814941823110e-02
3.639268252611096988e-02
1.095125045362247834e-01
7.262890288618682744e-02
4.329824481048282631e-02
1.850610727969208974e-02
1.954192262800253169e-02
1.944588175715670358e-02
1.774884377947561626e-02
2.057258247269906984e-02
2.434777752123752984e-02
5.515130769772994684e-02
6.401749302738340974e-02
7.827791184748678077e-02
7.485565539166180726e-02
8.298027598016269324e-02
1.245355287400940619e-01
1.443913255531255324e-01
5.947307217874431284e-02
6.364244215944320215e-02
7.185538852783694697e-02
4.718354380714939039e-02
3.189244651426516308e-02
7.620526202711365438e-02
4.459772940998519425e-02
9.361928175634498528e-02
8.114228996360559054e-02
6.561702817145641242e-02
5.703359516573169169e-02
1.057622008230166555e-01
9.506138608274507240e-02
5.175091112071149996e-02
3.653566862754480116e-02
3.519619145116355263e-02
4.310293733368916747e-02
2.815932775160786758e-02
2.623917127321590340e-02
2.919563019814356772e-02
3.700123092439108752e-02
5.209532944654694797e-02
3.603186413770291530e-02
3.451167741836498604e-02
4.855527969071853772e-02
4.849192152007970880e-02
3.466702080634827265e-02
4.803231100075243398e-02
4.828625808633684596e-02
7.032942163904033761e-02
1.147507170462113285e-01
1.259017211612185327e-01
2.769456774983294345e-01
6.414350218427034012e-01
5.229632726831506817e-01
7.170646604584635098e-01
5.615393803112789239e-01
5.356423411615216512e-01
3.838733705111069816e-01
1.639272150425608032e-01
1.547746857769823070e-01
1.072246501703128518e-01
5.491217645320172619e-02
5.430640860488193666e-02
6.616731303264931918e-02
3.844186091007322642e-02
3.259542504137957070e-02
2.796854113592637733e-02
2.390219607434714705e-02
2.140988328798418966e-02
5.182164601514443331e-02
7.908630658386070489e-02
4.110570806315742148e-02
2.105586417030586022e-02
1.989790685396856940e-02
2.417117899831975475e-02
1.355845087952202259e-02
9.826377889202434629e-03
1.272286796979112296e-02
1.471674492807285156e-02
1.608801518328570671e-02
2.373955345031682901e-02
2.186348492859025577e-02
2.897418368184229848e-02
2.333922415735719194e-02
1.743384066760638937e-02
2.125668305190209911e-02
1.647990002901658646e-02
2.944784769418169051e-02
2.501436525190947613e-02
3.069131303608526457e-02
2.181695264304852819e-02
2.462147428400482049e-02
2.278918172597275277e-02
1.839392107459088960e-02
1.746912882929927552e-02
1.917544415812596353e-02
2.099415368628738954e-02
3.111974141381094669e-02
7.688737103252490934e-02
9.150521705198230715e-02
7.162178727906481912e-02
1.664098954499337313e-01
2.471149822019529374e-01
2.206033830017626041e-01
3.015964147809717111e-01
4.770533021519108297e-01
3.862877304064461503e-01
2.529146050951024960e-01
1.124325037758784201e-01
7.154061180000842457e-02
6.226222188849710876e-02
6.712757619846135282e-02
4.231862397488619920e-02
2.980851458116428807e-02
3.392612881500758210e-02
2.855227728435981091e-02
2.729890001474577152e-02
1.817002989730885643e-02
2.468838335758080302e-02
4.892628537153950047e-02
7.248090051709413228e-02
5.089090431756970040e-02
4.040600402038263539e-02
1.254119884362857318e-01
1.630272708258704017e-01
8.147157790218476081e-02
9.412583421529310823e-02
1.001475517367002577e-01
9.236263941896906415e-02
6.507267504443466077e-02
1.050149479834962263e-01
5.933036955287390030e-02
7.055729072589693451e-02
6.849205879950691356e-02
6.670857501582667937e-02
4.963574760755883053e-02
6.007503793700113420e-02
5.869323283829437632e-02
8.953645964918663380e-02
4.858338320823819140e-02
2.111626352253631947e-02
2.177628212360447832e-02
2.969740164409405414e-02
2.637570635345486830e-02
2.550138806374665362e-02
2.954107518052612874e-02
2.308658421653118215e-02
2.536711615558287850e-02
3.455845265717624737e-02
3.005936296428076554e-02
2.303155491049815179e-02
1.236899509704398464e-02
1.431127889533343606e-02
2.094295826428071300e-02
2.071858888493072204e-02
2.729535760568587571e-02
4.077472714229838507e-02
9.302872094016152726e-02
2.777945682837023034e-01
1.877032984848102659e-01
2.118674860164231621e-01
1.385777806138104584e-01
1.174995182254514325e-01
8.543836670820867396e-02
6.036886643479173753e-02
3.347907570299110680e-02
2.096888840999209733e-02
2.445297976858097633e-02
2.974052560307161377e-02
2.706463955452557621e-02
2.923670117791366332e-02
2.946159113434917640e-02
4.816488387191627391e-02
4.719721066473335502e-02
5.226031682421608537e-02
5.672811207782609000e-02
7.056669343579137499e-02
7.463518961856516198e-02
1.335477696087064570e-01
1.244587856774654611e-01
6.009342027536235947e-02
6.988444816839839424e-02
8.217262028159207088e-02
9.175064307925931417e-02
5.815673336990509479e-02
3.548551812202997008e-02
4.565637329769635377e-02
5.041393509439596327e-02
1.964820696072293871e-01
1.694644559208476620e-01
1.560319641985717098e-01
1.608159671330347540e-01
9.209624152319663415e-02
8.602995443824444644e-02
7.288821945095680377e-02
6.823084983400687364e-02
6.101235480626165247e-02
1.153912487590662422e-01
1.975474269722472254e-01
2.349143817853420191e-01
1.786849513182272309e-01
3.838398440644820164e-01
3.839558851986180077e-01
2.113463177511389346e-01
1.884208167586944038e-01
1.136131176688667810e-01
1.970077282617036796e-01
1.280258413894516389e-01
9.826877822231186443e-02
9.978672910093237813e-02
2.066625387577163964e-01
2.659054796317849578e-01
2.434850629428067514e-01
1.263666988395464874e-01
1.526807872116366926e-01
1.528666348975477596e-01
1.605241332386148911e-01
1.026431837064921831e-01
3.563634086228321951e-02
3.627914487342344396e-02
1.646819727522536372e-02
1.260376977711978250e-02
1.366571831470018462e-02
1.897593500478558445e-02
2.616087228859766481e-02
2.149877480592495005e-02
1.462325042640894197e-02
7.128061614724123807e-03
9.063308885717475880e-03
1.051334629409707809e-02
1.134952069494480145e-02
2.423274701491332991e-02
1.562745336559289572e-02
1.929593494044947247e-02
4.031159031521266978e-02
5.365592238099953920e-02
3.964683375522386199e-02
3.017233869457576489e-02
3.136495589774469794e-02
3.078199934487555259e-02
3.712983727991857330e-02
6.670870914898317794e-02
5.227384672865779264e-02
5.965803598584700634e-02
5.843315777236118141e-02
6.777078250157944628e-02
1.120292527204791583e-01
8.065162334305890635e-02
5.475539342845662377e-02
4.638777931997958848e-02
5.144659659225222365e-02
4.571255229910791557e-02
3.299042100602651850e-02
2.048534887899243137e-02
2.431894657888019132e-02
3.435899892859307220e-02
3.268762932073109723e-02
5.423359711172237585e-02
4.043229911829859802e-02
2.941347425214585129e-02
1.263593591041865249e-01
1.626203299868893559e-01
1.047243088928974247e-01
9.600441707242747535e-02
1.772992843446864197e-01
3.006930502082439949e-01
1.608059050679800928e-01
9.717401097093478213e-02
1.402713904126871580e-01
1.158785433379649621e-01
8.680409317959050797e-02
4.030241019404501301e-02
3.804835042190114064e-02
5.315096155905352227e-02
8.258623823070609937e-02
1.086116816498442633e-01
5.620466875988823496e-02
3.784791148141675166e-02
5.503177036200443406e-02
4.150845730184533205e-02
3.076918436567027682e-02
2.423975226510344944e-02
1.910546510400095224e-02
2.097350822188855449e-02
2.204181697573588672e-02
1.231221977564963231e-02
9.329450921063089930e-03
1.577175850877038030e-02
2.722438139039260255e-02
3.612849134350702707e-02
2.781642307083644419e-02
2.631181320994773615e-02
1.952666961954572025e-02
2.786835326364226970e-02
2.849298614096364146e-02
3.302555917299451055e-02
4.625215129694805472e-02
8.204103937626482101e-02
1.228619627681245691e-01
5.821226025439929508e-02
3.440632104244431555e-02
5.263382429192959427e-02
8.696626359400967676e-02
6.104004144699481937e-02
7.148396332881970516e-02
1.031202649257857012e-01
5.139560888875221306e-02
3.344033839760452570e-02
2.442423126395804403e-02
2.789705400738957952e-02
5.455810347126925641e-02
6.438010074756791989e-02
1.471896141899827759e-01
1.925985340148243796e-01
2.471419294792160659e-01
9.530456925878046104e-02
3.640901314790586513e-02
3.978521380359906906e-02
3.544116948381108301e-02
3.251310209947944063e-02
3.156392867029358257e-02
2.544562894614825141e-02
2.139936876288691531e-02
1.804026864777447808e-02
1.824409147258132524e-02
2.184172690408756751e-02
1.672515979771664607e-02
1.028154135037020328e-02
1.938458429571916775e-02
5.057874243468819114e-02
4.140823742522681261e-02
4.712769946072105365e-02
4.247927802512162926e-02
1.002440331201556456e-01
8.201550796888469608e-02
1.075567526983531863e-01
9.615689653478522170e-02
1.159181617841764517e-01
7.855496765944894322e-02
4.204097916136507324e-02
4.413526919979834234e-02
3.163387870580516847e-02
4.290046785089315223e-02
4.001817254522847117e-02
3.954845996849086498e-02
4.248239951941552850e-02
5.348946302699670446e-02
2.850174990500973018e-02
1.693335607721881825e-02
3.090488883238418430e-02
2.993022478337344777e-02
3.845287279544341852e-02
5.380718975544308835e-02
6.892716461147084528e-02
1.312366344310977040e-01
1.247523335710402220e-01
1.307311196160470257e-01
1.585862796884196235e-01
1.320947784594083962e-01
1.261919459393236187e-01
9.668027286278063626e-02
9.833750620060913161e-02
1.247506899306981692e-01
2.340755380855772672e-01
9.866141041902161402e-02
5.308023389354422222e-02
6.122290644122393294e-02
4.633388970353188169e-02
4.245038980634038839e-02
3.427366348908558041e-02
4.896544608915866237e-02
5.073766790105918578e-02
2.821065448694738687e-02
3.077201409927654216e-02
3.026041007731341062e-02
2.005424366819172008e-02
2.072575113857954426e-02
2.423436225883949038e-02
2.578639455073237358e-02
5.577292248482065840e-02
3.833671506965990322e-02
3.219981669068670838e-02
3.213104705575985098e-02
2.333733649246400380e-02
3.041299321638522499e-02
3.018808729952893871e-02
3.147007185301835264e-02
3.302440614589358808e-02
3.717737271443712077e-02
3.533055163028409051e-02
7.730798348538700515e-02
4.427866675833651289e-02
4.836130908439114501e-02
3.287634131786614650e-02
3.487117023975418173e-02
4.059611184042128534e-02
7.006384606238230672e-02
1.679661548797786452e-01
2.231669031109609902e-01
1.891700578455297876e-01
9.278888808319121773e-02
1.041782810196073827e-01
6.276780786707289450e-02
1.599385607151336819e-01
2.836676179212955784e-01
3.890614933861582525e-01
2.135103965504915602e-01
1.090311749987474960e-01
5.422561991264948644e-02
7.004260658167743570e-02
6.459009495446099702e-02
3.361732666180236584e-02
1.379447182181843708e-02
1.048255655648653618e-02
2.834612889574750216e-02
4.123398493031959350e-02
2.340709872145901871e-02
2.229113257013101007e-02
1.541995201522306999e-02
1.330792062866416499e-02
1.245364766366063511e-02
1.225337631466877179e-02
1.358297320220344662e-02
1.972875110319768574e-02
1.683300903618865571e-02
1.238308832530408445e-02
1.610152349254819620e-02
1.921526848366124016e-02
1.063094398959976705e-02
1.730618715114277603e-02
1.991518885508393802e-02
1.976247229841957692e-02
1.895704740316831588e-02
1.241027373254830271e-02
1.106865539980933857e-02
1.031936709935734470e-02
2.572047470355182108e-02
2.785516505650043745e-02
4.772611104641732993e-02
1.889625029876615403e-01
1.760597235167100372e-01
1.149897011379618916e-01
3.181595224856093029e-01
3.315456789497967516e-01
5.542513472509615902e-01
3.648769525588778095e-01
4.886080181101064013e-01
2.352812280253564481e-01
1.361301975570370915e-01
1.400563860235453928e-01
9.845544053230018133e-02
4.309918724723286326e-02
2.837034058892701216e-02
2.018053049822951181e-02
1.927351239456231990e-02
1.309065701774395941e-02
2.467408506877353039e-02
2.114278600355368881e-02
1.398583750319766852e-02
1.685786121598903745e-02
1.206902913296405318e-02
1.388481247677150407e-02
1.362825811998546327e-02
1.292907328930870819e-02
2.030530674333233185e-02
1.606024760782135199e-02
1.312517201697199765e-02
2.063815315966903430e-02
1.787884432974149937e-02
1.389982400573312044e-02
1.261592422608204429e-02
1.937038230119801294e-02
1.778381952482558162e-02
1.394207109628537930e-02
1.995070832991322624e-02
1.705320119009004140e-02
1.701245122242497562e-02
1.478605836615641198e-02
2.992686749241265862e-02
2.212838165284796918e-02
2.388456756500689435e-02
2.705869393586337115e-02
2.235739772505751510e-02
1.670554063489311167e-02
1.980393630670229319e-02
3.133963009776161157e-02
2.162802316174798276e-02
2.475827676546166894e-02
1.840120283933957199e-02
1.378068280113191671e-02
1.463785849688290820e-02
1.455943486450099814e-02
1.551544365402883138e-02
9.899515553273981541e-03
1.175097731363097808e-02
1.093577356900143904e-02
1.262051365239946765e-02
1.829730835648913853e-02
3.805478650270156804e-02
2.709940011066982318e-02
1.297696875268713329e-02
1.199043426270081196e-02
4.537126282112810549e-02
3.526579849238970638e-02
5.549396722913542412e-02
7.582838546406169000e-02
7.042818199438273530e-02
3.973059042481165426e-02
2.642076275524351398e-02
3.460846427696355476e-02
1.166267852247528658e-01
2.300049203759378380e-01
3.220152691946729373e-01
4.795017904067447878e-01
2.485424732529277481e-01
1.273570614272104828e-01
9.895041091027004243e-02
1.147493274467846353e-01
1.545658615775540312e-01
2.374100568440732639e-01
3.174685644340391466e-01
2.365198241397382939e-01
3.057289513708830730e-01
1.076058121670528389e-01
1.088097405744531121e-01
1.274554720393865637e-01
1.386940495510070037e-01
1.462327657837739214e-01
1.586969163332562771e-01
1.115994232100446376e-01
9.829912439732416130e-02
4.641369550018565465e-02
2.259320790331382015e-02
3.447132415230943353e-02
3.505730332503984720e-02
5.930995484521079525e-02
3.194258037037025350e-02
4.680685777188334923e-02
4.570954785142974930e-02
3.114901857482001157e-02
5.433269118312907681e-02
2.829506110587601958e-02
2.706896521443105316e-02
2.540171683921793253e-02
1.803959223078954038e-02
2.111140382251576464e-02
3.267075062269184788e-02
6.378837855240328258e-02
6.592537059481476391e-02
4.011174242738487633e-02
7.456389860433774996e-02
6.724031486648179845e-02
6.365078951905898952e-02
4.405695862733356033e-02
3.229281306580721739e-02
2.015777346997337655e-02
2.426278004583742529e-02
2.592127470870753472e-02
3.731074818561340434e-02
4.215386153689296839e-02
3.522701411873201127e-02
2.672015656802907702e-02
1.906319344283725209e-02
1.492437766594499962e-02
1.749636515096003597e-02
1.317909908291341019e-02
1.185460363978995887e-02
1.871444824509982396e-02
2.556375811273395998e-02
2.446513778339811165e-02
4.103827403748989966e-02
3.064029734608303412e-02
1.962273885536549439e-02
2.114069405558969411e-02
1.871467010598333591e-02
2.290581943455418865e-02
1.578203889218257952e-02
1.673066708992997087e-02
2.069501747316919438e-02
4.282240359217726750e-02
3.197586249150435878e-02
7.239509937526375505e-02
3.425890302093419909e-02
6.657082673979676513e-02
1.093741935898492890e-01
7.408661373398973959e-02
9.288837405216962551e-02
1.325639316405128332e-01
8.022811457949002856e-02
1.308218817207097429e-01
4.195021233299170982e-01
4.144908406885469687e-01
3.596765342975088431e-01
2.230052043842665199e-01
1.295906122768895330e-01
7.872339534045200149e-02
5.607153061035387298e-02
4.727105573170885255e-02
3.577864237130459757e-02
4.788459698016762217e-02
4.537268707518801736e-02
4.405995717694318609e-02
6.469993108238999979e-02
2.276402380062593211e-01
2.127659707736485328e-01
1.906141366105454371e-01
1.256039379541592227e-01
9.105722779931726962e-02
9.117218129082808875e-02
2.026819775037620175e-01
1.330449486056193009e-01
6.305809393713129873e-02
3.295613252555983780e-02
2.607423280784781569e-02
1.622366967808770710e-02
3.012188790903717883e-02
2.724611730673887414e-02
2.560448315157815707e-02
1.841256389565088664e-02
2.234855538985901918e-02
2.445684267253963803e-02
2.211631210935142630e-02
2.317827913766254758e-02
2.594540924184354433e-02
2.036895317213434711e-02
1.705048681762613011e-02
2.067063453527560532e-02
3.027562111213966817e-02
3.786542283243029411e-02
3.058774891417152808e-02
4.340750600199413251e-02
2.899530583572301062e-02
1.909170820478509750e-02
2.033909781924152921e-02
1.421985399363773911e-02
1.250778081833973758e-02
1.465384796240200814e-02
1.585186834823748211e-02
2.716011911248159688e-02
3.993919678333364420e-02
3.817312625757832839e-02
6.185718447642713641e-02
7.965385041085380757e-02
1.247066243660753387e-01
2.492396464459624705e-01
2.361319179115037026e-01
9.561951071424008575e-01
4.809187649751388016e-01
5.749122317463939424e-01
4.864062686833056093e-01
4.824917630387063339e-01
3.715616560216580266e-01
2.511008292273550491e-01
1.305916240067813705e-01
8.484335975871629132e-02
2.862772425275884186e-02
2.090495129234197502e-02
2.146536394881357404e-02
2.609835072617511589e-02
2.562174114098120931e-02
1.759080322940249561e-02
1.469235423607910714e-02
1.006676344758999919e-02
1.233037125110169295e-02
1.526611309730811425e-02
1.195699812178864334e-02
1.255353041756240851e-02
1.701587644570887875e-02
1.219041258009491251e-02
1.412264306285206800e-02
1.680759391600621794e-02
2.151386106507571436e-02
3.582873011814892428e-02
3.321417653913132095e-02
1.458680844229760451e-02
1.176438157271578015e-02
6.670204802956413055e-03
6.214041043533780756e-03
8.230430127078995281e-03
9.332241740176704450e-03
9.512413350948973820e-03
1.005759381889486867e-02
1.278070708768208261e-02
1.815531077562148460e-02
1.384162519029170750e-02
1.183491477055285263e-02
9.906208281334309695e-03
1.075061114484475965e-02
1.649038214960713705e-02
1.961602415105759625e-02
3.143754979902074753e-02
2.659536860608124886e-02
6.004302238326640617e-02
7.625796463956639737e-02
4.657033945479879117e-02
5.347974751553663531e-02
4.358296703192288124e-02
3.169568145084853544e-02
2.331606495906598728e-02
1.292502665683423549e-02
2.517178721080792075e-02
1.407184724166226156e-02
1.542042829200227297e-02
1.356274175242506638e-02
1.306074144374564684e-02
1.121970417885185915e-02
1.464759263647467773e-02
1.476985053096045025e-02
1.237646702011964764e-02
1.542583411589331516e-02
4.026944965107580321e-02
7.532166698213925426e-02
5.147653077261661603e-02
5.311704314132691118e-02
5.038927009409550212e-02
8.095953281391667089e-02
7.165331628101323513e-02
1.023389921747698134e-01
5.677580966726588491e-02
9.211074528501496383e-02
1.472847271174222150e-01
1.127512462938951993e-01
1.631527325431051390e-01
1.088144859264335573e-01
5.301589352724107862e-02
3.726687565166514338e-02
9.132508441443056013e-02
6.018376308608782560e-02
4.187753663728208120e-02
4.584594806056751376e-02
3.621146677067164921e-02
2.863565407457515505e-02
3.114062775273933326e-02
2.801990228427136617e-02
2.215074943218914988e-02
1.790904865466160650e-02
1.872467052035912266e-02
1.580731918059681898e-02
2.047857994430979031e-02
1.973215626125186112e-02
2.383165003984569555e-02
3.617246577781114275e-02
1.161851855437614350e-01
9.387676753250293049e-02
1.034050310050056293e-01
1.623254575143654455e-01
1.711520577277191313e-01
1.411469950755560587e-01
1.364219265695809091e-01
1.654947471473046661e-01
2.140736116433285541e-01
1.377469553947333891e-01
2.246162602518315121e-01
1.043305993397914827e-01
9.678059183636197882e-02
8.553550406544299656e-02
3.963711216003044241e-02
3.637736070621692963e-02
7.586250619105436299e-02
9.779479893543263636e-02
5.445602370968450484e-02
4.763469803760052995e-02
3.070802539768509309e-02
2.533676307077775691e-02
1.675143376424725536e-02
1.009240983230042660e-02
1.882969027320107944e-02
1.392492707722800885e-02
1.499036512083909770e-02
9.566492167896980398e-03
8.779092975453138895e-03
1.062364245192728637e-02
1.375878243076762361e-02
1.745830485313178831e-02
1.042999919959377783e-02
1.299804528752619877e-02
1.826371304371758597e-02
1.546654543178767501e-02
2.165780284150490426e-02
2.272023599056001777e-02
3.096901376841584147e-02
3.588923556104066381e-02
2.912503675331804681e-02
2.377624806718825479e-02
2.101560933744663420e-02
3.337971689355540700e-02
2.083755603579753521e-02
2.557515720657737440e-02
3.122190233901802822e-02
2.522514193781938419e-02
8.939015733407416897e-02
1.273577357919919439e-01
2.034736729581816950e-01
1.465667050692379680e-01
1.031355378196272682e-01
1.437058262661524699e-01
1.612315405671080337e-01
2.361014419422047261e-01
2.761619717644077654e-01
2.360306030746977257e-01
1.976878003392235350e-01
1.650049494003366091e-01
1.250652443738074493e-01
7.711899555621834490e-02
1.024811405624371508e-01
7.703101187947608564e-02
4.127540375153700841e-02
3.385222693580199060e-02
4.140390103351344192e-02
6.296122306855958528e-02
6.224305775013064257e-02
8.523732093772699858e-02
6.290310717910495286e-02
1.993314513973029958e-02
1.473848247581678941e-02
1.045641017171547622e-02
1.133934297570385503e-02
1.157445714606378587e-02
2.467425519499729866e-02
2.177548628993266483e-02
1.284413437047384962e-02
1.999493586932958589e-02
2.163286633411717549e-02
2.585129829566314846e-02
1.649174784702470489e-02
2.357063426085298508e-02
2.259382190102664223e-02
1.154230039272815221e-02
2.038616157720846145e-02
1.618470573183757380e-02
1.483508139639017065e-02
1.893593977986540375e-02
4.459642059346170806e-02
2.401892609947009483e-02
2.519137157477254613e-02
1.191290033160926840e-02
1.184632826233198571e-02
1.002286920787957662e-02
9.955736504878354154e-03
1.176342879103911901e-02
1.547101454232503032e-02
2.321312433531470126e-02
1.506658160222234220e-02
1.765970038638099704e-02
2.228398188329428625e-02
3.812091243707522309e-02
2.380998066516459497e-02
2.534278571241253136e-02
5.954352698244805286e-02
1.101852040267400634e-01
1.129903186677102822e-01
2.123927844289855427e-01
2.125167707696002384e-01
1.710689011265393300e-01
3.827792456139173516e-01
4.080463788138367631e-01
2.596483335274157866e-01
2.529991875945308832e-01
1.199858337920039486e-01
6.785579290859998502e-02
3.567504132792799487e-02
2.101290377792875211e-02
1.990890041035598551e-02
2.400408710343134716e-02
2.293958656695155654e-02
2.149218647737540996e-02
1.457974619842053107e-02
1.870516253673593088e-02
1.960572782580602066e-02
3.731351354203742837e-02
5.756949815409133364e-02
5.520225564893800618e-02
2.583918871924545738e-02
2.040349242447752828e-02
1.603657885385094406e-02
1.612211122730563759e-02
1.550646206530082588e-02
1.306398269892727199e-02
1.146873869810668967e-02
1.586962679553927461e-02
1.356130426141749327e-02
1.471026589364770459e-02
1.553288973763121070e-02
1.473057362970668811e-02
1.967218998086572856e-02
2.392707255855108794e-02
3.921613546312008314e-02
4.159240518996150382e-02
5.133453009728779909e-02
8.945300498103360420e-02
1.437814926093699264e-01
2.186360784480739783e-01
1.470285881935818328e-01
1.794155579494322306e-01
1.037269087048325739e-01
1.142942729238489441e-01
9.924441860569124807e-02
1.226800787720758734e-01
8.329538043406549408e-02
1.161959713007539724e-01
8.878299940949371805e-02
7.105565208721621728e-02
3.611013957469760144e-02
5.432952324395826788e-02
4.934651260856368071e-02
1.764472036635263141e-02
1.845921037387442815e-02
3.619137683124306476e-02
2.381724788941927060e-02
1.893594070882582969e-02
2.282124445025753359e-02
2.869569317944574080e-02
8.789607613542521625e-02
8.678967238255791417e-02
6.764999023313868209e-02
1.505876790735254378e-01
9.642881020861869545e-02
4.096130347894245960e-02
3.457319446224849796e-02
2.728936228788496343e-02
3.740340985730678663e-02
3.608588017262747694e-01
4.847845296049166364e-01
3.493827928147476003e-01
1.525160129246680429e-01
1.137028639150815673e-01
1.171834977982463138e-01
1.606269732846058451e-01
1.104994748297659923e-01
7.838654951499741952e-02
6.220650140587231230e-02
7.518550024859785297e-02
3.509511109205545182e-02
3.137663580030077698e-02
1.753821776466332402e-02
3.057846770303385489e-02
1.934080241094734628e-02
2.684234939499580835e-02
4.611384082262223044e-02
5.058113995795168738e-02
3.692800432861093746e-02
3.264973147081341037e-02
2.158474310157018974e-02
1.645873866564089710e-02
3.788599508264690885e-02
6.461517382163786682e-02
4.308700716289515925e-02
4.169111268252191638e-02
7.588364111928842803e-02
8.118981576890180185e-02
7.826896352149440017e-02
4.726862454370057282e-02
5.268853902762710845e-02
2.623374342553519423e-02
2.311250474930914844e-02
1.302209555096556053e-02
1.013526898716826316e-02
1.270042605245464036e-02
9.753498580484040378e-03
1.133769281379773050e-02
1.323712231160948521e-02
2.200564811224988565e-02
4.291920253825444453e-02
2.965551481479552012e-02
3.449278723124988427e-02
4.009641639383458578e-02
3.551450033864615025e-02
2.225398645565588446e-02
4.531478891838992829e-02
2.798857593788989240e-02
1.853071841722279955e-02
1.803391659790541668e-02
1.711314144753327271e-02
3.182333849334292863e-02
2.337829363923234899e-02
3.302003596779884420e-02
3.187513656511014454e-02
5.226195483373648892e-02
7.662041281133676052e-02
9.161023161000797499e-02
1.216757569538750305e-01
1.665971301624035728e-01
1.376397682242661014e-01
1.769460302698478149e-01
2.517752626222340973e-01
1.997554170279315366e-01
2.104568182453288860e-01
1.754913928399864098e-01
1.941094722890614188e-01
1.864468246411502550e-01
1.572161199234985707e-01
1.432892926250012300e-01
2.020151516460155228e-01
3.666790099185295304e-01
1.598500549899707912e-01
1.097177879791536859e-01
1.141150159708446687e-01
6.014447782421828564e-02
5.260047734394761310e-02
3.885375623885956031e-02
2.655284803458406173e-02
3.655440398724338347e-02
2.183161037734355006e-02
2.082635620816100999e-02
1.936057098312487720e-02
2.118308094133475317e-02
2.020109473215636955e-02
3.957361970261388806e-02
3.261452993486925467e-02
4.045729728678870707e-02
3.612209096982163525e-02
2.609910515543857959e-02
2.840924491522334172e-02
3.975289731929389225e-02
2.041112513778367901e-02
3.824992090200089734e-02
4.168804834706725526e-02
3.058594390969306132e-02
2.490276992308044016e-02
2.445780463177659597e-02
1.738353526179024777e-02
2.645030792401150549e-02
3.102542343021681692e-02
2.400775367411277922e-02
2.770107596845060999e-02
2.360742853933891355e-02
3.799863473170177197e-02
6.605602679770719576e-02
1.148258091308565071e-01
7.484699604193570388e-02
1.058781739298062657e-01
2.660819135053357209e-01
5.786144490952346287e-01
4.134638296847907291e-01
6.209647384900862654e-01
3.856493417829905401e-01
2.138941299321901468e-01
1.625704500340672543e-01
6.740573284115182473e-02
3.359023576149712531e-02
4.258880006175261301e-02
4.346558815781884078e-02
2.686069298508795417e-02
5.178091867007016125e-02
8.792920042388754909e-02
1.258194095006555657e-01
1.268189849896038668e-01
1.294077709011040855e-01
7.700519789777283963e-02
6.704346402679284278e-02
3.846496082412612788e-02
2.004229623700908708e-02
1.195303394371497775e-02
1.173618419111722468e-02
1.694915003026791975e-02
1.343021380288300475e-02
1.664593654403589626e-02
2.525622323316212628e-02
2.370307455974279484e-02
4.606913723916093717e-02
4.138741243785405699e-02
4.752446162341927155e-02
6.015618244804694231e-02
1.100843172365692513e-01
1.979841102388946728e-01
2.690194450463495035e-01
9.746612590059466896e-02
5.646891483655965688e-02
5.962731694787881676e-02
5.013005864896434571e-02
6.079350520449017942e-02
4.324774073255536339e-02
4.409647114035353949e-02
3.944396603514169208e-02
2.859143001273223988e-02
1.886234856087213099e-02
1.845809965227248814e-02
2.340072548377921530e-02
6.123370146070680059e-02
2.746896394175116565e-02
2.615721834962109540e-02
4.503803759131395912e-02
3.110995700332787328e-02
2.253877234813772903e-02
2.112602354489145212e-02
1.443084362187624370e-02
1.346307770852518161e-02
1.244937870031145519e-02
1.235257718242514270e-02
1.172912728321640410e-02
2.241645236167814914e-02
1.512232058329076971e-02
1.291259258607517155e-02
2.026510553846692236e-02
1.888757733161589014e-02
1.094849508784585118e-02
9.680380938174200367e-03
1.059853504067120519e-02
1.172577528261131014e-02
9.654498831785594468e-03
1.811575000118224865e-02
1.336913540011191309e-02
1.954643096791935583e-02
3.188118802033559906e-02
2.375132776629075571e-02
2.388742353967014329e-02
3.274164664456350599e-02
2.398103443197887805e-02
2.361995081659806414e-02
2.796464693823363934e-02
1.940781911395351306e-02
3.507911335427340432e-02
2.054606430443586471e-02
1.888472160324404514e-02
2.744305851719571268e-02
4.950110836738838560e-02
2.738888423185817725e-02
4.129655106072045029e-02
2.464830986075163682e-02
1.849499302174350407e-02
2.184924038272876429e-02
2.243719316687138934e-02
2.858831379447158288e-02
4.440111561997774070e-02
3.986154977191810889e-02
6.201243338723465975e-02
5.377588324251108415e-02
4.526972420346010023e-02
7.512221088920331691e-02
6.289316531078306682e-02
1.384009632906219867e-01
2.061487314969276952e-01
2.098465105631818206e-01
1.959616035291325553e-01
5.506938399218517244e-01
1.666069486242250930e-01
1.027819657516091667e-01
1.016351397022063618e-01
1.429397928065326284e-01
1.510378048982687071e-01
8.670730120873441915e-02
1.277702939088005973e-01
7.165199103792121993e-02
5.147688951460571705e-02
5.459707711503595379e-02
6.346768449767949127e-02
5.056922193419777917e-02
3.738564542382450534e-02
3.516591748288594443e-02
2.487241530652729848e-02
2.897023676263319608e-02
3.859352696667862903e-02
3.347556318736800984e-02
1.743258982052914643e-02
1.504413117143273311e-02
2.236039209444991641e-02
2.844267788929153232e-02
2.950605772777097763e-02
3.320025186234797782e-02
6.453038773720269627e-02
5.880044978074679823e-02
2.374872712612091652e-02
2.376359454951975855e-02
3.001951444691941875e-02
2.697843148399173968e-02
3.802567879818707225e-02
4.537031332129209255e-02
5.396924008803037631e-02
1.104455980136122561e-01
6.783616624659308258e-02
5.876888418243771117e-02
7.095288965430836259e-02
6.751679002776185545e-02
9.555046785608894977e-02
4.740446513148195706e-02
2.580701051492373735e-02
2.509039097302636148e-02
3.515022338398739177e-02
