2.089595255586999428e+03
2.078633777612300491e+03
2.074874167830527313e+03
2.068661555719024818e+03
2.054437954813801753e+03
2.007637424007950358e+03
1.869052825109897867e+03
1.629073747911316559e+03
1.401727281629140862e+03
1.230031685436331600e+03
1.121583164020274353e+03
1.020198810645427329e+03
9.399844979960585079e+02
8.773365569051720740e+02
8.688472173104013336e+02
7.837386271819121930e+02
7.150209231756409736e+02
6.686304030272850696e+02
6.164814525660071922e+02
5.692112651554963350e+02
5.090627294757435379e+02
4.414452779689479485e+02
3.821016108137619653e+02
3.340740790917819822e+02
2.906281871185869932e+02
2.488953937800239089e+02
2.105042935049783068e+02
1.798832441153543300e+02
1.666895605038781980e+02
1.563021444460561895e+02
1.436200237339846240e+02
1.323130990144070722e+02
1.263844687355870349e+02
1.186222601338421896e+02
1.113794915360468849e+02
1.038963739436330798e+02
9.838943821377297638e+01
9.173157586386548701e+01
8.648994924120459871e+01
8.173373563271753994e+01
7.514239976855500913e+01
7.051418957226485418e+01
6.716704156867612596e+01
6.359375525583408262e+01
6.073049001525539126e+01
5.536575030524890195e+01
5.112230193174997339e+01
4.748127275263509262e+01
4.501916931496367624e+01
4.223216037650903587e+01
4.123095221932383225e+01
3.794593607793012779e+01
3.757249669255664060e+01
3.564541102045514265e+01
3.325821624347295113e+01
3.191841458741721382e+01
3.121117779888297150e+01
2.948245398824413854e+01
2.892010567955277978e+01
2.860885709506875330e+01
2.733284781340387326e+01
2.635552309544647542e+01
2.496389850958055945e+01
2.482408067394128892e+01
2.387584328494928343e+01
2.338716718460932498e+01
2.261409020333631403e+01
2.346858186611517638e+01
2.184793328794487977e+01
2.076158963099539889e+01
1.956754833850045472e+01
1.920896409586092801e+01
1.845419632212419714e+01
1.828359019645231243e+01
1.939812516229734740e+01
1.794682513054425144e+01
1.679461609947802714e+01
1.557945836058726918e+01
1.518432183778987543e+01
1.553072858848321580e+01
1.530303369006847980e+01
1.588765076862053149e+01
1.548734368275446727e+01
1.364067498287541724e+01
1.359575391358888652e+01
1.357619368770810730e+01
1.285519067110212355e+01
1.271852802383651415e+01
1.236601883220800069e+01
1.221401608340717537e+01
1.142303675771689520e+01
1.094055457361598016e+01
1.081926099476875436e+01
1.031133853470915440e+01
1.049370696413138226e+01
1.016138813555489051e+01
9.802048036819996923e+00
9.702069512544801100e+00
9.474308930763109871e+00
9.432089601259557199e+00
9.056921877952515132e+00
8.870490343539003675e+00
8.445165019103985315e+00
8.280433918711795016e+00
8.180649167300460434e+00
8.188940003431877557e+00
7.660933145661438459e+00
7.645094833487299013e+00
7.376229365840518248e+00
7.297906430147255818e+00
7.264434630518983305e+00
7.101563442274358096e+00
6.895569805642525196e+00
6.617482817335659462e+00
6.515591105468460320e+00
6.533734244960490933e+00
6.275054821898021551e+00
5.889414292620731572e+00
6.034975436960987594e+00
5.897019088480156768e+00
5.720866139797429639e+00
5.642806943034289979e+00
5.514931254437121844e+00
5.370093787711002875e+00
5.174543500940366414e+00
5.042433308481634846e+00
5.071575246613356569e+00
4.874918331916157754e+00
4.967676957979432650e+00
4.736250353428456350e+00
4.944190026359271961e+00
4.603056460537271022e+00
4.450720978354721247e+00
4.255547257028926111e+00
4.304781621487678400e+00
4.340191650451211913e+00
4.162470314149964601e+00
4.183615790652073230e+00
4.038811352020958090e+00
3.855775589931065284e+00
3.771430614943373172e+00
3.613412214570022929e+00
3.727632094451554412e+00
3.875104085227561779e+00
3.646326789398979251e+00
3.461871804976324185e+00
3.716878990733057275e+00
3.508797175321850759e+00
3.360846727256554978e+00
3.299441466703411319e+00
3.047926177173950535e+00
3.002966304216983406e+00
3.098178600538521010e+00
3.033992769252199295e+00
3.060681274184904765e+00
2.845952664056678572e+00
2.750544170202059213e+00
2.789052152023757003e+00
2.785668760332613569e+00
2.839320342527098529e+00
2.700173845445807519e+00
2.662525409924082265e+00
2.647944215480728225e+00
2.447802571819417405e+00
2.390749171251087102e+00
2.418931045969562987e+00
2.413186207935676286e+00
2.435343539939788027e+00
2.285348373220813301e+00
2.357482087076081534e+00
2.229847896220537695e+00
2.419751684548794302e+00
2.175636867894346960e+00
2.136371329611771230e+00
2.189760139657227711e+00
2.176169755818373908e+00
2.078428810818983674e+00
1.986814585327168148e+00
2.013290513568229745e+00
2.031518351319405280e+00
2.115996405325527796e+00
2.057026068663964313e+00
1.944750535067832686e+00
1.883939863303573103e+00
1.930214298057665312e+00
2.096958384887233962e+00
1.902182114125280821e+00
1.966521486381180850e+00
1.827706617878855244e+00
1.781484739565728059e+00
1.666051183287720727e+00
1.708615978366707422e+00
1.746473433341936055e+00
1.643837178177835812e+00
1.549140795448185282e+00
1.553199310186014870e+00
1.517690826939690041e+00
1.830085746380745837e+00
1.684658503877823454e+00
1.535708322216419397e+00
1.454069373010468125e+00
1.452813341191003138e+00
1.739429489344969326e+00
1.892199913750504559e+00
1.816468498830188238e+00
1.750692298037022310e+00
1.706326914201171441e+00
1.704867289030479460e+00
1.518685653288185833e+00
1.707448350959549055e+00
1.463368973710998722e+00
1.348522186698134506e+00
1.231780937481658400e+00
1.403088253069553648e+00
1.420529269967185648e+00
1.341356328313955348e+00
1.506436075207735037e+00
1.518371648207756275e+00
1.425878039144384379e+00
1.243844608633945859e+00
1.175325756496586216e+00
1.234182468493219886e+00
1.366411624243914602e+00
1.335195919569284184e+00
1.184573447525148371e+00
1.196218966991283050e+00
1.261193782896319560e+00
1.258059722696110105e+00
1.462529200150495035e+00
1.339348101455924533e+00
1.240542452297959564e+00
1.103309875164786069e+00
1.047039254498066674e+00
1.202442882541229441e+00
1.040811084290045763e+00
1.048261225341903469e+00
1.080169885877704017e+00
1.049748261625274681e+00
1.015275312675885333e+00
9.827265208272281116e-01
1.106860520323930563e+00
1.159873849084139374e+00
1.091736985870184196e+00
1.120851134547741657e+00
1.119867170193836303e+00
1.169379028914626639e+00
9.917456937042556930e-01
9.633422096513462041e-01
1.052501710596547291e+00
9.335449799687104422e-01
9.922447337307721549e-01
1.045596142102222403e+00
1.019092110458839961e+00
9.419123164102767287e-01
9.442448041359619015e-01
1.094211937903801557e+00
1.334162716230277157e+00
1.184837424029815400e+00
1.335867685951648509e+00
1.239100727594046658e+00
1.159040225210017594e+00
9.479690992588478693e-01
1.095852889776604888e+00
1.291500311724655514e+00
1.032174859751220142e+00
1.050238203583232721e+00
1.017559254213070696e+00
1.103819927662036626e+00
1.107868264547183568e+00
1.029681956527357833e+00
8.850189096315324022e-01
8.422249369549760223e-01
9.193183777883323637e-01
1.065616395610646361e+00
1.184448542469703103e+00
1.392340102898143028e+00
1.170460254080592843e+00
1.118262882656892110e+00
1.050743422292400808e+00
1.302552532367361904e+00
1.414725149198486687e+00
1.305253362724117183e+00
1.279334220345127671e+00
1.043618841639282646e+00
8.529549051475417976e-01
8.792187703380994757e-01
9.607135638098763808e-01
6.903834401798780718e-01
8.775107858466856259e-01
8.350960226380392815e-01
1.037778604146709194e+00
1.077951797992904748e+00
7.790995843972359225e-01
7.847942699719268056e-01
7.043691602238654204e-01
7.028864088635935481e-01
6.902945770458341901e-01
7.760645439598923279e-01
7.256689558209622470e-01
7.150670893680751705e-01
7.224629721910248437e-01
6.667238906659804787e-01
8.209480200757990342e-01
7.948150093945547390e-01
7.890320272418582803e-01
7.486654656943452224e-01
8.681106539596328275e-01
8.101086470152825125e-01
7.759568777331341538e-01
8.294671417798913371e-01
6.887067090509171319e-01
7.115254171587044318e-01
7.687427228654081235e-01
6.911632529686250193e-01
6.376920000191729221e-01
6.579185622347829554e-01
8.986522793781788199e-01
1.295379736912914748e+00
1.242460979294949475e+00
8.845554440491818493e-01
8.258801674823150751e-01
1.479794987122772687e+00
1.212816052056437499e+00
8.563671600502834602e-01
7.540252394634389121e-01
6.465008116500863267e-01
6.338457335930389736e-01
6.641384952978883760e-01
6.638950093289602838e-01
7.402435028253097071e-01
7.711258167616490411e-01
6.488102615547047813e-01
6.509275500963950245e-01
6.316790717092449770e-01
5.454717252904464075e-01
5.930750028989137945e-01
7.418203843016218935e-01
8.044749256894218048e-01
9.192784920176158003e-01
8.552312784848468130e-01
8.442247070345859639e-01
6.043499855881018235e-01
6.148729348232945258e-01
6.140965526309423161e-01
5.813944808219502214e-01
5.251676948408426915e-01
5.558092484336427663e-01
6.513341087881072689e-01
5.714254812759920199e-01
6.525510798125693235e-01
6.637383752183239061e-01
7.723376622908191269e-01
8.107997757248687209e-01
6.909844684407170368e-01
6.504983297801555375e-01
9.538446333240520048e-01
9.106681633789054375e-01
7.018108623043520788e-01
7.693724686857251749e-01
9.796121613897894598e-01
9.358165429076705788e-01
9.981316070407398877e-01
9.637638512626013343e-01
1.310958857052812565e+00
1.443548119919929373e+00
1.395244530204061251e+00
1.510073061824285023e+00
1.055444030820905210e+00
9.842606148706397606e-01
1.786613901391698178e+00
1.243129287851594045e+00
9.967429357156586400e-01
1.087827948168561321e+00
6.863894743599493475e-01
6.638610490035005141e-01
8.083783371344833713e-01
6.996724365374888954e-01
8.335870848895382546e-01
6.001491566509098430e-01
6.249324217065335141e-01
7.024468206159727446e-01
5.762318065272581391e-01
5.300292183582556715e-01
5.681301459130181364e-01
5.142377033240737028e-01
5.137178645352394879e-01
4.642377819417584095e-01
5.358929151644628019e-01
5.130537655760015747e-01
4.429477453050946201e-01
5.594686534765636043e-01
5.953469331971172895e-01
5.854993182451725398e-01
5.327751575426825648e-01
4.737785761700493703e-01
5.230738283718591175e-01
4.943033453682126876e-01
5.827954530300611946e-01
5.008502240350786172e-01
5.857232842696871167e-01
8.387721113054511513e-01
8.552802398051028154e-01
9.873559813701667798e-01
1.047392975114382896e+00
1.542187035257033267e+00
1.229758714490865490e+00
8.518503566386266268e-01
8.948477982588201041e-01
9.423933633080419092e-01
9.159791646744325222e-01
1.044100759020972768e+00
7.427163445901027172e-01
6.798718191463862803e-01
6.854252655472786726e-01
9.085026151550716911e-01
6.477529577939756811e-01
5.967687152294653963e-01
6.350636653599015524e-01
7.634564873011000508e-01
6.336491569295490400e-01
7.014716971734968887e-01
7.786680557196601349e-01
7.574800588414737357e-01
7.259578408980712494e-01
6.099998468655178918e-01
8.395798042095631297e-01
1.085328215322882262e+00
1.301568495985531149e+00
1.827125149171607843e+00
2.105054355132463861e+00
3.646631944923433011e+00
1.840819003030598200e+00
1.908116849469996268e+00
1.834305547882027820e+00
1.750829053287254355e+00
1.168188859245949285e+00
1.213679400809691389e+00
1.275523833892257430e+00
2.200912465020035569e+00
3.382941605431495358e+00
4.903190072493680773e+00
3.187251490669316567e+00
2.906320376138173067e+00
1.880072055589368407e+00
1.353039518921422157e+00
1.066866959162045214e+00
6.733133230096342015e-01
8.423449667333515745e-01
6.506150500562779548e-01
6.034978913302725401e-01
4.232033285254779842e-01
4.188520316262915877e-01
4.564231683004995044e-01
4.252886828765084504e-01
3.649863604676421014e-01
3.586967971019829893e-01
3.425472325799928108e-01
3.230710557317758025e-01
3.532772467014096418e-01
3.692882779969758889e-01
4.310358430068835234e-01
3.948248460759992695e-01
4.320777169127950623e-01
4.974023777246840416e-01
6.406101604549734319e-01
6.742125066499332631e-01
6.107902806082207148e-01
6.370851734180941195e-01
6.589733980224333765e-01
8.770796358249153268e-01
5.063713366311232145e-01
4.534288428008017569e-01
3.768853550117254314e-01
3.809801309387948476e-01
3.643615259314061938e-01
4.013735515586310254e-01
5.027710230615610731e-01
6.360441910028261647e-01
9.074002691147188271e-01
8.137916842234971249e-01
6.521940232699142692e-01
5.932297442156656553e-01
6.169862703908485235e-01
6.765850115371843110e-01
5.747498666332924167e-01
8.395485685463541792e-01
1.284883473019006628e+00
8.114908853342701622e-01
6.551272691857720210e-01
6.377793456983393838e-01
5.804009522934013843e-01
4.920490837577543020e-01
4.381278877167027463e-01
3.969801939039988015e-01
3.714069810855850085e-01
3.551158643724015573e-01
4.398531191796546391e-01
4.499672030507664289e-01
3.486127896223564226e-01
3.478555777057247278e-01
4.025969593511322109e-01
3.795798713635517019e-01
3.919559379293813817e-01
4.697141727937810263e-01
4.702405188001625436e-01
6.518696645087510566e-01
4.926870789514197213e-01
4.702177066356811319e-01
4.485856928326439341e-01
4.493009644619304632e-01
4.657891365672182094e-01
7.488364785694375803e-01
8.370103549653645780e-01
7.793392137220825910e-01
7.374266958348169032e-01
7.171944735762383338e-01
6.263049988889823894e-01
7.679296091998228935e-01
7.110962334261162754e-01
7.132630592302792172e-01
4.924985514043075940e-01
4.809139614179265831e-01
3.936320204482086083e-01
3.387378729098304841e-01
3.827981121849138302e-01
4.326258937307573271e-01
4.328643864209700820e-01
3.990328169777940803e-01
4.483727522550012279e-01
3.618026533203806960e-01
4.541080586660061202e-01
5.432682044345216177e-01
5.010209738095855458e-01
5.658694285202274799e-01
5.199528960234348629e-01
5.937189185392771629e-01
4.917920540435404275e-01
4.563393243137634503e-01
4.656375569160606243e-01
4.484884298010113346e-01
8.632226637068077801e-01
6.598560347511741586e-01
1.059700207729525889e+00
1.411241082722282769e+00
1.760260312281939798e+00
1.397578360718772394e+00
7.425742726656702208e-01
5.608458732402326063e-01
6.543061979400316419e-01
1.825140732754739537e+00
1.066262503976449283e+00
1.194408304189593872e+00
1.316078480326783984e+00
1.139090725833061590e+00
6.581093149863987968e-01
4.531518400027138016e-01
3.830718542191107745e-01
5.994059199665863202e-01
5.735962867702053547e-01
5.606831207217901625e-01
6.691249762665458789e-01
7.849113858655181186e-01
6.792570754043987247e-01
8.997131214070865912e-01
1.284920301603911019e+00
1.157500765172243318e+00
8.393419863194209185e-01
6.654886498295440322e-01
4.771792318487487750e-01
3.943164486202224150e-01
3.844513133989334586e-01
4.994652857549459757e-01
6.229864299586999055e-01
6.841671219524968484e-01
6.624853329738141783e-01
6.814977565778577162e-01
5.222457715881229090e-01
4.091693465357877924e-01
3.795576452273831114e-01
4.071536492106419547e-01
4.662782258498148202e-01
5.402579018476687533e-01
5.009185106988478520e-01
6.721149201990804789e-01
6.620676703242344141e-01
7.513546735289875489e-01
5.949497558378711304e-01
5.825967931150688450e-01
6.224751155870578145e-01
6.343276745610713085e-01
6.717125199773630317e-01
6.870231354090927667e-01
7.271203658986979956e-01
6.279111133720571836e-01
5.083709183657654229e-01
5.042006544114046029e-01
6.666524141070624410e-01
9.970351371667949270e-01
1.008576223083142098e+00
1.027567584737160145e+00
7.242482337277258431e-01
6.478418645237131734e-01
4.521638075522536604e-01
3.940864883830320631e-01
4.247149963136316320e-01
3.748223032538663957e-01
3.204066392976488431e-01
4.945574259840286313e-01
6.993672777304861254e-01
9.780370318232827209e-01
1.069287561463787561e+00
1.085564906695337672e+00
1.198449785493887365e+00
1.577097856582413193e+00
1.298535943592682651e+00
1.017244093963943108e+00
7.768457066742679995e-01
5.033152123697022251e-01
3.911666871878802798e-01
5.744773731059444888e-01
6.094716696147506330e-01
4.435085650907353849e-01
4.484518076576018974e-01
4.635370711209456651e-01
8.202205711690254697e-01
8.254084727118727871e-01
8.209455223046385752e-01
6.624834493096209975e-01
8.790023364114135651e-01
8.207253942148600157e-01
5.425089028985640160e-01
7.221948190603221240e-01
8.582720565261291457e-01
9.510670718553599912e-01
9.705652875984317474e-01
9.810824041618997349e-01
1.132160927015410934e+00
1.631492513174457093e+00
1.686029534617882186e+00
1.845581616179876594e+00
1.259212436483202913e+00
1.773589216954325920e+00
1.836552976756821609e+00
9.606594709927399611e-01
7.812273646862523124e-01
5.719686878677980868e-01
4.867396385294724404e-01
4.894920487097859652e-01
4.568884495013720293e-01
4.745734303652812125e-01
5.044522669406974469e-01
5.090894684640794310e-01
3.457944508363769431e-01
4.365728689555954944e-01
3.807611119846467385e-01
3.407265174714399492e-01
2.811425313895998257e-01
2.408965164455552366e-01
2.560128244923268181e-01
2.634702982483067002e-01
2.511179192788937642e-01
2.210468642949693641e-01
2.314976139253251408e-01
2.349848473237405588e-01
2.870597415619610127e-01
3.099903981749748128e-01
3.052097219976007691e-01
3.900559552176920963e-01
4.371579336585904030e-01
5.185931164866481868e-01
5.867283523014544810e-01
9.065978093785599379e-01
1.466660971319950546e+00
1.528355372364159637e+00
2.131757363744795963e+00
1.316584152773881078e+00
1.219062594695541346e+00
1.185011720496102372e+00
6.469044889249268016e-01
5.800965539741128607e-01
3.367832205385927757e-01
2.767473545550812042e-01
2.726537566591981099e-01
4.005348428632579671e-01
4.123495816128505131e-01
4.239920754739994191e-01
4.144560272181547766e-01
3.444021391830374146e-01
3.093955215270987047e-01
3.227514041641525444e-01
4.162505922957973059e-01
3.743918743632075330e-01
3.788544725472159924e-01
2.829769292711329931e-01
2.511543461466951288e-01
2.562902348350856174e-01
2.544638666706219854e-01
2.466924899707145513e-01
2.353240635645502399e-01
2.047324627126206886e-01
2.267558507360832587e-01
2.242740403819802053e-01
2.612542218339018452e-01
3.378296409305383552e-01
4.780381345737844678e-01
4.443282892997481581e-01
4.690188751020091251e-01
6.183602510645681560e-01
4.356041095538283336e-01
3.861712990150410474e-01
4.864034148139916858e-01
4.759781963411988670e-01
4.205266452678718125e-01
3.699376575974973047e-01
4.063204905110173737e-01
2.945256307083717884e-01
3.114056903230651430e-01
3.604123784568664668e-01
4.485901259224525650e-01
5.315176228134578240e-01
6.197166220732449604e-01
6.302115231186538047e-01
4.552470882101106175e-01
4.002708681621997555e-01
5.788314116790234110e-01
7.650716565848637574e-01
5.687859941892997595e-01
4.559354208024565258e-01
6.953288805492847668e-01
1.729369503840979316e+00
1.503104086414067453e+00
1.002408437874876990e+00
8.980487579404610177e-01
7.415957015482945724e-01
6.754264351876841932e-01
6.285352748116279642e-01
5.599468627566832613e-01
5.397453790823235620e-01
4.767832863854092329e-01
4.520235666509524464e-01
5.467055254935846431e-01
4.873061304385216119e-01
4.244777865369235847e-01
4.039759142936777403e-01
2.845133938150535835e-01
2.646276208221574611e-01
3.592609916215528387e-01
5.026388633002254469e-01
4.824613472040867879e-01
5.153474034039980944e-01
4.282235775140913470e-01
4.004766782727053887e-01
4.482279984116487870e-01
4.337795454333117640e-01
4.414019574264232415e-01
4.674854115746822636e-01
3.457620929291650436e-01
2.975363889240550397e-01
4.687137682668661154e-01
1.070577305932018053e+00
1.185218444186508790e+00
9.161485376228489796e-01
8.734433663719077812e-01
1.007594751647852727e+00
8.351626620048415717e-01
1.154979252997099026e+00
1.088093645279898602e+00
7.669769512879008877e-01
7.133726426409860988e-01
6.468682668951403203e-01
1.202266139496003916e+00
1.504496463766443304e+00
7.537363900904453518e-01
4.951696708919195999e-01
3.770796106303956341e-01
3.800078173349749067e-01
5.623090193895222688e-01
5.848514487177634003e-01
4.311850741755182681e-01
3.862019778125466707e-01
3.294902881759068647e-01
3.238094861728144092e-01
4.623931498370041915e-01
6.084164072501665466e-01
5.812781040660894849e-01
4.033612439749438283e-01
3.619532066589423169e-01
3.060879975453280610e-01
2.543914054557092630e-01
2.751495770883627956e-01
3.190212453404172033e-01
3.056895128202465894e-01
3.022537658093402690e-01
2.832877956922758012e-01
9.130938719306310736e-01
8.642415082168382057e-01
6.321557875680656746e-01
4.196890348617118849e-01
3.252472925665568781e-01
3.298443088384063193e-01
2.780006631459857602e-01
2.617948511466905437e-01
3.001024079264165145e-01
2.204211286637433875e-01
2.387659415678048402e-01
3.268136879823811958e-01
2.770938969393685336e-01
2.448861151001785752e-01
3.700724247663071953e-01
5.772617990542212585e-01
3.544817829938374243e-01
3.908769923826955206e-01
4.774815753532980489e-01
5.917616115797131870e-01
5.857626765385657297e-01
5.452658336240157055e-01
4.858707206737110096e-01
4.839621410616560815e-01
4.028074194975120315e-01
5.151590544472550715e-01
4.776725611222277235e-01
5.034055337502446603e-01
5.273790117713296199e-01
7.074961277337484811e-01
6.347984894244860232e-01
5.287726501706121462e-01
4.014255484167177923e-01
6.166584760209130600e-01
5.894710923714603368e-01
4.842718771099252528e-01
4.381091235263697703e-01
5.647451163945916841e-01
9.733147957221598423e-01
7.636825862105922624e-01
1.024839226099590439e+00
8.630776960499296768e-01
6.165896593849937712e-01
6.136343179884307109e-01
5.285885752200873977e-01
6.466603506272491364e-01
5.528190629365458131e-01
5.526137824771970575e-01
4.450075793295725779e-01
4.505581182510712823e-01
4.051147789939615329e-01
3.157621181959249790e-01
4.530354862067062505e-01
5.865197987865218288e-01
5.955037399010615351e-01
1.680443070734495059e+00
2.193226747953592071e+00
2.089227101723957869e+00
1.438879107210269348e+00
6.712445748805376811e-01
4.581530992985235473e-01
7.703597197345211089e-01
2.064667320237340231e+00
4.137766742827724720e+00
2.375237917411923139e+00
1.675705050105781302e+00
1.315631010494239472e+00
1.166253520089382434e+00
6.821058341936621083e-01
4.981990352821494272e-01
3.014905815159568681e-01
2.460797646091755775e-01
2.339094117340909662e-01
2.120238876540498918e-01
2.193466904093850922e-01
3.569926695077191292e-01
4.536540037989280627e-01
3.263912669563894808e-01
2.135363315025094189e-01
1.678544055497217247e-01
1.605886958687631205e-01
1.607218601448851814e-01
1.669573113802539643e-01
2.331442309507588406e-01
1.869813760882918785e-01
2.268424552981542774e-01
2.060685014047755059e-01
2.684231141541643106e-01
1.905153531839610115e-01
2.363619941816762771e-01
2.622319086521040510e-01
4.719216343771235889e-01
1.020445436742080547e+00
8.989192377515544674e-01
8.126696242833589823e-01
7.557030707771135170e-01
6.717534452431269676e-01
4.747040433048217989e-01
3.749976474457789033e-01
3.073491192063799726e-01
3.310424083662676376e-01
3.352134066111300825e-01
2.657725219923557369e-01
2.812271040097384378e-01
3.397876830430271999e-01
4.939435641222778006e-01
4.955052882689120475e-01
4.501405790860645295e-01
3.095490232116843154e-01
2.455366517725924291e-01
2.424047597738675786e-01
2.775254749398539111e-01
6.326090470043798097e-01
7.400096751924516436e-01
7.383598067945547072e-01
7.373404811690434935e-01
4.769243632466287908e-01
4.841445967674349316e-01
4.108635057567756599e-01
4.366446606848333745e-01
4.565728808054418941e-01
2.845098179360253665e-01
2.613320628144621960e-01
2.167019878694998181e-01
2.588309673956418200e-01
3.173164900073733308e-01
4.546220340153805384e-01
5.329815035238339993e-01
7.572092992734026362e-01
9.495020266711903245e-01
9.001603537737782323e-01
6.648926637024940023e-01
4.612359900051997141e-01
6.509747629557716131e-01
6.293453192807421104e-01
9.771725439570667637e-01
8.882055173055405373e-01
7.816068664438233782e-01
7.683102408745011713e-01
6.799794438253980999e-01
5.240413218559026864e-01
5.675301581394720518e-01
4.105339420722634025e-01
3.634115364735725495e-01
3.307872133380331814e-01
5.318969328576081956e-01
5.113299053639610570e-01
3.406999629324121703e-01
4.345549861465402008e-01
5.900463800786784896e-01
8.814359753597892366e-01
5.998683957176733639e-01
7.034761722848039689e-01
5.924082707103124346e-01
2.911029092301213317e-01
3.573647227869911069e-01
5.224725256002522578e-01
8.585516945692457380e-01
1.360439207773536552e+00
1.038393532544994002e+00
1.537931064198148956e+00
1.289032706716438881e+00
1.392993306159712619e+00
9.695758445509369272e-01
8.347384570912752544e-01
1.340006236365982595e+00
1.037320510570338916e+00
1.175218358136164820e+00
7.473854596796196681e-01
4.498984060534775842e-01
3.013381311155761133e-01
3.131505874793192867e-01
3.280216243113022734e-01
2.752599845329633532e-01
3.972105871441740099e-01
5.309955028562446389e-01
2.968843218298771180e-01
3.051850880619788597e-01
2.491762112474081858e-01
2.581516595095996736e-01
2.553030427734833130e-01
2.689791636302685807e-01
2.901207606245961856e-01
2.605576798767182956e-01
2.825476393620740545e-01
3.525217646428505103e-01
3.136086516929680879e-01
2.324117297966661611e-01
2.658066792148942037e-01
3.222175204105485746e-01
2.753318270368504406e-01
1.775642356246753817e-01
2.125838413714155883e-01
2.227064726307330100e-01
2.536587825108465033e-01
3.221616440664967218e-01
2.232755822509605859e-01
2.545771037559599881e-01
2.320240899166439441e-01
2.380461837025986682e-01
2.001007674837966266e-01
2.287023453877948809e-01
3.486823354593901469e-01
3.170385612828061084e-01
6.354249193834844434e-01
2.819515856453230107e+00
2.098211557854672726e+00
1.500286695740180365e+00
1.326260533919825013e+00
1.007522582061370242e+00
5.380123052477592260e-01
5.923595677913191526e-01
5.537434365757109012e-01
5.908143819142379627e-01
4.149360212910429557e-01
4.223911359899006346e-01
3.580456702810993486e-01
3.180102656487408530e-01
2.178912949911583075e-01
2.043846639432162493e-01
2.618859151499704496e-01
2.845652145408712475e-01
3.502152522439563875e-01
2.028089856081788378e-01
1.738798595507912159e-01
1.732329383221667685e-01
1.934553091551472481e-01
1.732377652202352902e-01
1.406697793558937259e-01
1.553822801266780962e-01
2.510167978230011254e-01
2.619468712118011577e-01
2.193328817818286924e-01
2.156445618448270540e-01
3.547709795025617563e-01
6.293779028534259856e-01
1.392628798743670959e+00
3.266322161309616945e+00
4.101458079352045871e+00
3.250525107944932213e+00
1.523247427066794835e+00
8.597037402328164823e-01
7.039040751907701399e-01
9.554892222384121503e-01
8.447963556608039104e-01
7.902332276224108831e-01
7.508098116232081454e-01
9.610097391890656260e-01
7.715479256292060439e-01
7.890688896921058681e-01
6.945595362220170488e-01
6.285867167942655875e-01
8.041376010138188146e-01
6.374391509415008317e-01
4.647375801355648206e-01
2.631187716069668392e-01
1.768534731492037160e-01
1.818119659686902589e-01
1.722604186000240845e-01
1.466728252745548022e-01
1.639268710266315598e-01
1.512373687036436543e-01
1.471528591827766796e-01
1.350985329358284082e-01
1.112544661071472180e-01
1.294141611870229802e-01
1.704768489213308869e-01
1.689128456102534370e-01
1.632155024586067760e-01
1.431186809163710605e-01
1.181836187511986075e-01
9.862008505740886555e-02
1.116208417025963545e-01
1.088073090002231041e-01
1.159713265301033219e-01
1.650721904293413478e-01
2.575087382532809110e-01
2.799341448263685250e-01
4.386060994592470563e-01
6.564600030121180430e-01
6.726389146567318678e-01
4.780461265750033384e-01
4.473569526027960652e-01
4.083925347561250252e-01
5.701864444301497636e-01
5.766144225124834044e-01
4.253359450402233732e-01
3.882354596821275816e-01
3.762093640775330261e-01
2.507874820156881235e-01
2.414387319658649611e-01
1.895727442556947584e-01
1.837964685725899383e-01
1.979931344229486356e-01
2.898167972844002960e-01
3.966130457020889954e-01
3.270279126840838768e-01
3.119057041357116700e-01
1.990162206095534014e-01
1.678853842618603931e-01
1.624739048753374160e-01
1.276791868244753214e-01
1.359145747657604375e-01
2.959845077021058812e-01
3.965831510569414187e-01
3.962426391510452950e-01
3.733339269170841135e-01
4.937899595606735081e-01
5.378014146140326357e-01
3.929375925615083420e-01
2.841308964239906976e-01
2.898081544564957701e-01
3.703547937717588945e-01
3.896637780996363709e-01
4.465653093644661453e-01
3.710794764981248939e-01
5.694658914255423809e-01
8.189372924758990813e-01
7.970473806613008749e-01
5.928985586615237446e-01
4.974162415835596818e-01
5.965130775348476133e-01
5.380696357993166590e-01
4.553960555717988523e-01
3.518752618069958538e-01
2.978316612559689380e-01
2.491062494660512550e-01
2.277911666921651757e-01
1.580011968653178001e-01
1.384558395389803021e-01
1.477963689845268047e-01
1.299715655845602724e-01
1.132770305665385391e-01
1.149735088650134934e-01
1.219681815727049201e-01
1.365060184114495756e-01
1.380290971916807719e-01
1.449184414325889458e-01
1.456172715396120421e-01
1.623161748474306887e-01
1.270387924657972178e-01
1.646915880620181127e-01
2.814036104193246568e-01
5.291981454337844060e-01
6.023041758885037122e-01
6.860017155927107257e-01
6.582274484863442909e-01
5.110945036735574654e-01
5.983475643243942876e-01
5.874558899794183331e-01
5.541477196155965013e-01
5.037360991288312162e-01
5.900561189429684994e-01
1.367650588739692141e+00
1.570517136432798333e+00
2.039764641280462421e+00
4.548121636672655121e+00
4.251033587221309418e+00
3.250735831185506353e+00
2.751598112271636865e+00
3.313049913849772654e+00
3.140904350104639420e+00
2.080542787736181509e+00
9.987808839402773087e-01
1.130275342611256617e+00
7.570568945901218205e-01
5.382238440160400650e-01
4.028701226280186898e-01
3.489141206794952321e-01
2.619897883584635934e-01
1.767797977652506292e-01
1.576396839331509203e-01
1.350229786261410436e-01
1.016794582124678076e-01
1.057214901837296994e-01
1.177409615240118806e-01
1.202101747347609634e-01
1.030559765935861044e-01
1.018843880741364533e-01
1.032388335344630315e-01
1.201511228835274170e-01
1.082757539522395396e-01
1.583396890017679526e-01
1.215868048319213579e-01
1.087162966930413782e-01
1.195674062806325599e-01
1.326372066451753373e-01
1.179286244454490207e-01
1.170711638245727770e-01
1.059612353339072915e-01
1.533892805681598692e-01
2.083942620145626257e-01
4.084061145753228872e-01
4.523201119393804315e-01
3.027785799189754989e-01
1.961843577320676324e-01
1.558903948085779700e-01
1.283669750242155960e-01
1.461479683679186292e-01
1.932710665863911492e-01
2.282544108038007669e-01
2.187932515791204957e-01
1.580957941497166397e-01
1.806765928981197145e-01
1.677947576774020955e-01
1.608205353817582506e-01
2.065159651212249425e-01
2.485164612260195860e-01
2.699067413025419970e-01
2.941986532805173638e-01
2.565667073672466825e-01
2.603826241576414624e-01
2.225689276934567640e-01
3.747591335579243399e-01
4.762528835499577617e-01
4.519639372146376233e-01
3.524728586491663873e-01
3.786529665056997951e-01
4.105575575053339588e-01
6.216392201456233391e-01
6.625158730298824628e-01
5.170081789633279579e-01
3.548984598309313232e-01
3.270654896633306552e-01
3.071436311452533929e-01
2.424198116197121000e-01
3.316522931878815861e-01
5.320206122438772001e-01
3.952712593535347985e-01
2.994766926422171016e-01
2.766987542477730155e-01
2.396292525283792718e-01
3.699653096679946240e-01
5.355619875861570289e-01
8.330451743666728026e-01
8.954961047801657248e-01
6.661319269055043790e-01
6.957445635257087924e-01
4.152239202434905851e-01
2.916424150855663755e-01
2.342071305976019535e-01
3.463255682954619608e-01
3.197460318865348317e-01
2.547385304026308916e-01
4.004266447371861437e-01
5.785618075414757921e-01
4.454894703425966163e-01
2.280329026277516102e-01
2.355450530496215888e-01
2.025778542606209154e-01
1.346023788087815642e-01
2.099294782663051473e-01
2.139894458380461606e-01
1.843734661621057591e-01
1.767220150323390027e-01
2.261725175087202777e-01
2.288969933481544428e-01
5.868639738171165243e-01
1.901379455753430481e+00
1.961677911026028509e+00
3.280211993472125442e+00
6.735986983272137074e+00
4.768462479835945622e+00
2.505589111952315928e+00
1.428371336395181546e+00
9.752183780842895722e-01
1.034069535667010209e+00
7.505032827865700806e-01
5.540550063503756340e-01
4.505334064469939115e-01
3.614733326163244720e-01
1.914963190348207001e-01
1.422008292968963694e-01
1.162942773499354432e-01
9.333987220453617006e-02
1.099583844046723852e-01
1.256938362388764496e-01
1.069247702545605000e-01
1.319074338624961484e-01
1.329144820162458107e-01
1.306776763400798735e-01
1.074132526487746181e-01
1.017047271869703645e-01
1.041520017803293091e-01
1.323066175117828813e-01
1.916780827659708974e-01
1.712239432667944095e-01
2.180307719089892293e-01
1.413872605946348837e-01
1.231954201231126866e-01
1.053919470844253831e-01
1.264441012443028589e-01
1.087529603605189854e-01
8.726646136646387664e-02
9.389516240901883692e-02
9.014521881772218082e-02
8.928600593971436350e-02
1.109315223621216151e-01
1.375675348981449941e-01
1.320478168223261362e-01
1.464730251639179137e-01
1.563279890377202164e-01
1.964846450565208846e-01
2.270725447497048965e-01
3.114247581876004589e-01
2.245311525287677079e-01
1.761211655369867290e-01
1.625493106912982155e-01
1.763724304350266781e-01
1.699365657214381986e-01
1.654324275018064228e-01
1.687790207905888185e-01
1.439592670391177109e-01
1.968964565006015854e-01
2.884824857447319535e-01
7.121392310315574070e-01
2.407696002503958432e+00
1.363535623624128723e+00
9.685174673132729284e-01
1.001845134344687915e+00
1.075752186454921322e+00
1.109638810566679012e+00
9.826559472243542315e-01
4.321792695702580289e+00
7.139293196863791380e+00
7.155541503874267129e+00
4.009506639218250790e+00
2.500980866735131869e+00
1.110813039361052246e+00
7.596314415316226532e-01
4.935013911368455464e-01
4.648192740325571282e-01
4.793200227394970869e-01
4.652386801942849370e-01
3.923321870593453053e-01
3.140602196979264682e-01
2.319338519771076135e-01
2.260212523339603097e-01
2.298426679427017782e-01
2.375065687312181151e-01
2.032422315447171002e-01
1.996426856021929208e-01
2.272584658909694300e-01
1.613357980848924011e-01
1.374780392558450914e-01
1.277968248270490714e-01
1.448104427710401598e-01
1.237735500570820574e-01
1.260400577010046264e-01
1.339702819361652530e-01
1.174266507946180316e-01
1.145604094609633389e-01
1.390582768767733846e-01
1.091245705740986754e-01
1.141034916509555824e-01
9.937321700866848240e-02
1.104959653705229750e-01
9.351701522617375528e-02
1.140039215807463063e-01
1.630700851288990061e-01
1.810552163656858615e-01
2.406157013361206465e-01
3.076638002081290568e-01
3.283279380930296254e-01
3.555454341895135650e-01
4.129294656614084236e-01
3.481477569078109124e-01
5.212652925854568409e-01
1.212198602959548843e+00
1.104702485602415463e+00
7.552202766112381394e-01
4.961440646109613883e-01
3.325238691183738937e-01
2.788323973525149713e-01
2.485740139182831543e-01
2.781385836313154947e-01
3.306521103454534982e-01
3.417033373101853733e-01
2.594197353553465701e-01
3.478127650951730043e-01
8.149781420252267816e-01
5.552431823693050328e-01
3.724710245647487872e-01
3.544852519680947722e-01
3.380522783438559276e-01
2.620445875134489455e-01
2.286265842140435545e-01
2.638295757284441767e-01
2.484187893807633107e-01
1.644500627108074764e-01
2.041757298850090663e-01
1.830966898948002408e-01
1.529428578070815004e-01
1.779840660854390966e-01
1.603376938171534871e-01
1.522425076356425377e-01
1.686728962182585112e-01
2.225285113038651952e-01
2.277329059040537340e-01
1.602697095328455001e-01
1.353987859917173131e-01
1.344607055149367736e-01
1.137293916182622044e-01
1.046377486247870997e-01
9.614622443652079409e-02
9.933024424530355334e-02
1.039145279822800971e-01
9.684422743890155894e-02
1.960593730372550691e-01
2.738907919187940077e-01
4.840781134375973238e-01
9.201886725467438577e-01
8.410872693781276110e-01
5.222407244675092430e-01
7.271431314802783152e-01
1.365597572522938563e+00
2.034582709459239691e+00
1.317918110514911589e+00
7.734730913189232782e-01
5.879921296355525850e-01
8.683262661370568791e-01
1.378334553337875912e+00
1.434708444977327968e+00
1.270635695589189096e+00
1.034916707775195510e+00
6.810879070312065853e-01
1.062669361493154829e+00
7.431331698204312053e-01
5.610277680245012721e-01
4.439375910404796399e-01
4.132299414753016764e-01
4.109598242413923241e-01
3.422719686491065838e-01
2.741490771911361257e-01
2.479674702708263845e-01
2.467438141789121964e-01
1.572819562474161992e-01
1.427756289658093647e-01
2.230937634138443204e-01
2.360068298589364788e-01
1.859069839815260805e-01
1.485630212351717605e-01
1.215054602892725877e-01
1.185706315593823973e-01
8.216991587288240140e-02
8.763356946123829205e-02
1.055606981895019225e-01
1.248249421835591622e-01
1.272300272992264170e-01
9.598340995331545999e-02
8.342992082912439877e-02
1.000588480664012375e-01
1.313716416899778916e-01
1.382777421526332207e-01
1.656304823458547293e-01
2.194890141907038794e-01
2.215877477643386495e-01
1.729718661101948829e-01
1.755762226688072636e-01
1.740319488797897607e-01
1.502896708283547877e-01
1.499243147742214122e-01
1.323665176106998131e-01
1.657974941835820837e-01
1.893159262671976206e-01
1.996877257792426252e-01
1.864463811952962180e-01
1.341453842750011394e-01
1.448190879644737361e-01
2.106735865083129988e-01
2.472569295014847846e-01
2.478696261536273704e-01
1.644701019968981270e-01
1.635649204094446751e-01
3.652760681453525171e-01
4.288505770008981255e-01
3.951892028928271072e-01
2.747442449423974087e-01
3.491254081788875419e-01
3.285623833354289203e-01
2.849269658010943895e-01
4.376179456529845635e-01
4.335741609742940761e-01
3.374292772281908270e-01
5.618405710852305557e-01
5.215857303543927070e-01
4.180711496369779456e-01
2.829071011522213963e-01
2.182652717870541548e-01
2.275396238244747626e-01
2.402374575410324564e-01
2.996730569177399328e-01
3.038712447853242349e-01
2.379878067742710046e-01
1.996586042549741424e-01
2.201498223277325028e-01
2.726716493278253939e-01
1.882956937155491062e-01
1.489556933528763116e-01
2.127048793570564533e-01
1.566902968122410311e-01
2.144879249156377565e-01
2.202298625701284984e-01
3.021420433408458783e-01
1.012853111203898315e+00
9.109618500100394867e-01
6.674805484514932941e-01
4.699125068191081223e-01
5.662599864618024226e-01
6.133178667500657211e-01
8.115259123005010844e-01
1.181595535973752886e+00
9.127776552428745749e-01
6.347108102229621629e-01
6.120826398323830908e-01
5.714856104197452158e-01
4.740278768240075435e-01
3.528980166941051433e-01
3.377655948217255788e-01
2.268347240059316872e-01
2.420840471043874675e-01
2.957356783050792415e-01
4.758073960704135019e-01
5.077566353490184925e-01
5.103204435707167086e-01
3.953428871537835732e-01
3.810405621337157878e-01
6.057587430266374584e-01
5.699052035192621046e-01
4.336591768003678626e-01
3.868288588286882268e-01
4.236786926986629842e-01
5.240716306203409003e-01
6.577422162731640931e-01
5.537219852509174256e-01
7.195624177606332328e-01
7.926139884055519724e-01
6.046717440711627534e-01
6.168573615066477167e-01
5.517996444741636308e-01
4.204776338902216359e-01
3.350656195990248665e-01
2.821476855447120347e-01
2.638873018667164949e-01
2.751702117353465038e-01
3.230904784305863031e-01
2.901656541725452509e-01
2.318478871068684888e-01
2.190406694236744778e-01
2.722505287404460850e-01
3.370237564168557243e-01
2.435380923517826424e-01
2.566522693200470884e-01
3.574447481965931095e-01
2.551686730562401362e-01
2.819268769491164450e-01
2.288665762469079545e-01
1.604560215222361197e-01
1.477861590983787499e-01
1.904070604929373467e-01
1.705969711071970429e-01
2.383395530962112707e-01
1.976818444417745013e-01
1.847548498917206961e-01
2.041853137385929162e-01
1.464887587567437199e-01
1.618924621976894629e-01
1.467007322130599034e-01
3.010122495593160474e-01
4.382727456538816346e-01
2.802120672926596612e+00
4.715376365166612516e+00
3.943061477628633682e+00
5.622122487554208625e+00
4.787180691692939583e+00
2.340889880389702693e+00
1.108105601285858333e+00
5.899618103262651569e-01
4.403560124560098044e-01
4.346047127521926456e-01
3.579879476017034379e-01
2.246991322290056992e-01
1.345416238025152478e-01
1.640083027548627226e-01
1.767448920150885283e-01
2.422900959999159665e-01
1.925913329129328444e-01
1.440832943443642322e-01
1.376974143345111590e-01
1.027657228524854055e-01
7.972044365296965251e-02
9.959965559854006001e-02
1.039594892233419721e-01
1.006069765684332179e-01
1.124410186316687765e-01
1.311599329037985984e-01
1.041906520770666256e-01
1.186150048626681969e-01
1.356915909687833877e-01
1.467436726693409910e-01
1.650699193573696988e-01
1.383904385273811988e-01
1.442163302280340398e-01
1.429165101514095482e-01
1.271104851760666565e-01
1.617938438660221356e-01
2.470005204168188584e-01
2.477102821337819893e-01
1.473197222011419782e-01
1.403204828082515732e-01
1.513104207262606915e-01
1.887315901072474378e-01
1.397889609456024751e-01
1.085326077604180095e-01
1.399225800355806681e-01
2.262520552215479264e-01
2.305029374723376046e-01
2.366635599232811416e-01
2.930575550241052429e-01
2.066527533221828306e-01
1.855787054256018143e-01
1.597411814837812194e-01
1.761958197018235195e-01
1.697900723177521998e-01
1.915097536974851300e-01
2.307368896981504269e-01
1.962321425312148204e-01
2.360647772193676386e-01
2.667306546239942566e-01
2.515857501773423044e-01
2.906266433005295635e-01
4.794259228937250428e-01
5.922983379936269666e-01
3.522421476329795631e-01
2.327830807285383719e-01
3.078432627900563046e-01
4.164378993923782968e-01
3.156230951571376564e-01
4.121943606865066112e-01
5.689680150129624581e-01
8.453906873954273316e-01
7.187827619371267573e-01
7.771406482133917937e-01
7.242799636182596368e-01
8.232434569501145827e-01
5.987905137038478376e-01
4.604529949931815413e-01
3.002468967479160478e-01
2.254081049280979021e-01
2.227618887311177409e-01
3.166816281474994499e-01
6.207650632895769238e-01
7.064900574276972156e-01
8.977162538883104448e-01
1.540291369226410190e+00
1.135856521117744711e+00
1.110581906044987521e+00
8.517294067264196133e-01
4.825212079659215725e-01
4.354040050731161626e-01
4.062976293463826383e-01
5.461564411275590114e-01
3.606830514206526561e-01
2.526125417958018926e-01
1.613937616778984840e-01
1.796821679704191932e-01
2.548307185766945371e-01
1.624576396120676891e-01
1.534408141482521692e-01
4.419452902395927807e-01
3.184311440689551742e-01
1.815863188283656227e-01
1.565905322271832767e-01
1.598379903131414148e-01
1.947457735369187704e-01
1.590708441346077862e-01
1.486564939751599257e-01
1.922775482524947399e-01
1.668799283170673553e-01
1.971161776938833987e-01
2.080170778115540409e-01
3.295300342422766704e-01
1.096047032502828644e+00
1.320905014222598872e+00
2.145770710034434980e+00
2.280478146198509748e+00
1.351483351445271541e+00
1.495547651037661074e+00
8.670279159349831843e-01
9.103867008384654014e-01
6.751164148244873653e-01
3.607158742220019643e-01
4.135574096389004750e-01
3.356208400424202654e-01
3.048035464894329194e-01
2.891615395043091175e-01
2.635074429732045531e-01
2.136020944426269275e-01
1.833425920238830054e-01
1.918801120743637290e-01
1.952899387711946044e-01
1.925451414829325303e-01
1.646740500401107643e-01
2.872408907409338963e-01
2.237780329864351436e-01
1.268913037109823394e-01
8.752312776997722699e-02
1.026171454088981305e-01
1.188014436678293262e-01
1.035574736994185618e-01
1.314556471163391693e-01
1.879744259820053942e-01
2.504307117032715801e-01
2.411942164051324999e-01
2.812928977770011163e-01
2.174888489569049566e-01
2.640731554039866258e-01
2.848133961538937275e-01
3.114778868843506299e-01
2.570191691741134377e-01
2.239947322136268404e-01
2.900185897720117811e-01
3.152956191464126867e-01
3.079689747003987454e-01
3.925258546708046414e-01
2.835286227872060305e-01
2.666582389788631491e-01
2.449382161001321667e-01
2.787138692536511586e-01
1.895996299878494884e-01
2.777757816662778101e-01
2.735998796250307397e-01
2.416825479493916184e-01
1.996095077941174023e-01
1.519664783658128404e-01
1.665764563527962761e-01
1.985708359764542796e-01
3.312337604855384310e-01
3.074912991822523756e-01
2.345941486026210665e-01
2.092153281975381307e-01
1.632268993836348825e-01
1.843805075006901273e-01
2.287329187262202301e-01
3.358232163384173852e-01
3.303219457040476037e-01
2.982353285116664532e-01
3.954724710872516424e-01
5.615393300153462830e-01
7.683344659279882638e-01
1.662778967026482313e+00
2.618874694756100130e+00
3.561605212218639238e+00
3.557168125026289651e+00
4.273767919968801010e+00
2.956479982463234624e+00
1.868971152542597824e+00
1.184944974712133670e+00
8.052331909380872066e-01
5.274709294419013261e-01
4.086382725401415672e-01
3.088795974900937491e-01
2.070228960320205369e-01
2.111216449570065268e-01
1.919020792495653993e-01
1.923954223579081024e-01
1.749767231222635055e-01
1.412213945918764924e-01
1.556441149323989082e-01
2.550107879254542853e-01
2.761397575486946310e-01
2.099523241324742218e-01
1.792896379348428160e-01
1.578111728621588716e-01
1.533935542838633093e-01
9.669239059767939515e-02
8.382579885907702477e-02
9.150685746725750747e-02
9.020689458843676733e-02
1.460243155063617737e-01
1.228140969658175347e-01
1.096632067798231497e-01
9.425219952271474133e-02
9.891379596687473186e-02
9.618548111093176700e-02
9.436893983876708247e-02
8.398833974219596654e-02
1.133585060477003970e-01
1.448936395753389061e-01
1.402776417096128769e-01
1.224874333567443352e-01
1.064126331344917298e-01
1.056587135213612055e-01
9.153510295695664600e-02
8.066414536695484805e-02
9.944528828664089826e-02
1.402991827970145322e-01
2.958402633077351629e-01
3.119640459830427814e-01
2.726093853637056585e-01
2.627122229249430618e-01
3.128783053418590643e-01
4.248271266852663985e-01
4.277937428128095743e-01
6.184101027288826380e-01
1.133916912869430194e+00
1.072366267219077463e+00
7.420813631816655098e-01
4.445719817577322153e-01
3.510094274036114070e-01
3.133005236248005976e-01
2.762917728626954061e-01
2.311338915169451891e-01
1.694120617690060837e-01
1.835682116720700197e-01
1.342184086608229632e-01
1.257884435188165728e-01
1.410378543000977980e-01
1.943490226888809902e-01
2.257515446972786777e-01
2.421573959926376640e-01
2.320673860318752668e-01
3.200653990371956081e-01
7.229668168439505882e-01
1.006261161936883086e+00
7.117933313679917218e-01
4.902544006623583694e-01
6.186830751524668992e-01
6.249546562315946296e-01
6.652437828815846999e-01
7.962582732856630097e-01
1.260437979341339387e+00
1.260591905501627474e+00
5.478275761661094423e-01
2.920507190356513849e-01
2.242026736728612302e-01
3.226034528301502946e-01
2.490648666231946307e-01
2.986288952749875936e-01
2.130783975818866249e-01
1.526758793780644552e-01
1.415086540030466022e-01
1.133432307152524160e-01
1.084372096381258643e-01
1.022062473803650867e-01
1.235595422606834692e-01
9.828428448454701316e-02
1.182357085497268145e-01
1.652985758089187407e-01
1.849759226124205180e-01
1.255824342988098585e-01
1.321197452599174038e-01
1.144130064824840365e-01
1.272565954079173667e-01
1.269729047421635781e-01
1.786195126702763425e-01
3.331339339972581026e-01
7.316023091814559676e-01
1.006373781984629456e+00
1.097110444398461837e+00
9.717606591028795648e-01
5.713606367192566315e-01
4.083990296351152072e-01
3.120970607268948038e-01
2.926788285045223703e-01
2.143393824672641945e-01
1.193976680712199173e-01
1.131781378949607841e-01
1.746873178097439749e-01
2.707862629410430211e-01
2.095534427627624430e-01
1.903362229409593376e-01
3.353660425042824245e-01
4.229853614693606101e-01
4.307035071559751072e-01
4.506889232118763133e-01
6.007869314561069540e-01
4.614151265140166158e-01
3.898034110663826102e-01
5.065302484850794373e-01
3.944600683900640892e-01
3.124043551985716261e-01
3.176066196663673291e-01
3.134435311006892877e-01
2.130076395890005969e-01
2.193630353410744027e-01
3.807278727532504292e-01
3.955214328473510288e-01
7.506189715382346472e-01
6.036995764157563338e-01
4.981487672184051196e-01
4.977081774767432854e-01
3.347134385271893220e-01
2.607759319205252280e-01
3.034860807993930432e-01
4.531402978873543264e-01
4.317261932269109148e-01
6.042778738082895673e-01
1.277314990745069601e+00
1.608239523736938015e+00
1.183585109903016797e+00
1.612807881310784452e+00
1.872314121294994971e+00
2.020696023738863811e+00
1.859712285650336971e+00
1.908118809500604085e+00
1.416367343328387873e+00
7.762562998863891117e-01
6.789104050735192963e-01
7.574229146667373902e-01
8.033080154849043808e-01
9.820885270982713244e-01
8.694204600908487235e-01
5.259360115248243872e-01
3.957850768761652094e-01
3.528710449371241786e-01
3.742428206105375965e-01
2.564510629458299218e-01
1.504532234455409345e-01
1.419114190425734001e-01
1.173451573903671052e-01
1.136591156208016928e-01
1.309242399135105706e-01
1.190650604386092604e-01
1.007076556471806633e-01
8.842170939150345577e-02
7.185615812834973692e-02
6.804392782135632034e-02
5.780654419788661125e-02
5.110207122542474723e-02
5.449489573042230056e-02
9.886551166587956296e-02
1.000648044201896819e-01
1.805990050781388911e-01
2.180957035907340469e-01
2.989255110605507082e-01
2.357269066242344835e-01
2.915417756047558040e-01
2.123204113918753799e-01
1.964071517635680719e-01
1.705050519837777723e-01
2.684410365995079650e-01
4.980018493624230325e-01
4.734027765980792224e-01
2.773637775830242180e-01
2.347082109802722250e-01
3.304449061454930447e-01
3.138577926107700700e-01
2.572715336846613243e-01
1.869666231284481117e-01
1.975210199167453662e-01
1.864430557604456196e-01
1.540774504428529812e-01
1.504642977602807796e-01
2.163958297248620988e-01
2.672506580587846181e-01
4.002057300222869318e-01
3.569053439562533403e-01
2.470078164867182124e-01
2.101098201522825504e-01
4.624340760081607216e-01
6.493648831659223353e-01
1.099885457719600002e+00
1.299740777398428637e+00
1.693397418234259266e+00
2.834786060581251821e+00
2.142991081439800993e+00
1.124295125514757521e+00
7.832253497571936007e-01
4.884286685126636440e-01
3.468152150292890812e-01
2.672865250924589819e-01
2.030453260492824930e-01
2.134134489300256732e-01
2.594500725379724204e-01
3.410317595483017827e-01
3.098771210013693267e-01
6.109240815938842273e-01
6.159903595434528256e-01
3.688483365748689846e-01
1.447429156428855779e-01
1.245006867156129710e-01
1.027261294303831590e-01
9.171110917710260935e-02
8.883993923903302226e-02
7.195690115697135625e-02
8.425317709330998328e-02
1.008007349451911644e-01
1.235181432923935507e-01
1.486694159387107195e-01
1.992941137490617798e-01
1.753009001938415357e-01
1.301117584083148204e-01
1.518502784725105914e-01
1.526041308701956423e-01
1.688477107410808753e-01
2.176159892719519706e-01
3.029396853468044326e-01
3.815335973421478677e-01
3.562405321007020564e-01
3.636974648772804963e-01
4.829272207269446615e-01
4.538990166054653330e-01
4.175698092482669765e-01
3.184165415143322408e-01
3.510870685617338283e-01
2.178806826484149251e-01
1.630846491508784746e-01
1.597483645332746505e-01
1.395850721331632072e-01
1.870450526456051976e-01
2.016072500634079612e-01
3.058159401020915102e-01
4.698611568309935538e-01
5.075821182485177330e-01
3.044775625158080423e-01
1.896761765395562904e-01
1.319946061363150014e-01
1.215515600940668683e-01
1.167137834763686960e-01
8.684758623003313582e-02
8.646887984830281537e-02
9.362167814329662441e-02
1.077310941275367862e-01
1.470530497906644141e-01
1.199107588512371703e-01
9.041673854525575371e-02
7.796558086130604692e-02
1.042415426732735684e-01
2.243260634659979824e-01
3.316650369800419051e-01
2.397265679660928461e-01
3.175323036961895107e-01
1.180346053710894738e+00
9.183322009603683833e-01
8.171960968342765197e-01
7.010617986972271787e-01
5.970911129381769600e-01
5.775557510146099860e-01
6.323216748030194845e-01
3.079491792325180777e-01
2.243563401161669524e-01
3.731030658171362036e-01
2.572722117189363278e-01
2.466213593095975543e-01
1.964698972316183678e-01
1.438531820483987533e-01
9.553421781617357778e-02
8.519612594309998455e-02
1.004584592729563797e-01
1.279123876024681750e-01
1.748980247622898831e-01
3.598998912602384137e-01
7.414727171529665872e-01
1.022035807477747582e+00
8.733286503601938033e-01
7.093942081834526681e-01
1.084538250057004882e+00
8.184218551699420363e-01
5.399521266500991734e-01
3.708691943984849249e-01
3.153385735472362117e-01
3.283517732390393018e-01
5.545578575168848001e-01
3.722766445872398022e-01
3.371265563250960273e-01
3.550892243426201911e-01
2.793036527135893676e-01
2.050921582954771949e-01
1.993011799201931666e-01
2.291144718124725199e-01
1.994016647113403540e-01
1.779457409076833641e-01
3.140591631401450923e-01
1.884236829821495374e-01
1.228140299171330274e-01
1.042775928267280910e-01
1.313056128521656041e-01
1.262132210064957627e-01
1.649954017441218890e-01
1.369216741110982627e-01
1.064566480619294347e-01
1.058398679166210471e-01
1.327452054807995441e-01
1.415486210847050896e-01
1.319422473220143444e-01
1.208808806627841848e-01
1.281859595037938837e-01
1.880383904963874864e-01
1.885095942808489022e-01
3.674869645955391451e-01
4.492062462385884025e-01
2.916016427525302546e-01
2.051777130813685068e-01
3.495590129352930675e-01
5.512278144300133409e-01
7.662083905835466169e-01
7.709844657311382132e-01
1.002198759570591236e+00
1.021499569567871246e+00
6.644538977976438554e-01
7.456677973826731920e-01
6.971767678835379956e-01
2.593931674850301405e+00
2.089003680637208760e+00
1.403302205164553174e+00
8.676044064241622555e-01
6.698469761084585583e-01
4.995898403867644610e-01
3.277875958683039714e-01
2.045825621322980847e-01
1.373597600768541316e-01
8.154447243464414685e-02
8.357500025347709693e-02
1.065016272908508588e-01
1.990853000225358549e-01
1.596437913293023703e-01
1.129584241315279569e-01
7.204255794438392535e-02
8.463934070067656579e-02
9.739529348936573627e-02
6.482605609264258106e-02
7.555217284330510708e-02
7.811763615463383770e-02
8.266304726652538848e-02
7.286093203243253213e-02
8.189704550778874326e-02
9.110086242725984329e-02
6.708140937750281529e-02
7.647923822341465283e-02
8.249007769883244523e-02
8.839389077389694926e-02
8.398894704131773525e-02
7.635324455484153450e-02
8.058771908541845219e-02
7.142128812677120409e-02
8.294796034388855765e-02
8.856561377685036318e-02
1.700660253947607614e-01
7.354822898231698769e-01
9.198555073310685781e-01
1.955013848586368619e+00
3.149098093193339665e+00
4.060790081166381071e+00
3.234574516276213618e+00
2.306747417274628287e+00
1.924395294215178742e+00
1.092465017333600796e+00
7.427299670602732773e-01
6.743451692808638542e-01
3.643168565300293205e-01
1.929808733343152394e-01
1.257019164882479667e-01
9.292644514760818597e-02
9.101829898499590177e-02
6.348013644199203276e-02
7.271438038894689759e-02
8.164900121612531092e-02
8.435116677282007702e-02
7.389778805595437206e-02
6.249882587720503868e-02
6.805406488477264149e-02
7.500616108120973513e-02
6.497328157604675969e-02
7.243266469955858544e-02
6.236528836695262590e-02
7.368316936409723128e-02
6.690875770004460488e-02
5.920595510332416628e-02
6.200587828338133961e-02
6.281998152408019287e-02
6.514198593619996425e-02
6.944100225750859945e-02
7.876623316651672202e-02
7.697031720242017427e-02
7.244501996352242790e-02
7.261784694174046317e-02
9.886504288195764600e-02
2.177914131977579659e-01
1.369382731521483210e-01
1.363250017661044311e-01
1.369693121656439527e-01
9.640059792598190680e-02
1.194892906854056608e-01
1.042508470359316264e-01
1.192907386454048480e-01
9.052993419614559223e-02
1.100622446879061106e-01
7.956995528779284288e-02
6.795668480843819470e-02
6.205145522453227314e-02
6.288181656072498737e-02
6.534055853017226023e-02
6.684120695078928087e-02
6.455149474026133927e-02
6.266354018174150053e-02
6.540845072156870055e-02
7.030631585901556124e-02
9.158761734225030759e-02
9.562170694005044103e-02
7.054046510588730945e-02
7.043080252867581215e-02
1.174055088455133733e-01
1.361506453340775025e-01
2.312400097713910030e-01
2.930988627365708754e-01
2.840907328326859882e-01
2.152047806981832179e-01
1.350779944912331998e-01
2.652987200983137339e-01
1.097594569514863894e+00
1.063209193215155723e+00
1.049268198190580259e+00
1.208129365826677626e+00
1.027839726147895316e+00
5.763346025682869467e-01
4.888248191006706600e-01
8.971799672694951155e-01
1.132180666919979428e+00
1.146317938742388742e+00
1.174224216994089520e+00
7.488101043798818246e-01
7.505297910068811085e-01
6.072239048773551140e-01
6.195356325436960354e-01
5.315642722916682494e-01
1.436683469695717807e+00
1.076015498541335269e+00
8.464232856010250883e-01
5.360164927803442447e-01
4.904981292612611288e-01
3.271004965204331594e-01
2.087845097244614145e-01
2.329017464080044286e-01
2.306911734315196527e-01
2.818871995745750314e-01
2.304865514864499199e-01
1.650925260864305466e-01
1.695485646252161138e-01
1.725817528151243896e-01
1.716443181848309185e-01
1.332325493927567772e-01
1.147852677771172836e-01
9.947847415633470636e-02
1.077588041948052272e-01
1.569092791887585214e-01
2.386018086013643735e-01
3.443879104966673377e-01
4.386824124436355943e-01
3.619567408996656743e-01
4.501222408649638851e-01
3.496937449883670279e-01
6.860985701526374214e-01
3.982964660789387601e-01
2.369142943587805583e-01
2.251842753395643659e-01
4.182317061920776680e-01
2.908386275399929000e-01
2.473183211014022553e-01
4.003986704285318332e-01
2.285063687713551339e-01
1.634931798081133425e-01
1.162279801375515620e-01
1.401682695155410940e-01
1.035162831569571978e-01
7.426619835386048807e-02
6.510666898330574881e-02
7.317192383603923767e-02
8.158449261547881526e-02
8.242204577669710874e-02
1.020167150603620565e-01
9.768937031042000674e-02
7.726583022763212905e-02
8.993843096247233770e-02
7.861020392026078774e-02
8.423728290443591171e-02
7.006859791508550372e-02
7.842973164472524794e-02
1.090773271087010221e-01
1.976003505449243358e-01
1.892496914389197593e-01
2.413097523767629149e-01
1.694170190444333757e-01
2.340085933332595458e-01
5.040762664928190029e-01
5.155150982270357840e-01
3.954893105445673185e-01
6.032056523093650702e-01
5.161242115200868064e-01
6.145760781241514925e-01
1.304254014411365015e+00
9.930290387735161151e-01
8.455693898236202877e-01
5.797543698233740272e-01
3.815564245825725509e-01
2.941013728496699731e-01
3.522192415384837183e-01
4.128227454138850283e-01
3.668267586527471646e-01
3.823729588796262457e-01
3.127057890240002580e-01
4.602306604345938190e-01
2.059657319302853118e+00
2.746947725940922069e+00
2.761871805086636211e+00
1.755559279478910106e+00
8.133907172375774985e-01
5.503733226174937210e-01
3.906250515635983356e-01
4.858168481797033866e-01
2.868347602440588506e-01
2.074700318961762713e-01
1.169106575262111730e-01
1.236589173413867454e-01
1.107167087545003481e-01
1.314272937158779131e-01
9.840227410100198246e-02
1.733201614219874731e-01
2.060223312696221054e-01
1.572265620107787254e-01
1.920420946590183364e-01
1.671837940618249307e-01
1.454937381126547025e-01
1.273045974097316291e-01
1.229422007738856099e-01
9.983459305411644669e-02
1.442467067831645910e-01
2.044550638213612770e-01
3.248758552677704081e-01
2.589966474508396677e-01
2.853170861840475525e-01
2.168679239317121421e-01
1.798065446118864152e-01
1.200913946759140372e-01
9.690782630561707578e-02
1.034936967244781542e-01
1.014746878333085134e-01
1.150491537312144374e-01
1.393114869279586110e-01
2.557754243276317840e-01
4.208353316192066096e-01
3.551554423332908828e-01
4.921692533518022827e-01
1.993280968737960235e+00
2.701414318093768419e+00
3.002976969589508993e+00
3.811395548369739039e+00
5.101450059306531948e+00
3.161447018828980493e+00
2.096091428399058376e+00
2.137473735772230654e+00
1.399103603003989615e+00
8.502395061313521296e-01
6.372896384535540193e-01
3.648762865630029717e-01
1.684349747235173167e-01
1.159662544504522635e-01
9.295860185312712631e-02
9.640120091990388163e-02
8.734181581412597817e-02
9.008477430997344215e-02
7.265138465653414590e-02
6.828287689272111161e-02
8.165647624007588146e-02
7.626259270435513382e-02
8.817693076038558841e-02
1.346941363705389527e-01
1.411146282989345357e-01
1.216982621960440991e-01
1.437521306175781888e-01
1.110652984324536213e-01
1.310325951193283267e-01
1.342100626647988459e-01
1.069841047038336129e-01
9.137713736813864174e-02
6.682800877198323553e-02
4.562542333459845140e-02
4.211114508233695930e-02
4.799321624551918658e-02
5.149845046149399003e-02
5.239629266937827906e-02
5.974499818352427272e-02
7.305097985120917459e-02
6.912366279319905049e-02
6.713494754021623323e-02
7.740651253816399624e-02
1.091815792014616399e-01
7.255321424754539172e-02
6.964786585591405121e-02
9.501515641702272530e-02
1.914174911519621602e-01
3.912591486312906319e-01
3.761831381291383392e-01
3.347567108212147757e-01
3.335409423283027253e-01
2.631686157149412120e-01
2.140878365111758552e-01
1.772047227120070456e-01
1.170355576798660507e-01
1.110448988082280708e-01
1.232431202272574328e-01
1.174068241902758436e-01
1.047290725062982181e-01
9.807551360859484424e-02
9.303926217015265343e-02
9.748232842235633744e-02
1.613983271608339654e-01
1.251490791960549465e-01
1.373451291677797725e-01
2.255198200917550300e-01
5.130819390902064958e-01
3.837610960938578342e-01
6.003799803896511245e-01
6.910088961961651233e-01
6.272174552125997504e-01
4.022103380361976566e-01
3.457876697175846781e-01
3.934506978988918657e-01
4.169307283220350380e-01
7.342562721842004203e-01
9.593271861015373325e-01
9.801516265307822495e-01
8.694883196406570924e-01
6.788129303407219872e-01
3.614778555359434709e-01
4.026043778325614220e-01
5.215646741044204227e-01
5.565140251222882029e-01
4.395185156900122125e-01
2.655985685007428154e-01
1.686878694559652281e-01
1.487479735908978917e-01
1.441384043464081499e-01
1.182714262589501242e-01
1.079707898273883915e-01
9.222293055004934792e-02
8.382531938729831378e-02
1.010012767155635399e-01
1.220676087212199529e-01
1.092039867458223790e-01
1.200519738453340313e-01
1.428598610409479719e-01
4.719107788732976316e-01
4.597983538582765539e-01
5.619896259282021189e-01
9.131527015391376345e-01
1.052622626149885887e+00
7.625253021312217161e-01
5.583649195551224631e-01
5.883069205378353983e-01
1.077570853441698340e+00
7.510710135147564692e-01
1.035877652203731181e+00
6.554977467620212161e-01
4.210328449013998608e-01
3.622770093026133620e-01
2.027038180198872386e-01
2.072493784529837735e-01
2.941530062040818572e-01
2.876780288903750260e-01
1.574088041792950921e-01
1.458635654667866932e-01
1.133664308290611294e-01
8.049020223902635107e-02
7.541858546494632776e-02
7.294358028777170322e-02
9.935611980867838089e-02
1.107217484610903552e-01
1.098402262424512804e-01
1.009994403679922992e-01
1.086968294330721702e-01
1.058135981853680907e-01
1.008502664441761204e-01
8.214412356394579229e-02
8.556155828364589433e-02
1.000274602516905698e-01
1.319044034920875685e-01
7.587508204670082024e-02
8.245985708744539566e-02
7.514106335570018558e-02
1.111220763165112618e-01
1.063366689406100574e-01
1.150425337551125859e-01
1.080958420514044060e-01
1.091113142045972706e-01
1.028722317542240944e-01
9.710625114086635090e-02
1.731992087947678005e-01
2.475770047034945853e-01
4.577963726508203490e-01
5.827286184800710700e-01
5.377110892928630426e-01
1.206874439325586579e+00
1.308372671466872861e+00
9.797891078747967830e-01
1.100929274747167508e+00
1.952310345022162608e+00
2.654907677803660881e+00
1.801027148598526306e+00
1.160510220882624344e+00
1.475017103514508321e+00
6.632432473984247734e-01
4.716899130923221661e-01
4.036663185477656901e-01
4.070303054871404203e-01
3.638646742930825573e-01
2.220969043453913383e-01
1.450067474468626771e-01
1.716846648387123087e-01
1.626743194268809034e-01
1.821333667198599127e-01
2.184733367717456021e-01
1.800027755062032220e-01
1.007117796296705808e-01
8.991416017193058774e-02
6.724737467168026561e-02
7.634318672549283979e-02
7.259235528066863841e-02
8.544973238155760542e-02
9.819825147079894179e-02
1.070445381988271716e-01
1.463763213930307783e-01
1.155500723919156980e-01
9.757729966509424979e-02
8.958689255848037436e-02
8.985509367056547514e-02
8.561795498454560782e-02
6.909197919805651344e-02
1.051984373539501805e-01
8.506462136446633904e-02
5.986138947310840758e-02
8.182772256181200521e-02
1.394831780285908929e-01
1.175926234515187602e-01
1.108767989343165533e-01
6.402344137020402060e-02
5.445387679258764657e-02
5.826567390053452589e-02
5.373451204020773808e-02
5.698572235705899602e-02
7.079435238454521995e-02
1.005170832387786845e-01
7.397937656564082531e-02
8.272316548297797834e-02
9.818921949635797675e-02
1.079082448983219172e-01
1.052145364782744591e-01
1.341248888543303264e-01
3.704463437684045735e-01
5.857564798495765723e-01
9.882337745774537607e-01
1.104587138233947829e+00
1.504777957827884372e+00
2.403070412945546241e+00
1.757184238731191783e+00
1.281230251949108112e+00
8.307701124417755656e-01
6.941140729349218885e-01
4.450165786117447064e-01
2.350933466364617808e-01
1.652788232886094333e-01
9.039957029145102851e-02
9.672118648847853606e-02
7.150333337938885592e-02
8.147090657365060884e-02
9.241482396385945763e-02
7.891616795708553123e-02
7.801902244371179684e-02
7.668770717722976638e-02
1.402165636116881886e-01
2.028436789803508555e-01
1.859514738947624923e-01
1.487557617735320581e-01
9.507423919327699646e-02
1.239128912615544142e-01
1.321177329328701855e-01
1.096276551608921096e-01
7.421764164474953240e-02
7.414543138571157155e-02
1.161245555451979605e-01
1.191835917359207603e-01
1.095454171055298409e-01
9.575635613945265856e-02
8.577730359071629451e-02
1.123485243925229499e-01
9.129987274646893247e-02
1.812746543443017888e-01
3.527254419960875742e-01
4.012350777178448347e-01
3.802033130745946510e-01
4.044335414512143512e-01
9.063341217136375860e-01
8.673243252685357563e-01
9.959438554533768251e-01
1.051605773255011034e+00
8.769039011950866547e-01
7.873773717725894850e-01
4.885293639729857973e-01
2.769389890779923591e-01
3.086873342104714535e-01
2.110799281642567748e-01
1.670995468541329465e-01
1.275843194653468460e-01
1.379539843141787681e-01
1.894368324541075010e-01
1.179301140423846123e-01
1.085025357584887828e-01
1.592889403091120593e-01
9.851369030003521987e-02
9.409033354021750784e-02
1.054351403759270639e-01
2.093797364276219763e-01
4.695151311940973238e-01
4.951969581041960611e-01
3.336449168764668571e-01
4.093592070685641571e-01
2.581250646466247689e-01
2.328077480601590810e-01
2.661576356075681660e-01
2.200979064499554161e-01
3.567584969618291524e-01
1.254879168448900018e+00
1.360386045108760600e+00
1.180791974102226582e+00
7.484252587462369988e-01
1.180476703600277233e+00
8.015035947594683075e-01
6.307560057115305652e-01
6.356318947221114568e-01
5.981125642449341973e-01
3.498106312454911659e-01
4.162038000246880420e-01
2.588704190445817455e-01
1.998826886540162606e-01
1.397825819884521148e-01
1.895998597125539975e-01
2.073287716897528610e-01
2.402839559990637974e-01
4.313291558846625851e-01
6.118055052629055579e-01
5.167994368567907504e-01
2.836251174832504773e-01
2.514333246591505255e-01
2.637923569194519646e-01
4.553016787669272869e-01
3.690121640908426981e-01
2.933612673488006362e-01
2.222385650700363924e-01
2.043268406788262548e-01
2.221368280699015929e-01
2.385702802446739712e-01
3.224371198490771362e-01
1.893223029307084804e-01
1.242579319617858613e-01
1.002873542226912357e-01
7.233497682330852774e-02
6.362216054076734462e-02
7.313426338877861144e-02
5.944234289536805271e-02
5.633346197663592625e-02
9.196753425558071293e-02
9.554931950188222389e-02
1.638834536701179456e-01
1.146018183867380802e-01
1.109522957200170107e-01
1.436263328148118801e-01
1.746878518059677143e-01
1.367721890781381788e-01
1.530328264826230911e-01
1.558220633952497047e-01
1.160072381425023558e-01
1.245176719050144071e-01
2.176163123417871048e-01
2.410406930215847621e-01
2.145069173120131845e-01
3.017660363171827398e-01
2.108778955179539949e-01
4.180267790863160804e-01
8.161141596783407781e-01
5.976151580829491827e-01
3.930974573377739034e-01
5.588703589629148150e-01
6.335856987881942626e-01
6.471251981007000165e-01
7.559505344983246111e-01
1.003727918579923051e+00
9.454922465595444470e-01
1.223174032146931545e+00
1.350509864798455029e+00
1.544815304271999201e+00
1.595788922691956158e+00
1.703603767459348051e+00
1.695825809725284516e+00
1.283085358371280238e+00
9.307235976730747762e-01
4.590540219722235582e-01
5.903587593797238187e-01
3.492788310708786481e-01
2.812834314407904879e-01
1.825524311350840978e-01
1.305329529389134546e-01
1.414843848608375865e-01
1.369986115228791768e-01
1.391962739637409296e-01
1.172815872896390971e-01
1.216892833194289508e-01
1.690716945544180061e-01
1.730090429263370366e-01
1.253869462849780125e-01
9.648036100242872448e-02
9.460793012378036770e-02
8.253981733957443945e-02
9.450895665330605322e-02
1.080518257428564471e-01
8.204027892214392492e-02
1.216100097245312039e-01
1.421683421030249528e-01
1.489063610078864286e-01
1.507105216915977375e-01
1.069877486424750807e-01
8.873444390196619236e-02
1.490652958617454948e-01
1.765821664307705430e-01
1.255094184761086917e-01
1.751036098038669941e-01
1.673755785235504501e-01
3.170252309486092379e-01
3.978267486331318326e-01
4.139007228197811306e-01
3.551768690513542603e-01
4.811897330334875544e-01
6.157546396980762005e-01
1.022580350199619570e+00
8.069898241802904160e-01
1.462726832522162956e+00
1.349417178166224751e+00
7.891821347469846204e-01
5.919641919173027622e-01
4.174235700751468547e-01
3.504520273771627448e-01
3.987593555264888900e-01
5.331733411598558181e-01
3.917948627491567026e-01
4.943210591547441135e-01
5.172849135940954524e-01
4.838419045680301123e-01
7.097457308524366404e-01
6.817577141482961123e-01
3.635502466386976161e-01
2.981783308400040022e-01
1.529544591052927061e-01
1.386435757957338588e-01
9.678907827159612121e-02
1.071477066533881445e-01
1.505678593673263066e-01
1.815620247470819959e-01
1.343316717853140496e-01
1.839618594959034903e-01
2.264221958244562738e-01
3.218130919063098561e-01
3.351484363863662108e-01
4.369174527281988185e-01
6.208380175573238180e-01
1.608215470623874710e+00
1.933238154029915279e+00
9.862164681486088602e-01
6.600539555520302804e-01
5.803871632337403996e-01
6.424705735636077053e-01
4.976972669506802283e-01
3.890058311810042913e-01
3.020569793748870691e-01
3.761946693880580672e-01
3.144899069835208061e-01
2.905094105489264833e-01
1.550134534320259383e-01
1.113756946213837334e-01
9.515634186736569855e-02
2.029929659403212905e-01
1.234930713724083501e-01
8.835212065534353565e-02
1.059689190343485049e-01
9.842369354034632978e-02
8.268249974483515841e-02
7.478335276880307414e-02
6.820307115404090903e-02
8.070478901189867549e-02
8.941270837426021356e-02
8.399847759279120696e-02
7.720347741673473652e-02
8.769122751983271513e-02
7.477161825259974470e-02
8.203144713076959693e-02
8.804550727642918018e-02
1.017701755659690538e-01
9.100186534161537610e-02
1.397254254026607523e-01
1.077699679665587995e-01
9.847672672520502157e-02
7.769000257797518960e-02
1.622009956569020750e-01
1.751608721388469569e-01
1.625554381623363631e-01
1.614072969842182959e-01
2.442958580535024293e-01
2.743376085430883071e-01
2.139335086865206403e-01
2.329045227832929055e-01
1.580684212387249710e-01
1.375853660270667800e-01
1.271012777987516884e-01
1.253574528792025800e-01
1.082268405143288759e-01
8.805490795716046371e-02
1.147245549883829929e-01
1.478469230090326547e-01
1.633474353253596689e-01
1.855902868296120112e-01
1.346303343410351350e-01
1.012475018180493264e-01
1.429757156083214242e-01
2.016059325497486232e-01
2.569369238322686266e-01
5.295159661855077804e-01
3.668060972576118184e-01
2.189474302671378103e-01
2.139646491764000402e-01
2.022409507541591822e-01
3.020597558789825943e-01
3.658579162106591065e-01
6.919651545746663412e-01
7.361365402518136314e-01
5.991972740280602228e-01
6.356392035755278336e-01
1.463295522466408372e+00
9.526086661201421668e-01
6.446742005810238707e-01
5.651030506713765611e-01
8.041242349019064317e-01
1.044728180865905465e+00
9.084831502772127143e-01
8.351696506041088597e-01
7.473121372821606156e-01
4.519833148810284418e-01
3.628393652423763660e-01
3.380350228736120344e-01
2.197268023087813882e-01
1.789909217473062975e-01
2.385926115772352973e-01
2.626451348511648076e-01
2.896346982305493811e-01
2.277138562503065455e-01
1.626593866141049782e-01
1.054752112211740367e-01
1.025740486417908298e-01
8.141348437139185601e-02
1.100001475576942445e-01
9.141629256677125115e-02
9.460672127312896862e-02
1.577622151090592451e-01
1.885221423434855492e-01
1.228966087352879877e-01
1.377206720268269735e-01
1.597707122789621959e-01
1.419161090844128503e-01
2.576149369791710941e-01
3.208530152179545625e-01
3.413729333994606208e-01
3.190622804404072421e-01
3.816478516602945237e-01
4.288896361362438125e-01
3.717146573973074686e-01
4.648835089178341984e-01
3.527696926938693744e-01
2.531933966271612824e-01
3.620252316451327279e-01
2.934706411763831069e-01
2.525842339492740951e-01
