1.776394727914160920e-01
4.557465866333308691e-02
3.038493418225946680e-02
2.760927126375777724e-02
2.078299089395006446e-02
3.852263002432462780e-02
2.629685675585434201e-01
5.836343270860795407e-01
1.539493648914247448e+00
1.975447139219021153e+00
1.482817544949373234e+00
1.426549012388964588e+00
1.386191886255162320e+00
1.068886226092199854e+00
1.429757296489520435e+00
1.125148735440415271e+00
1.475759739354426392e+00
1.046429734283321089e+00
1.004791551732241661e+00
7.642131392635718168e-01
1.153701433046137259e+00
1.304388205890118391e+00
1.903274214275773923e+00
2.423995685402734246e+00
3.628063024118509006e+00
3.567711752259097313e+00
3.013188319504739088e+00
3.004028666491747934e+00
3.060713829147603704e+00
2.881873087883546347e+00
2.997669666934421162e+00
2.395324019510087776e+00
2.897842366918108592e+00
2.696375628481523901e+00
2.235851202535071192e+00
2.462525633701415639e+00
2.685915347646805618e+00
2.178548736896290805e+00
2.197904408545488408e+00
2.134575818474144793e+00
2.149246979894257503e+00
2.180337080309482811e+00
2.094918857619787911e+00
2.163857555096291296e+00
2.273531603486019570e+00
1.940482586271030652e+00
1.599375468885732010e+00
1.723863004511180685e+00
1.602578129644528948e+00
1.708357321844457655e+00
1.960806258686338399e+00
1.365776402934724132e+00
1.153190586171576548e+00
1.203678133616919110e+00
1.080491158196844603e+00
9.295646096468614950e-01
8.969277810406965923e-01
9.054902151225198148e-01
9.388429187878357673e-01
9.120572843063849966e-01
7.701599489674102461e-01
7.807663467184458028e-01
5.537988883145975594e-01
5.464080024120090417e-01
7.739374085380259505e-01
6.569738191128291493e-01
5.904743364149944718e-01
5.881760116629966006e-01
7.067785643136186291e-01
4.988017481001972286e-01
4.779253831566361299e-01
4.689248546929200012e-01
4.869954107701938706e-01
4.481466291671945545e-01
4.926473029838126516e-01
6.066221876677396763e-01
4.806596380121754275e-01
3.400094587477496266e-01
3.274314727893040122e-01
3.078800978088666596e-01
3.359440048818442270e-01
4.234045444705174521e-01
6.712953852995874326e-01
4.620263609718023856e-01
4.062799123035614191e-01
3.633331222949365280e-01
3.591989859323512779e-01
4.250732135050236393e-01
5.139083759929669037e-01
3.584997504070922547e-01
3.982665013310899838e-01
2.840900765109840576e-01
2.711865015698387560e-01
2.424842609703352359e-01
2.115422633113781259e-01
2.523746100083048005e-01
2.479951081310939331e-01
3.065157326207718080e-01
3.537888440876892915e-01
2.645250001293914521e-01
2.075667153112598640e-01
2.378318082393691413e-01
2.214236925077338047e-01
1.797331074375867199e-01
1.931574517929508517e-01
1.912015902104437226e-01
1.998601872829309789e-01
2.202241396797967876e-01
2.286611713289110059e-01
2.195316165591589264e-01
2.417231078218010365e-01
2.565142627133459308e-01
1.960887850235734919e-01
2.545249963271401517e-01
2.087744577699821302e-01
2.166125792014650941e-01
1.980731626262896838e-01
2.251341080679049589e-01
2.977154611144743890e-01
2.599604805229863147e-01
2.483735486078171850e-01
2.033002973500963317e-01
1.699477750078353666e-01
1.509648074840792831e-01
1.444858591588780994e-01
1.523236978234350503e-01
1.678096237093264498e-01
1.715702772308616564e-01
1.885248766870250003e-01
1.833256183926449401e-01
2.453964536126503337e-01
1.956142323793940707e-01
1.889040605100083259e-01
1.600007308489592439e-01
1.516821258880448331e-01
1.848192870113957997e-01
1.785957857405660321e-01
1.764562044342629921e-01
1.679951309768001610e-01
1.622969139841920483e-01
1.363683716441306815e-01
1.257680030439364549e-01
1.397674828692053450e-01
1.876247693407502581e-01
1.345198800996099675e-01
1.642127206961167540e-01
1.594438154515293027e-01
1.770492531680301629e-01
1.203708451096202892e-01
1.247715113212086724e-01
1.010517382434918121e-01
8.404703934513520214e-02
1.170777631874491131e-01
1.190820493081719139e-01
1.127454201981670373e-01
1.160879007630707949e-01
9.617878265947313321e-02
1.341941323725730217e-01
1.440417021159839939e-01
2.166910858659655825e-01
1.492425372339439282e-01
9.210339722489732650e-02
1.138964648257104195e-01
1.138785365684294171e-01
8.865247432434383845e-02
9.995330549134581744e-02
1.096545430142807920e-01
9.073044744608896317e-02
8.751196937088456806e-02
8.991672597677760614e-02
8.188998515779435938e-02
1.263862312071900862e-01
8.977411017972175555e-02
8.158086724876009721e-02
8.671083157159663324e-02
8.140885380544797545e-02
8.606994576740120695e-02
1.103718114692297803e-01
9.663607445765606818e-02
9.678204795713575559e-02
9.308657244668022690e-02
8.076734194304213688e-02
1.118148082244716235e-01
9.384757827224936289e-02
7.445083571374298825e-02
9.967885131303309831e-02
1.363961559165228765e-01
1.201462443396660168e-01
9.084893219996824365e-02
8.802997671707785132e-02
7.326368667362001541e-02
8.319095686397177947e-02
1.074478297279373162e-01
7.314506871503843877e-02
7.825142200438744977e-02
6.329436763023060797e-02
5.575894149903545122e-02
8.417341229892091881e-02
8.179955932867606638e-02
7.503717680698959724e-02
9.470631327342599048e-02
6.895405981172683663e-02
7.964099110941055826e-02
9.533771483918933309e-02
1.007495607017007966e-01
1.409958251725614564e-01
1.759747736495514692e-01
1.805700425016416588e-01
1.143401538105934950e-01
1.392089045076129739e-01
1.009099504348350551e-01
7.648283760346083482e-02
6.505503402271045621e-02
1.299351578880123814e-01
7.754029652349794799e-02
7.858335636390799406e-02
1.013689814093422098e-01
7.547861655729722064e-02
7.209786656893621415e-02
5.953084866050983165e-02
4.808418351549858388e-02
5.850340073694283022e-02
1.469296424975087834e-01
9.635988352146755698e-02
8.604354127620578163e-02
6.975890304370838124e-02
4.513394365532415881e-02
1.055423907244939924e-01
1.228175438912667838e-01
9.901531877555905248e-02
5.997641345184908518e-02
5.487489876604171452e-02
6.385001593395916997e-02
7.953151084117845993e-02
5.923686373645615372e-02
5.039014507591977471e-02
6.014634428162123070e-02
4.747667345961267132e-02
5.535647791957732516e-02
3.712391783892395047e-02
4.483977900742454337e-02
5.052687589147648872e-02
5.528668852154482172e-02
6.355061361990554936e-02
6.328815076053859179e-02
6.297703161496982782e-02
7.121411695725840540e-02
5.447233703357338280e-02
5.609307232224357981e-02
5.813007641171395734e-02
7.146957352649986606e-02
7.018273454555418178e-02
5.499871862095553898e-02
5.496603364706001416e-02
4.181908066291036702e-02
5.004947711686395795e-02
1.175145655560866087e-01
1.419493857489108612e-01
1.648422708331490627e-01
2.157364396536384787e-01
1.621380158014220085e-01
7.133997133862884921e-02
6.166070069220773442e-02
1.020276605175014784e-01
8.356189358863172489e-02
6.708423571700418420e-02
5.985412482570796888e-02
6.246552202870573473e-02
7.077338788132361835e-02
6.061488606960405146e-02
8.278860603676291285e-02
4.905390246948301836e-02
5.302980404137975362e-02
6.953177430216182786e-02
6.733740095995574548e-02
1.046962117248241841e-01
1.352568765336827072e-01
1.210199731550985203e-01
1.409721951558528807e-01
1.613000213378872616e-01
1.688510530971185364e-01
1.000127240845998244e-01
1.235112998507709586e-01
6.391497392402677169e-02
6.706958007532153043e-02
7.365682985031915542e-02
1.320262651101156426e-01
7.025103220375442103e-02
6.458366068788627679e-02
1.051717107286426339e-01
2.090806374364644060e-01
1.751012045423235575e-01
6.268205042787027004e-02
6.471257887047349167e-02
4.011237953191051919e-02
3.152371853267908752e-02
5.258418294647996399e-02
4.614981953879236654e-02
4.152403999145255764e-02
3.010189338522808664e-02
4.334807583861913921e-02
4.834300791486271370e-02
6.434499795737685934e-02
6.641868419460714157e-02
6.923305034354568233e-02
5.369850562296858004e-02
7.568472955876476282e-02
7.793587771219853688e-02
7.074874643335245239e-02
5.083299905074053354e-02
5.586051660972715660e-02
4.449010407657837812e-02
5.396469048114798522e-02
5.602705294307155914e-02
5.456723594779191999e-02
5.373052720882525585e-02
4.825671797547210345e-02
1.659475029864772300e-01
1.715487344350745957e-01
7.292928070459300804e-02
4.707298779375198444e-02
7.419590098076196683e-02
1.351432918514985648e-01
1.015487840839252309e-01
4.765530725632841080e-02
6.862228694723768174e-02
7.194361499484160094e-02
7.085528800274919214e-02
5.706254022843246232e-02
7.826229813220418607e-02
6.442655314357091656e-02
5.157059847236192263e-02
4.871192903473053198e-02
4.484655797560781892e-02
3.922361471917091419e-02
4.220747890481690856e-02
4.749786593531852424e-02
4.194011979566574649e-02
6.849366420521006693e-02
7.145330743778841032e-02
8.704247795550482114e-02
6.145697486801445647e-02
3.390695597555119789e-02
7.256878698350772983e-02
3.990742391965956121e-02
3.547657693991367045e-02
3.437157548733182216e-02
5.077416418440119927e-02
5.056962197432034872e-02
4.262600703406763114e-02
3.995188397790504220e-02
7.637953475132033820e-02
9.226496129969241622e-02
4.759651346734303234e-02
4.793173747357392517e-02
9.273937942408093382e-02
1.527814328698995083e-01
8.333939916636284861e-02
8.216511850848552678e-02
8.917644096481205929e-02
1.410651473024018832e-01
1.227421584368060120e-01
5.736860704892777357e-02
1.141017812929663033e-01
1.231978105498874043e-01
2.428564171992605991e-01
1.658792185524857188e-01
1.294777038998401186e-01
1.038280989476634275e-01
1.691213975583575890e-01
9.180869925342924343e-02
1.257398079913079614e-01
1.838981282452823163e-01
7.721099892340715920e-02
6.277404432988016592e-02
8.333310894396589452e-02
7.633872714030555395e-02
8.249003538802365809e-02
5.736176033932222779e-02
4.293811953716105551e-02
6.326127505982215293e-02
5.694956129971853742e-02
5.521754497950612239e-02
6.385996886160148767e-02
5.360795106365948137e-02
4.692452138399828138e-02
3.624237551618184755e-02
3.447721621525509650e-02
2.200452600820739651e-02
2.723243835539505137e-02
2.905447996899309174e-02
4.689455012949728108e-02
3.291151689491796095e-02
3.076144322583853827e-02
3.847462079442200145e-02
5.970785326391357672e-02
4.578939581974973000e-02
4.522535530711202512e-02
3.542978572145252802e-02
6.051811376682038335e-02
7.776679231524272207e-02
8.322229225266625230e-02
7.150222655394339322e-02
1.113492134919182169e-01
2.591131948755556191e-01
1.765708451053020211e-01
1.343585175382958352e-01
9.103264291923872376e-02
9.864783055695457159e-02
9.150335447988758308e-02
1.148427666205463632e-01
9.616283222312206613e-02
6.727723354424271218e-02
5.931464592039237954e-02
6.018285082956531529e-02
5.536281207630847079e-02
5.821722411391899027e-02
3.720586457149198389e-02
3.202986113989642752e-02
4.571555508982604044e-02
5.165966090743873834e-02
5.497751985752135501e-02
9.442010089134832140e-02
9.037075508677344660e-02
8.190162939466640035e-02
6.654658304603106034e-02
7.891334306930185283e-02
8.452169829742159357e-02
1.726373004789916454e-01
2.046278976025995844e-01
3.441931038775998264e-01
3.575270948823044970e-01
3.789481007916904454e-01
3.125116851890235581e-01
2.158908704314859428e-01
1.227087861451334194e-01
7.942599447994119766e-02
8.225407108244382759e-02
1.466649246796073169e-01
2.814956491520268500e-01
5.094239949973430326e-01
3.964524567463479920e-01
1.536423034590537473e-01
1.498844854814427308e-01
1.743130828091444262e-01
1.235669812565532016e-01
5.845852167147135708e-02
4.411674035029324037e-02
5.843355436432870476e-02
4.026917186716325037e-02
3.713355389908741533e-02
3.445301701569856989e-02
2.269363571354171896e-02
3.704813703347904774e-02
2.347915162509999626e-02
1.881363903289363926e-02
1.795171510089745015e-02
1.814812209576704277e-02
3.132768727280414028e-02
2.994822710990556122e-02
2.279543697754687556e-02
3.066887225153617363e-02
2.510263424699902407e-02
4.493695382713597947e-02
5.183093806727718383e-02
3.819771683362764569e-02
6.542539668746953641e-02
6.172791910057580378e-02
4.593511193465203701e-02
1.357540563486791807e-01
5.649355301546816338e-02
4.388011594498697487e-02
3.027768293255705262e-02
2.715243775425807068e-02
1.866163668859818769e-02
2.544512675268144342e-02
5.570286975104738608e-02
5.065961479844949267e-02
6.402411137993253842e-02
8.246018342989887284e-02
1.024670422396647407e-01
3.943315972019411503e-02
2.706960221945722486e-02
5.438187027286272429e-02
4.414527822001913793e-02
1.132726131520018775e-01
9.833988438997172399e-02
1.018359917592555342e-01
5.279277007065801691e-02
5.586382002676616720e-02
4.621641776742103219e-02
3.469111608041795802e-02
2.541914946578486406e-02
3.376711124758012550e-02
2.441367025744752006e-02
2.307930004470578472e-02
3.802816796975467400e-02
3.428337104896991838e-02
1.837471483191442656e-02
1.997358050608478292e-02
2.356103956827243842e-02
3.013995379354527868e-02
3.893170783258207562e-02
3.516934849659970885e-02
4.256588249648001615e-02
7.421772907520296503e-02
3.336436593012659380e-02
3.169442391567089262e-02
2.658415556400930274e-02
2.454190450461972081e-02
3.422897954578306423e-02
7.374079754534564046e-02
9.492395089555230592e-02
8.818372597027589188e-02
7.664126169622653695e-02
6.000134873841293792e-02
6.475123329147454421e-02
6.281372403368044866e-02
6.042398506902498662e-02
5.011170780159245747e-02
2.562858997403648018e-02
3.399509128188560325e-02
2.157369970257325825e-02
2.356019598335097956e-02
2.739236987078862845e-02
4.467625444010185631e-02
2.839600927677314243e-02
2.761825971365667459e-02
3.153774652701838571e-02
3.003378952564685414e-02
2.534089699142201904e-02
4.780122026968285087e-02
5.873266819886069356e-02
5.232480883221544976e-02
4.171141245096300632e-02
8.502325285708578484e-02
6.539710943525224585e-02
7.086426893367478441e-02
3.226457194121271771e-02
3.045831128177085845e-02
5.874831050309312075e-02
5.669273552802926025e-02
7.813687024801257985e-02
1.350885950212229458e-01
3.984541100554280235e-01
3.062147051432506650e-01
6.325639435032250069e-02
4.868043237833040437e-02
6.683312021465445674e-02
1.365485545287544733e-01
1.537787395624310438e-01
1.081558656452037415e-01
1.069212970998132950e-01
1.229447634310754656e-01
6.381861117731632560e-02
2.775781077392460577e-02
3.639638719720239557e-02
4.660652535014556119e-02
4.283377964799327253e-02
4.642791106034772908e-02
3.771823541311384448e-02
6.416245492211851420e-02
8.460458372912317559e-02
1.094224818272883926e-01
1.826947879175342959e-01
1.866726670827678070e-01
7.644463909330356799e-02
4.167098224410327456e-02
3.012032546616988382e-02
2.799407637546229288e-02
2.528270710727446857e-02
2.890597573031017387e-02
4.045235723174921139e-02
4.064315323833703891e-02
5.597040488720495671e-02
4.824863791457923573e-02
1.904680306065827805e-02
3.139745332626011493e-02
2.669582181973114560e-02
2.146099135698579033e-02
2.780077539897294822e-02
4.530689486322992537e-02
2.444787609208169329e-02
4.472039505513987490e-02
5.341729357775738818e-02
6.591052027024434101e-02
7.076031838725180267e-02
7.051794886686943431e-02
4.214066532095161327e-02
5.446738896857938883e-02
4.397427528298897964e-02
5.648961410141038753e-02
7.075883231448129584e-02
5.389386757181843096e-02
5.045184854828407145e-02
2.773866808463627126e-02
9.886622762251004448e-02
1.791146574923970503e-01
1.337875918836562983e-01
9.384052726523746391e-02
8.640735666927222558e-02
1.162971734466470564e-01
6.660588525188775033e-02
3.252761321938869854e-02
2.954719237251981698e-02
2.020058002696250438e-02
1.735322218117466356e-02
4.644864000848006325e-02
5.038754659891260534e-02
6.014768218110167625e-02
6.015845033723642848e-02
8.352455959933013929e-02
1.078697348615251239e-01
1.322107670217540776e-01
1.122846530876678989e-01
1.224277865118667125e-01
6.344193547763773977e-02
4.656830335082226546e-02
3.259431786563995320e-02
5.317449846835838045e-02
4.361545627209487130e-02
4.538161389196055523e-02
4.091556015523603596e-02
3.366310401560924925e-02
8.175027945540309926e-02
9.346081166184881661e-02
1.195077534239777084e-01
6.268972364889366378e-02
8.282191086159985949e-02
7.038750696809964458e-02
3.933127731555962486e-02
6.632170439089461744e-02
3.376583576771884782e-02
1.113921251097745729e-01
1.293400153667245700e-01
9.245953560611788746e-02
1.773527196942509543e-01
1.791390766171249982e-01
2.365421046183237841e-01
2.238804876770658092e-01
1.692753953768537101e-01
2.264586481839606369e-01
9.727030836374944700e-02
1.144176019212195250e-01
7.916714013021729224e-02
4.548240835307738872e-02
4.729258912984490165e-02
5.482361383598081256e-02
5.514665993769003044e-02
5.805212894544597296e-02
3.513372383109689828e-02
1.105128480379410499e-01
4.618559702846307402e-02
3.126497301509782722e-02
3.771657073413448719e-02
2.764441888066776487e-02
1.999855832891867316e-02
1.580629832455376568e-02
1.759024772416692764e-02
1.961360897446009707e-02
1.379792713192585542e-02
1.401270086752858142e-02
1.455500136545179526e-02
1.701896225271487539e-02
1.732970724561434805e-02
2.711435800413141556e-02
2.828491916987729143e-02
2.622902433475231276e-02
3.178715986247520470e-02
4.787889306753642660e-02
4.979754588663751202e-02
5.194297824272801206e-02
1.694093896017553891e-01
8.701814363947955877e-02
1.199445772259971899e-01
1.173671557256469877e-01
1.364872072944280368e-01
9.506537018972999187e-02
5.737883588257222667e-02
4.555248944578031006e-02
3.458493432783556198e-02
2.047645529243678417e-02
1.750401283786756981e-02
2.677036221956073658e-02
3.948683217378459731e-02
4.833269156040301273e-02
3.573721160567779748e-02
3.191134344025904623e-02
4.293847329897890197e-02
3.020817620951444030e-02
4.629367871892771380e-02
3.197664153183245317e-02
4.652974162199485786e-02
2.068345482243260508e-02
2.209970188130862268e-02
1.627519649018592529e-02
2.436860413959302321e-02
1.700589155130917407e-02
1.245208114677013103e-02
1.700085978773336476e-02
1.925509778104152192e-02
2.057442766926564914e-02
2.794865705894940267e-02
2.371311475223260301e-02
3.448814450809094267e-02
5.079810406470786077e-02
2.675485253520839754e-02
6.545060597473636999e-02
3.638071153158483478e-02
3.911432210619252003e-02
6.680187696667848340e-02
6.899276531192530260e-02
6.198080940648012516e-02
3.156628066601654264e-02
4.109476237227135259e-02
1.726569800934376134e-02
2.004115593930464248e-02
2.755198982027159266e-02
4.572043078165365787e-02
5.509760971237978588e-02
6.006197811332122938e-02
7.392118322283354470e-02
3.724973261782879574e-02
4.889748684714759208e-02
7.077389958177109086e-02
8.042439400435089092e-02
3.298696841002853736e-02
2.730629688146338566e-02
7.184971188365664452e-02
1.015264803671916821e-01
1.101970645698042844e-01
1.127878542371189285e-01
1.001299647091408729e-01
1.317581721832750963e-01
1.017687526943619608e-01
3.667771840009116657e-02
5.587231790028230477e-02
5.008997565048944195e-02
3.403760884092576350e-02
3.290487484800540957e-02
5.482530263010051974e-02
5.695982735799420826e-02
6.340183970246068834e-02
5.597942906720392020e-02
2.588717237479846653e-02
2.230319811445571551e-02
2.760072706196601416e-02
4.627977112174770646e-02
4.485836100828620443e-02
4.459555442816241777e-02
3.200180413297751270e-02
3.498673119641888818e-02
4.028121895735060215e-02
2.546472940726978579e-02
3.810818406736633107e-02
4.046500972384617367e-02
3.304917332830491911e-02
2.972365092913798607e-02
3.233849508183320176e-02
6.380922380319938025e-02
1.117017824994085001e-01
9.099693817030275744e-02
1.408951354393418731e-01
1.276794291412969851e-01
1.058733877111468352e-01
8.759326096884366419e-02
9.711454648538370149e-02
8.197135483939108069e-02
6.577234140462635825e-02
9.187926779920997655e-02
1.194109943264144019e-01
1.237864050501672197e-01
4.592405809141626716e-02
5.029520400282432024e-02
4.017959673043990793e-02
3.083005781990546049e-02
6.090863259779281252e-02
8.032033767881890940e-02
4.200706101337030318e-02
2.820453194217601919e-02
2.413401861317806055e-02
2.946330773813569948e-02
2.832621484388697652e-02
5.157658451333206606e-02
4.147349267980596221e-02
5.367209348168493904e-02
4.002615041136339813e-02
1.880275465728859299e-02
1.632856644487797743e-02
1.628761569954147864e-02
2.132570513680858912e-02
1.654070107157903924e-02
3.104070239822552188e-02
2.627878748367752995e-02
5.615896230185312560e-02
1.602023958625213851e-01
7.434910345046706615e-02
3.134167770824160953e-02
3.029546899139790028e-02
1.827852235608971865e-02
2.478739142873021689e-02
2.462212607340600462e-02
1.544059209373556743e-02
1.966420621554165749e-02
1.478971652563038260e-02
2.216351894562033562e-02
3.035063160567025992e-02
1.943233661140279095e-02
2.439199163464398148e-02
3.118253301426203092e-02
3.701495156923544777e-02
3.070853918635036220e-02
3.117546272484104930e-02
3.968988440654235700e-02
6.000499116949657707e-02
5.219318212372832388e-02
3.038496109679536886e-02
3.738933548131258278e-02
3.109022971074037328e-02
4.111230957199991931e-02
3.718428066386707947e-02
7.865115630041795425e-02
3.778070281104985856e-02
4.367118162933747438e-02
5.262356778469994695e-02
4.873858923577392699e-02
4.118797396223539825e-02
4.639865913818105175e-02
5.800274521662718979e-02
4.474501439146345849e-02
3.485330026486392618e-02
4.385536976838309842e-02
6.428483179387697866e-02
7.739723800904983741e-02
4.456258867661596484e-02
9.940565167146890591e-02
5.649637711102813153e-02
4.819118692080569255e-02
3.968122963139342901e-02
6.185300168906604501e-02
9.310839550849478452e-02
7.670835432586418923e-02
5.500581011321280939e-02
7.387778946162817939e-02
4.402348468033560891e-02
2.893156777413569830e-02
4.310771910966827714e-02
4.893208810279341126e-02
6.042727899175386747e-02
1.912668187698163547e-01
2.096250323095308898e-01
2.667978718145976869e-01
2.207366794252275111e-01
6.358591917744715882e-02
4.542064260654346541e-02
6.648399993536012464e-02
1.436440048903965538e-01
5.955179912394680253e-01
2.259313291363767295e-01
1.421276644798133149e-01
9.522125499941501425e-02
1.498767427065284541e-01
1.163718547844667384e-01
5.450815554109345734e-02
3.459044954262328886e-02
1.816591921728599388e-02
1.835734330225457719e-02
1.970350819583099530e-02
1.570883518823597627e-02
2.589464330336069611e-02
4.548370418903223411e-02
4.353099864527547325e-02
2.466289384336002935e-02
1.456411085644924303e-02
1.019059182848767835e-02
1.230460143872762722e-02
1.105059046334533161e-02
1.912406221457048361e-02
1.021302288734762115e-02
1.574181660504737207e-02
1.609753629866454705e-02
2.078757938807488867e-02
1.135336443079357389e-02
1.520953964373559890e-02
2.134783363146304860e-02
3.877752932238054395e-02
7.624143387219131651e-02
1.729014282786318912e-01
1.056441479501006031e-01
5.290620184843727869e-02
8.282547465983745860e-02
5.166470275997954442e-02
3.564276922769393091e-02
3.157698915237071302e-02
2.212233992177616015e-02
2.135620265012843841e-02
2.261277496467550135e-02
2.483666392730001296e-02
2.398857469525383229e-02
4.912857456016588020e-02
6.377525542946210768e-02
9.717537745911049296e-02
4.551383755452306085e-02
2.245141071452753240e-02
1.990914602406991529e-02
2.267011256663440180e-02
6.210212016457079820e-02
6.779362548104152231e-02
6.603367453906322515e-02
1.007330820284443457e-01
5.076685840262156607e-02
3.843768211859157485e-02
3.238109692837275178e-02
4.639206776042932578e-02
4.309413851251206462e-02
2.259657886357222326e-02
2.092740914456758111e-02
2.049987802659068020e-02
2.014180647926703746e-02
3.531674510532536310e-02
2.613425852788274495e-02
5.654366941502106392e-02
5.815309839037476058e-02
9.207453829433244474e-02
5.813652387434043584e-02
5.653674205613385545e-02
2.791724199652131574e-02
5.187016538635751128e-02
7.512436742252096011e-02
1.124448385306448112e-01
1.248267161732230374e-01
1.359151029223743812e-01
8.754118390539078476e-02
1.175195065566550789e-01
9.488583994575562619e-02
6.121526329707745878e-02
6.774757590481081393e-02
6.731275667614383673e-02
3.794868905784348073e-02
4.417144940951933663e-02
5.036755032869227183e-02
4.784379750760371641e-02
4.719977591647726844e-02
7.215123544381121801e-02
8.996486076409365706e-02
7.798152487301707181e-02
9.871270774503465573e-02
6.981383408304195348e-02
4.593101246544312871e-02
2.630227985686425449e-02
5.345393629379065897e-02
7.182799588239821564e-02
1.141114246073706151e-01
7.615708374617081999e-02
9.909261952461091705e-02
8.430906747581838612e-02
1.217284580613890166e-01
8.986908775457153054e-02
5.694816578262610479e-02
7.875673294112110756e-02
1.026717648708048852e-01
1.238396536930441716e-01
6.690545764485701652e-02
2.916075312299021630e-02
3.251276320249883722e-02
3.133327485327575684e-02
2.735227819488511569e-02
2.313239733027297115e-02
2.939980169201223542e-02
7.439762656107436201e-02
2.598346661646405709e-02
3.020518666606943764e-02
1.934393266342437565e-02
2.050981314747947828e-02
2.433297214042919390e-02
1.690191221277995842e-02
2.635146001359513560e-02
2.018995033913302539e-02
3.001345661876450924e-02
3.193538070039755872e-02
3.786790808290373123e-02
2.232046248924032458e-02
2.791873632035199101e-02
2.527766589011005288e-02
3.145174419091995716e-02
2.320248775836077429e-02
2.691790412200162699e-02
2.473359392138278420e-02
2.264483024831074123e-02
2.641626655884918642e-02
1.563818980429844754e-02
1.619878160158738645e-02
2.391019133685184234e-02
1.735717285549387076e-02
1.594332691827360718e-02
2.405137904618030037e-02
4.022019736177571969e-02
2.402893077199948213e-02
6.999543229572305347e-02
2.820422820158698940e-01
2.960348260638331341e-01
1.993353359011228454e-01
1.102499276758606428e-01
6.488166545751362924e-02
5.049978132590415142e-02
5.953463798534214951e-02
3.758419976496003151e-02
7.126039915372425759e-02
4.387954606306125604e-02
4.858140839638898367e-02
5.046201481829466068e-02
4.161362127437243097e-02
1.758528587982162092e-02
1.504622271178304715e-02
2.143744048442410358e-02
2.548816225255867013e-02
4.417338230643427788e-02
1.958759416960652311e-02
1.153945958463541664e-02
1.798864572400150214e-02
1.968123967076765984e-02
1.948419325119930129e-02
1.223394217366338861e-02
1.549805732392598931e-02
1.860040672848496668e-02
2.070185090345001699e-02
2.939745932278664195e-02
2.860979175595617860e-02
2.497480652283790015e-02
3.275251803366376058e-02
1.515863344837858617e-01
2.981400702256164492e-01
5.454962267412268861e-01
5.234423438249607985e-01
2.261239603062794035e-01
1.342875968914731544e-01
8.157170520586178031e-02
7.178946886883683098e-02
6.621159496873754713e-02
6.768751978112183543e-02
5.423763926589149353e-02
1.076125589811273986e-01
8.847663761530132065e-02
6.545978551992767680e-02
4.919021363608433450e-02
5.110009296930624612e-02
7.339012874500122630e-02
5.703993318946858071e-02
3.967814658739957090e-02
2.007390135229351197e-02
1.443516163669924732e-02
1.642446898113473011e-02
2.225777289672628209e-02
1.466823268781117587e-02
1.825226322781824465e-02
1.112041642422541103e-02
1.707832177339041468e-02
1.038328816793874718e-02
1.056423959939058708e-02
1.419357167800787932e-02
1.392236617603970911e-02
1.993316543834567495e-02
2.247118991796883195e-02
1.486781508789817956e-02
9.848718313838279378e-03
7.781994129757370190e-03
6.396152488454849051e-03
1.272799057208627918e-02
9.518854914770242398e-03
8.562718896462866158e-03
1.664905009268813699e-02
3.806393281790229621e-02
6.074635243459230310e-02
6.425505393267651189e-02
6.689118162984622473e-02
4.991552178691978370e-02
5.672088280799247872e-02
4.077680829556999675e-02
5.441600877353996307e-02
5.230162384987339930e-02
4.209030284210028144e-02
4.495837229305994776e-02
5.150378169274046070e-02
3.257207343613303246e-02
2.018919246740778425e-02
1.714237708031161184e-02
2.242216381841312389e-02
2.182425311451971148e-02
5.578331798298737793e-02
6.711984822475178247e-02
7.931843690682130465e-02
4.373624040726986628e-02
2.065442247446798787e-02
1.947484484509311511e-02
1.884257494631979765e-02
1.137474218836545710e-02
9.021762862754275150e-03
2.154799101450605506e-02
3.062170284824225833e-02
2.766794876383723081e-02
3.618681651540640865e-02
3.209327838099347574e-02
3.556518823432480714e-02
3.429753927984092315e-02
2.828701590010249817e-02
2.095617393377892726e-02
3.285748705740851316e-02
2.310908171363847824e-02
4.013618801621671867e-02
3.102929655893317887e-02
3.990106587528533671e-02
5.968273066113517072e-02
6.081850592362642721e-02
8.012344826022579913e-02
6.082943661948331943e-02
7.648405418403313172e-02
7.875824612796973601e-02
4.610782782588208201e-02
4.062966695147082752e-02
2.669465819786737137e-02
2.444437160111109439e-02
2.443505990013063178e-02
1.447470039646416191e-02
1.443136201962476155e-02
1.121055775692686440e-02
9.991418119791104294e-03
8.426997866604189757e-03
8.333793910753641704e-03
9.626143209904439516e-03
1.269107793982588925e-02
1.150405324004490255e-02
1.304277247448330616e-02
1.496786512324344356e-02
1.801964876449059852e-02
1.398741682035122523e-02
1.934763026104650493e-02
1.882288538307562778e-02
5.399492804896669634e-02
4.923210739513101536e-02
7.728322831167830365e-02
1.293228281357454157e-01
8.440726026613885880e-02
5.214826109832949169e-02
8.013438562689935429e-02
6.569859299419046617e-02
5.406417063101947446e-02
4.111117006195185580e-02
1.278161619777978819e-01
1.429255230923288933e-01
1.090550579079173910e-01
5.981239475754338564e-01
2.860746454869084188e-01
3.705067092366563508e-01
2.750313147542530756e-01
2.566157915624983077e-01
5.296273309030489207e-01
2.389422686439416910e-01
1.137622967003124458e-01
7.764175363279697539e-02
7.843200469348174386e-02
8.243957707919870315e-02
4.427248067665907894e-02
2.964826342672573223e-02
3.284615985181445208e-02
1.745611179039028432e-02
1.745658050829853453e-02
1.339409750679142544e-02
1.072548322359427424e-02
7.680486252972195532e-03
8.043278363908256887e-03
1.032110877499218572e-02
1.045439036608109343e-02
1.045760457083546105e-02
8.190876689996377455e-03
8.415638587604979889e-03
8.478840350185416763e-03
1.035052693187133756e-02
1.288020802659302529e-02
1.026450449594287079e-02
1.053596489524471699e-02
1.204258261894062577e-02
7.502156276349662180e-03
9.301968975162529588e-03
1.078640648500103945e-02
1.749205487657780334e-02
1.555580564184200383e-02
4.157145289271821365e-02
6.006781976428902936e-02
4.714027115560448511e-02
2.519318171561436837e-02
1.094299586711508510e-02
1.084094965448012884e-02
1.163552456220817016e-02
1.325831998217473148e-02
1.693525944234456487e-02
1.778019906681024484e-02
1.552434228373126765e-02
1.773238590259758329e-02
1.415866906774875499e-02
1.701712771610297895e-02
1.102253369960326697e-02
1.793523318429585123e-02
1.987016514086762525e-02
3.226640700852510812e-02
2.006383511896573171e-02
2.428087679021116718e-02
1.956700507881131354e-02
4.275800347148146080e-02
4.504801287292774237e-02
4.194564050378801756e-02
3.188656195290598405e-02
4.252682639928508090e-02
4.774467498752258537e-02
8.609509558837283305e-02
1.150533003782763242e-01
7.235684026517530398e-02
4.224887359747494381e-02
4.324023166449962596e-02
4.377741929174684687e-02
3.275826922409742770e-02
2.886441849533219819e-02
4.964270385409592229e-02
4.724489726245702237e-02
3.937930751977520433e-02
4.706984111733422682e-02
3.413938546955944120e-02
2.706228374398485931e-02
2.981033356978456117e-02
6.873304445156865061e-02
1.281821335181000943e-01
4.855317065710234442e-02
5.169875947630916263e-02
4.904804664585725449e-02
2.620444342061378773e-02
1.477243802673088545e-02
1.993718167297173910e-02
3.637062557593326306e-02
2.431191741462539885e-02
4.270787975149136634e-02
5.015903178581877092e-02
4.600786270125561267e-02
1.973917345898521317e-02
1.531721962212956485e-02
2.611971009809771829e-02
1.388205919236417535e-02
1.269323214993582812e-02
1.444944060937525254e-02
1.796881778674649238e-02
1.827171343997523872e-02
3.316093403952638519e-02
2.455211880751213827e-02
3.211759701062652517e-02
8.628953058842582513e-02
1.611497775065627025e-01
2.272721589707787926e-01
4.675671360560306744e-01
6.317442595171365305e-01
3.181379841931321617e-01
1.245547208165775910e-01
1.070343812858286364e-01
9.014083031290873183e-02
8.108890361313467188e-02
8.074670116180361623e-02
6.029268855006330446e-02
5.052303656524243652e-02
1.768694831451668795e-02
9.674066340399243777e-03
8.998140274174832101e-03
8.594558724043181719e-03
6.991692729468459468e-03
8.390811204560011047e-03
7.689121094610743869e-03
1.126832421914192653e-02
1.186514649896818450e-02
8.856932328127275003e-03
9.849886187468896714e-03
7.990912013515552581e-03
5.238199343175709878e-03
1.044461236566052165e-02
1.461768029702566890e-02
1.374877054198462602e-02
1.714551329988334150e-02
1.227851513184534740e-02
9.173967765671585048e-03
8.846052560874869200e-03
8.933007618703279334e-03
7.000467626355800360e-03
7.471341915108140573e-03
9.072931054897802675e-03
6.039480544885239208e-03
6.581212581391814379e-03
9.357841897089956562e-03
1.204522894080854896e-02
1.543445929624187411e-02
9.282481752587641924e-03
9.166558033054926849e-03
1.480095073605122019e-02
1.425924509085421329e-02
1.993562908840681644e-02
1.722352929841190761e-02
1.691701425977233317e-02
1.545407043868355160e-02
1.430379676961639722e-02
2.636731351787726524e-02
1.670508030001924271e-02
1.302761668868201821e-02
9.477189228606481414e-03
1.279743720761090595e-02
2.773706475733473190e-02
5.779721915442351948e-02
1.465934598116065968e-01
1.178680420754931873e-01
1.831159398723612997e-01
2.283705350431219361e-01
1.216481493875518072e-01
1.165339980766503664e-01
1.733282273544138608e-01
5.270959171245492847e-01
6.437826772244581441e-01
5.185580763040368302e-01
4.364226303653437333e-01
2.355527906913038039e-01
7.760600505048943776e-02
8.197078312625134811e-02
5.525300471870886465e-02
3.445513626832510945e-02
4.966518857018391991e-02
3.360252702104446487e-02
5.907834945884038458e-02
2.043977506236264313e-02
1.468823612944451448e-02
1.279704773595338047e-02
1.441704172477508046e-02
1.513716847290160449e-02
1.930082725096323240e-02
1.692379818914918621e-02
1.522756388440553617e-02
8.433147846171471645e-03
1.235333356711566105e-02
1.032049640771934111e-02
1.087975204082227906e-02
9.394032056883614215e-03
8.074179293225968584e-03
8.624169214351192284e-03
9.079321875139843845e-03
9.533784468482056976e-03
1.129981724959194453e-02
8.858511849530679647e-03
7.785718054203018441e-03
5.912227120907511367e-03
6.227483483045518318e-03
5.578690096474687478e-03
1.121246339904762371e-02
1.146318536685449890e-02
2.448009914313376348e-02
2.148115023333849530e-02
1.976625660437274917e-02
3.524560161973423755e-02
1.481705279041027092e-02
3.220182764323413493e-02
2.894005883452117206e-02
2.520154711491728872e-02
9.627286408959602471e-02
1.054601786110314215e-01
9.037787860338088175e-02
5.845607022332899999e-02
3.136837321301342435e-02
3.719255966273427721e-02
2.481909713682374508e-02
3.211845121808522274e-02
1.926787609542477200e-02
2.831601409644625422e-02
3.372543056481767249e-02
3.779299904842622904e-02
7.134042174337042186e-02
4.293184953467393122e-02
3.830516166882862866e-02
3.188484069127805326e-02
3.282510132010917764e-02
3.196220467298886703e-02
1.744051349613769814e-02
2.790143351047130044e-02
1.843544958573997000e-02
1.503273725847614414e-02
2.632808746834188265e-02
1.181338496297574918e-02
1.118800092695111138e-02
1.581055882772789897e-02
2.094541433439483374e-02
1.595989269902538948e-02
1.940652865552675715e-02
2.274148985649463578e-02
2.242230845706594602e-02
1.730257493847396633e-02
1.287739524414434171e-02
1.042205831497839720e-02
8.545354830441515698e-03
6.773859538286351387e-03
5.645456477593333022e-03
7.122566372187664682e-03
8.374415753850566677e-03
7.745922169111700908e-03
1.153446459117708420e-02
2.014064820962823896e-02
4.183452304803859934e-02
3.965385455232191270e-02
7.654882468738596901e-02
3.750820571472036208e-02
5.687129148951042962e-02
1.213725521635738575e-01
2.014082689267901738e-01
1.592292201189881851e-01
1.007004249636020421e-01
5.330478469840919942e-02
7.227795196364593389e-02
1.479663532749079802e-01
1.200495366726548607e-01
9.550094372319567482e-02
1.149817309582550351e-01
5.944085708194290357e-02
1.099329100301431467e-01
8.116077960468087715e-02
3.625192351930651286e-02
4.626989161327533379e-02
4.364839772144533947e-02
3.712381298308702060e-02
3.403744555939779842e-02
3.374380869850469866e-02
1.200559892640922464e-02
1.548071070112419338e-02
1.070103384814539288e-02
1.473519269569432792e-02
8.815606643936976794e-03
3.387671589634367458e-02
1.093199471974157060e-02
1.274949104242175876e-02
1.714818800846455715e-02
1.271575355919894214e-02
4.961164564806937877e-03
6.363168391101296957e-03
5.486783701101101939e-03
1.443240377165720158e-02
1.591956007207512291e-02
9.613737689431323466e-03
5.285477452789504905e-03
8.457682650055186116e-03
9.264547255012405003e-03
9.800763904642130833e-03
1.774396991590406272e-02
2.971956365578980186e-02
1.807779037432297869e-02
1.112454532642115704e-02
1.246081785482441515e-02
1.985074940726879247e-02
9.727754527283794667e-03
1.054556335221851389e-02
1.066221863098838069e-02
1.291735284442919671e-02
2.157225884986532088e-02
1.748951438695415389e-02
1.606437319135399500e-02
1.375386098035945998e-02
1.876626728779381970e-02
2.125734230809685210e-02
3.188801920239837939e-02
3.046740437307366572e-02
1.891231060773867351e-02
1.936360498696772237e-02
2.440743481679219506e-02
3.079856738802986063e-02
2.871462109588884815e-02
2.745765423287448853e-02
6.705116902260416234e-02
4.997430647625999978e-02
3.643698673967718515e-02
2.896899436853934973e-02
3.823756019475817863e-02
5.614721966392684921e-02
4.536904375583628024e-02
6.739023578789506141e-02
5.620032636149126237e-02
3.804040425942919329e-02
1.950493285593892998e-02
1.501230210781405103e-02
1.295019249848776942e-02
3.407917762930825351e-02
4.291222693310192682e-02
2.588284879960550330e-02
2.391973539810027249e-02
2.083972067443026072e-02
3.390502318858513997e-02
1.984261722071791606e-02
1.001649445625389483e-02
1.144775305222861354e-02
1.409421410638285813e-02
1.312421811336541080e-02
1.975805470036846867e-02
1.705622304507567813e-02
1.082255947604692514e-01
1.032378589009057546e-01
5.768224909542642165e-02
3.836611998801803952e-02
6.514453322718291584e-02
5.099477040609202982e-02
6.043542115852908181e-02
1.166223666951594212e-01
8.829952412491413882e-02
8.492950634147813926e-02
7.756696758689005100e-02
4.091785284383270965e-02
3.167810082985282605e-02
2.180225595859265619e-02
4.201393611261546729e-02
1.926142313665444097e-02
1.549291649008047861e-02
2.804736982511502399e-02
3.005197134352281807e-02
2.413812715151406746e-02
4.343358042821963971e-02
3.117501489140677914e-02
5.287058100026144347e-02
8.294561237129417786e-02
5.633047061567778013e-02
6.357212814789472977e-02
6.401077713747788112e-02
4.678385329533604059e-02
4.118318479482711153e-02
6.977171959092631770e-02
5.764665749872387168e-02
6.680741044573333676e-02
5.934985562816634530e-02
5.187410972780785723e-02
6.392871219285385653e-02
5.179671590521944119e-02
3.612618377806572911e-02
2.533590123723764714e-02
2.381565468948549508e-02
2.247487776071037044e-02
2.836091072440714844e-02
2.929702501086408478e-02
3.140479159597760195e-02
2.186295939854245376e-02
1.639214358414636113e-02
1.656331103222664219e-02
3.273784143831652560e-02
1.651505607949341550e-02
2.276523783670434883e-02
3.276534558868114677e-02
1.988665471681336575e-02
2.824652027867378262e-02
2.433522356136811476e-02
1.362329010274893233e-02
1.299329195531022038e-02
1.573452703838569555e-02
1.965938453258788549e-02
2.425522691518416582e-02
1.526787273126318373e-02
1.502309974072098091e-02
1.044482210567516597e-02
1.349208577860083920e-02
1.650402108486482416e-02
2.323698130598337783e-02
2.429042071639718123e-02
2.645861508429758757e-02
2.301579895483796545e-01
3.795708211625094530e-01
3.287050390456502935e-01
3.790293584932754589e-01
6.328734934022697267e-01
3.159021495658344003e-01
1.689091338757268412e-01
1.068687515755731565e-01
4.641164058700465722e-02
3.549405019124921012e-02
3.483270988290098485e-02
2.695788232235607138e-02
1.176435272223984654e-02
8.924913278048183032e-03
1.238605966371507557e-02
3.907621685220238894e-02
1.176425189111990170e-02
1.294990541937523013e-02
1.085327161780991548e-02
6.209229931004935608e-03
5.839215120989419902e-03
5.315724674486906401e-03
7.648133347496149578e-03
9.023060983049110279e-03
1.013759970441185931e-02
1.324601526056947386e-02
8.071481341526593606e-03
8.681976190185985987e-03
7.569365327364607418e-03
1.210303842525489032e-02
1.030973217069116286e-02
1.177487569477768913e-02
1.513659361408261142e-02
1.615794267536345766e-02
1.102642747934500650e-02
1.260375083903475350e-02
2.672105801023549193e-02
3.736909683529387322e-02
1.220530765230795622e-02
8.553293881311910610e-03
1.184908491094744006e-02
1.542789324130449530e-02
1.734508818827261781e-02
8.304507846456058925e-03
1.233569614780089842e-02
2.392256026604292624e-02
1.674987992502120077e-02
2.024821547049176357e-02
2.394666450348013897e-02
2.502413088018177328e-02
2.005772931983771865e-02
1.506121719611725959e-02
1.435944781125967837e-02
1.813214746182885417e-02
1.678409229543528433e-02
4.167827549595772008e-02
2.183280570161759415e-02
1.852201200052614599e-02
1.807745620781624554e-02
1.592108330598592664e-02
2.934729131865865953e-02
5.068705412292030810e-02
8.678081303851464812e-02
4.251810635977198299e-02
1.717270086334280951e-02
3.529592674123531448e-02
3.620943373733809950e-02
3.579837569652737778e-02
4.198235163335919951e-02
4.972181384751098165e-02
8.057176805497247296e-02
6.703953648185094483e-02
1.326135293680055782e-01
8.099554694977063873e-02
6.507804003537126514e-02
7.380066436379756345e-02
3.027005922987114142e-02
1.459119158286090526e-02
2.403148631637819915e-02
3.192898228418244305e-02
3.561089660871822465e-02
4.618895185344593091e-02
5.739924761620244370e-02
9.401029913055637677e-02
1.381357209571486555e-01
1.227287281035982780e-01
1.744868316286243004e-01
1.315568644785559960e-01
9.511209471152584638e-02
4.471198035900615653e-02
5.294053218673425154e-02
6.372314568425543890e-02
2.579650770113972591e-02
2.049016941679419890e-02
1.143862370473963490e-02
1.369106971554247959e-02
1.540248169792905221e-02
9.423701081032777316e-03
1.814673812598955119e-02
1.162517984915698889e-02
2.752744080049740125e-02
1.839292361646633830e-02
1.611419254419028946e-02
7.161645744662861225e-03
1.139943678267515276e-02
1.610059379441858632e-02
9.512554218808644269e-03
1.526904239999377771e-02
1.044075060373932801e-02
1.637340274084700398e-02
1.774508848401388367e-02
2.491078561013784429e-02
1.530252293563812427e-01
1.612809370518445418e-01
2.021795034031039495e-01
2.960920002352055991e-01
1.999739448621951077e-01
2.149703150422737075e-01
8.774516897516239367e-02
1.095365683089219860e-01
5.839321288204936400e-02
4.020398559512528003e-02
3.265475798792373541e-02
2.420000934085708363e-02
2.436918470744685317e-02
1.842023518452343828e-02
1.903388208147908933e-02
2.036460797411870569e-02
2.588157251716202006e-02
1.307165203014645435e-02
1.464416314739766523e-02
1.401811838668249634e-02
1.254680555104416978e-02
1.288294767051977562e-02
3.366481656441486225e-02
1.275343444253286378e-02
7.988357270994322218e-03
7.543867973106081933e-03
8.886840136365288870e-03
8.337805634945802749e-03
1.080032453223321934e-02
1.752333372648426715e-02
1.598331955141368485e-02
1.957453802056987116e-02
2.413914239400653111e-02
1.462881286722871564e-02
1.638768236340461260e-02
2.533639594217241414e-02
1.741197097816748682e-02
1.811570991427946184e-02
2.375455845493780818e-02
2.573103151223033250e-02
2.477840965461984221e-02
3.084647924675770064e-02
2.177845768422766518e-02
3.722560733834101576e-02
1.733690340846885322e-02
2.027020857818660760e-02
2.482645114894942856e-02
2.256827185419402887e-02
1.511111524177170470e-02
2.676792540368523599e-02
2.910342718845523174e-02
2.693529012485047780e-02
1.427389044273832952e-02
1.463397138291240747e-02
1.836551046761466729e-02
3.386065852223658912e-02
3.545430951044947071e-02
2.772203090999262806e-02
2.459113881028478915e-02
1.219826226985380908e-02
1.096812621320930256e-02
2.661835499300773886e-02
2.657473756697429842e-02
2.667628593680333726e-02
3.132353080112086630e-02
3.012652459379438347e-02
2.825971611460146443e-02
6.825061360015904910e-02
1.160001098953514637e-01
2.180230237738347010e-01
2.911272949571626079e-01
3.820249714407655262e-01
3.534877523254811305e-01
4.529268269391237278e-01
2.354916724391679095e-01
9.351828803021218495e-02
1.367663585671861637e-01
7.787208819286516037e-02
5.174852993681444691e-02
4.915492587965513555e-02
2.552415644021162333e-02
1.245412039437658255e-02
1.943644602977531027e-02
1.589642566829334303e-02
9.813074488623103539e-03
1.052025047177496120e-02
1.051005069872755666e-02
1.485042672446229561e-02
1.584993268263190647e-02
2.014824309195903038e-02
1.357442663780654250e-02
1.726607944883724530e-02
1.265512155430482781e-02
8.449297534160883638e-03
6.202599522489554706e-03
7.683164397844236861e-03
1.005446944191596900e-02
1.368662520770993346e-02
9.757728528334369544e-03
5.590085305572201936e-03
7.324840406864848233e-03
7.856370623624292504e-03
8.058159003705763629e-03
8.513025007304173344e-03
5.185733232659390547e-03
7.759495526153212946e-03
1.078999320936363179e-02
9.201846891827581906e-03
7.883251092220298212e-03
5.441758831769676237e-03
1.056593064714979151e-02
4.764888892528429745e-03
5.074695981592932531e-03
6.920696541061606595e-03
1.602828671113103870e-02
4.114174979264550308e-02
2.297081390237847021e-02
2.835939995937529490e-02
3.227513329230422001e-02
1.492901663494003266e-02
1.641488705593818764e-02
3.264557952928742041e-02
4.328263449131992263e-02
2.054585502303964972e-01
2.032790182401202350e-01
7.700519102974495711e-02
3.274499223364774753e-02
2.777095860650620820e-02
3.272635525394489847e-02
2.963946160642160627e-02
2.672682218385149036e-02
1.215932972289471975e-02
1.722949346477889443e-02
1.094551563654590047e-02
9.722931829091880848e-03
1.037637220564101986e-02
1.742491112672357040e-02
1.444397501957038130e-02
1.526318387470805039e-02
2.158775231885593296e-02
2.569803612957776914e-02
6.716893408673332844e-02
1.161131586611217209e-01
7.125445356815642006e-02
3.936253883728547953e-02
4.998459816567269592e-02
5.481825895319048653e-02
3.689182500493037864e-02
4.667387540457428041e-02
9.835447182919342113e-02
1.167003562357214197e-01
6.002576479533398846e-02
2.897698680494083592e-02
1.429712124162929934e-02
2.699655451021404362e-02
2.803303007442248598e-02
2.029393375555684290e-02
2.738840028548515312e-02
1.517086778702691173e-02
1.511514819829333327e-02
1.040863646253162994e-02
8.419959350793359068e-03
7.171465110633629993e-03
1.139766696368045042e-02
5.903524533306734982e-03
5.076029242627815539e-03
2.402223976274465295e-02
1.708829765244424329e-02
1.466776999510644233e-02
1.511073296460363133e-02
8.960728672184035265e-03
1.103907321127767932e-02
1.210349895126061961e-02
1.224259462024421090e-02
2.228171460771944529e-02
6.832547738704064511e-02
5.413756067911445341e-02
1.168419491258541054e-01
1.221976886986027022e-01
7.387095836175061603e-02
4.674946941619671781e-02
5.138010714744821461e-02
3.229242195433650736e-02
3.184060860713473079e-02
1.408332196232018642e-02
8.347085087179904536e-03
1.404983487831241822e-02
2.640328053309127024e-02
1.411535832040068141e-02
1.367498962994500092e-02
1.881826637494278531e-02
4.670257789732985138e-02
5.655967244483987161e-02
4.028336803820104645e-02
7.439782729381795578e-02
5.876978402395227619e-02
3.293201131423718203e-02
4.607148820901220410e-02
5.148665370391391355e-02
4.061738813592442182e-02
3.892243372825208991e-02
2.210821487959391957e-02
2.113696308913402128e-02
1.538781518239825015e-02
4.534554657918709458e-02
5.920504562561176159e-02
5.253123045669769176e-02
8.124372891902492677e-02
7.227108920721596330e-02
7.667387315492460442e-02
3.165273717063193243e-02
2.482290494643542983e-02
3.429894713319800448e-02
3.802731294816783653e-02
5.161611203263712089e-02
5.049186951374273757e-02
1.170466162900485468e-01
2.569163105119662283e-01
1.801558169877289228e-01
1.811064386664443249e-01
1.558280869664572799e-01
1.791268366338697182e-01
1.710195496833214479e-01
1.789038295224292530e-01
1.436184649302019167e-01
6.740625304403354001e-02
5.604989654202362920e-02
5.394840634623516290e-02
7.523059366998616215e-02
8.847229500271251712e-02
7.462811091701199162e-02
5.642059093312432050e-02
3.903587205738393018e-02
2.726311462703758653e-02
2.299051554311968074e-02
1.716801686836689003e-02
1.099924688076605109e-02
1.556316551643714338e-02
1.630580262554992207e-02
9.583598719111909373e-03
1.561452112896749740e-02
9.044581614720527407e-03
9.083070607528966750e-03
7.400911635355099730e-03
4.155728688785281441e-03
4.098828485329794255e-03
4.887235057855260703e-03
4.311562345132651311e-03
4.110582815034825865e-03
7.448735247066078265e-03
9.605178395481289016e-03
1.178761696890543061e-02
7.470377478060482093e-03
2.607250743369453339e-02
2.129567837624688972e-02
2.230123984458468392e-02
3.189314180857067554e-02
2.061164626366237054e-02
2.028551887627252220e-02
2.660429021160704011e-02
5.590470259911991396e-02
5.782245303338272996e-02
1.526540286079772386e-02
1.734827306514052231e-02
2.257947745310272258e-02
3.839231428410708191e-02
3.113562914777296547e-02
1.691468762054511993e-02
1.222374756636994582e-02
2.086563804690019439e-02
1.447113099869320671e-02
1.422582166670799744e-02
1.336434691563044216e-02
2.107617801069087971e-02
5.346178952977601734e-02
2.717022127839473222e-02
1.939976175823740837e-02
2.149236945943900148e-02
2.289819412663335330e-02
4.002382670073602322e-02
1.370507278248059291e-01
1.054849820684320427e-01
1.412590692385983504e-01
2.815391785354078857e-01
1.650864273465935395e-01
1.166580646839889823e-01
5.012455988999964251e-02
3.344334868799517246e-02
3.320772960657319278e-02
3.344010707364258872e-02
1.646495113031928859e-02
1.585252768333081722e-02
2.885116444109291772e-02
3.444790979945624304e-02
2.673191313109579692e-02
3.374797968704791595e-02
4.721316040582183848e-02
3.536343124240021174e-02
1.668186260215659411e-02
8.383313393534763680e-03
5.835965809637290620e-03
4.502663574812917381e-03
7.328413944273964344e-03
5.139519994980733600e-03
7.626617164962606540e-03
1.027696597710420212e-02
1.207144344286860578e-02
1.150139759482042209e-02
1.380020200945620765e-02
1.779897207342770807e-02
1.420363082373395786e-02
1.646532502133382300e-02
2.283486995112695567e-02
1.898198537609264297e-02
1.461424636751269650e-02
1.867735033091248026e-02
2.977569278829777372e-02
3.137785871825650441e-02
4.815544420477057413e-02
5.873631510671822181e-02
3.193315739554302563e-02
2.405243111617279272e-02
3.240111104972199368e-02
3.407718036197157629e-02
2.365339751633580706e-02
1.350368528588070764e-02
1.124212284415071136e-02
1.115420453984670643e-02
1.256535633057666475e-02
1.334715440434385697e-02
2.184571017182531522e-02
4.140585235335238201e-02
3.749804873134002930e-02
3.425432200168175567e-02
2.779648565960636530e-02
2.045731577789690336e-02
1.428638917288759316e-02
1.315031762321577057e-02
5.679991703379514909e-03
7.983308265019245856e-03
1.082874599693772755e-02
6.692421732725236001e-03
1.351314455331123487e-02
8.724731762028675730e-03
6.124554265829805152e-03
5.877139548119232268e-03
4.007070539767483043e-03
2.156977086447321029e-02
3.329090422478749034e-02
1.727786095558384721e-02
3.033257770922927546e-02
6.458722774695753455e-02
7.739576229878676605e-02
7.250842047982891669e-02
8.291442045225651258e-02
5.384624895406994738e-02
5.644108747858855163e-02
6.794695584306197078e-02
3.882439885176990069e-02
2.483904166073915010e-02
3.023020794249235005e-02
2.903070259522418442e-02
2.713722654731468703e-02
2.490918814106792348e-02
9.851364031606756749e-03
9.521580051112442378e-03
7.677640775098011280e-03
6.583759474527444040e-03
9.825955033618176751e-03
1.627684595247121113e-02
4.168850971123914950e-02
5.432976231848945375e-02
6.834425391733460475e-02
1.304878369433957741e-01
8.241266665814477033e-02
1.037311015428111632e-01
6.805768370220928454e-02
4.634853318989043403e-02
2.164633115761987678e-02
3.347519166215758013e-02
1.790699199308858416e-02
4.515079702505379183e-02
4.689742685334503253e-02
4.401498140154427863e-02
5.828695194653355643e-02
3.491950247342793384e-02
1.929518591968905697e-02
1.975689171872185845e-02
3.332065102114785404e-02
1.888784128389203384e-02
2.117040089067073749e-02
3.021005586221420930e-02
2.050505448088243282e-02
1.290826800650736635e-02
6.652211061143325534e-03
1.049801435933791875e-02
8.076833144905830666e-03
6.895451392874294219e-03
8.789702250986630716e-03
7.997454813077151808e-03
7.754141416503874777e-03
1.085242968085015774e-02
1.200982835061171518e-02
1.023362375375709739e-02
1.184182990782850498e-02
1.019033697447239289e-02
1.795704053790937380e-02
2.159427821605684403e-02
4.864931254650468190e-02
7.509956057155668663e-02
2.134895682952437507e-02
1.936023294024628166e-02
3.514356484114045803e-02
6.647436495017434999e-02
6.090896382553426941e-02
7.677302311894616815e-02
1.074582972232131783e-01
8.132092160752400767e-02
5.624522478743965159e-02
7.256158433998166624e-02
8.427461880332565158e-02
1.639081392136631232e-01
2.837399272797115901e-01
8.185463156807562535e-02
5.691276982485181379e-02
5.709894669317784610e-02
4.611929396278952736e-02
4.357695255281508057e-02
1.933605737760357018e-02
1.275513718060441656e-02
8.264241608535668332e-03
1.023309848727817564e-02
1.194429933899749871e-02
1.237286934419219546e-02
1.451651661620788521e-02
1.438868657484604699e-02
6.372810358321453691e-03
6.810629829846885988e-03
5.882622452858086645e-03
6.165001255355225494e-03
8.459334731117752054e-03
8.325561835343765066e-03
8.569426037933303847e-03
7.672430296684105283e-03
7.643789033551519861e-03
6.671001338248374810e-03
6.954932527313324557e-03
6.758851799139630953e-03
7.042383141589096500e-03
6.335524338106525780e-03
7.213849834520589394e-03
9.401182436764864842e-03
1.118536155852415184e-02
1.218307518334866939e-02
9.131955030825068820e-03
5.842624923632485853e-03
1.138204134287664100e-02
5.078820153247123881e-02
1.320725188984422371e-01
2.832112807047637015e-01
2.689480738403579041e-01
3.135959665691946952e-01
2.505554734453140919e-01
1.911041069676214232e-01
1.969430468809633128e-01
1.280225836405766426e-01
5.962843187565330244e-02
6.258013068161977221e-02
5.978172017703970581e-02
2.049498588394723514e-02
1.103338597633281640e-02
7.022858041135620830e-03
7.872272813201058178e-03
5.717753800158097664e-03
3.728791116286081855e-03
5.323468888990144122e-03
6.278347359167709557e-03
4.295149598013587276e-03
3.448485705030494321e-03
4.801032359252102241e-03
4.894798849029828765e-03
5.599783165805909471e-03
4.310679547672478969e-03
3.855922462730229476e-03
6.430124394858377501e-03
4.693868601338872272e-03
4.013713706368530858e-03
4.598838270135160826e-03
3.818304659776713093e-03
6.183011776572891471e-03
7.002503054727915975e-03
9.811504200802366460e-03
1.203074343111248945e-02
7.053312673540011041e-03
5.618295057701592349e-03
9.206729484047429177e-03
1.483531731203427406e-02
1.577819082344618026e-02
1.329576949377520023e-02
1.614203562533516809e-02
1.123903821609215092e-02
1.223501338143523007e-02
1.263378720534619193e-02
1.151460198125160879e-02
1.028704595524279966e-02
8.385930703090346133e-03
6.238165255706067808e-03
7.715444990438404156e-03
5.564082929079687892e-03
5.348096646349673536e-03
3.956488889772949089e-03
7.290974176744050364e-03
3.658681281175688634e-03
5.253971978618406438e-03
4.743621965616172040e-03
6.218208436182426357e-03
3.601923412805815503e-03
7.392688110383204871e-03
8.617847733083492875e-03
6.642715899654838899e-03
6.615310160050998610e-03
9.607565091194782830e-03
1.859329627967812662e-02
1.866922871131849321e-02
2.633259596215274320e-02
1.917470988325627873e-02
1.365806197708112867e-02
2.390976948818336958e-02
9.922055188593134623e-02
1.314333372812766521e-01
1.597554043375970234e-01
1.461421684792331421e-01
9.430966671193072304e-02
7.256673039639857659e-02
4.734916422852329665e-02
1.029376200614043474e-01
1.407231559799958787e-01
1.198219656919328746e-01
3.577495317770547356e-02
8.102394222759436160e-02
4.346012741302573285e-02
8.542069299216875633e-02
6.688152566799718257e-02
4.034670143089246624e-02
1.841114115915975513e-01
7.100417707523414002e-02
7.595150917788554001e-02
5.136429993493239754e-02
5.559248111449361512e-02
3.918466113270439866e-02
2.237606138053846797e-02
1.850038841342638296e-02
2.371673128005234027e-02
2.028901540073022730e-02
1.954914245904118206e-02
1.272924331660580700e-02
2.055811946900076154e-02
1.247976929578010520e-02
1.268179288050559281e-02
1.648832551578114161e-02
1.237141127495727452e-02
7.756480033363912820e-03
1.034102756668016550e-02
1.250309185121326050e-02
2.923670311552924866e-02
2.765394373825652910e-02
5.338455129557121565e-02
3.401753238820016262e-02
5.406084063024867853e-02
2.565070929406529712e-02
4.544499296905202268e-02
3.913968689913402410e-02
1.974694574333329608e-02
2.323751479259717617e-02
3.562624132228216917e-02
2.905010374905020454e-02
2.314374571829223501e-02
3.408702335967109254e-02
2.568676667627679128e-02
1.949345748130347153e-02
1.376419536219366906e-02
1.246354132327792685e-02
1.413105230605822028e-02
8.063675466897166078e-03
4.227255692250853937e-03
3.545171306966923407e-03
4.978928139506831954e-03
5.674583328277428215e-03
7.773363548168057101e-03
8.569674183152702421e-03
6.821565283619187084e-03
6.499392799417921286e-03
7.446545412613493446e-03
6.755121717458705509e-03
7.000349657839296386e-03
5.765979339255312280e-03
8.160129946157178987e-03
1.103530761623952930e-02
1.435043889374773216e-02
1.996640788874626607e-02
1.781492805650975245e-02
4.158518134159622931e-02
5.190808944454283758e-02
8.013106468699643381e-02
4.131659804024863381e-02
4.685631827910047981e-02
4.061842967775039503e-02
5.889179072133673282e-02
1.004062789583318321e-01
8.279666163339911844e-02
5.620513654113402924e-02
4.057548885530148919e-02
3.052529448887910182e-02
2.069608064796503444e-02
2.288133482515606471e-02
3.485047402440929337e-02
3.241934099257932217e-02
3.476983723006189103e-02
3.584308101827202858e-02
7.013763727080216115e-02
1.857859617694941068e-01
2.802704087050393866e-01
3.377961458087226365e-01
1.887141768108936690e-01
6.985120959003866814e-02
3.703126647416673384e-02
2.250571000644763925e-02
3.811616770653640518e-02
2.846519818329487292e-02
1.678273605578929628e-02
8.227386277202512407e-03
1.303439974353075639e-02
1.288708274793161530e-02
1.007178003830518608e-02
7.717596215210181451e-03
1.477464302497535735e-02
1.703880812043458148e-02
1.925134541143745312e-02
1.682694366469329045e-02
3.291032881640335028e-02
2.978888544135402730e-02
3.162918056053330707e-02
1.136417301701726258e-02
1.374476048649569786e-02
2.306759287772575454e-02
2.959986992507672096e-02
3.749293216083812025e-02
4.368650262122963229e-02
3.793303268228945951e-02
3.357240953821162555e-02
2.380947623600470839e-02
1.100133054859401757e-02
7.294095187723289610e-03
7.180613552268800756e-03
6.530724018523902802e-03
8.771698888673492081e-03
1.106175719188466113e-02
2.408223237547073292e-02
6.139544910699738095e-02
6.900495949328076806e-02
1.179126015379576703e-01
1.247673808440516174e-01
1.663807720489126618e-01
2.806853027796749056e-01
2.237184799263458312e-01
3.922684433488878852e-01
3.076501746830189177e-01
1.703691101060504365e-01
1.934384192810940373e-01
9.271224774801792301e-02
5.207188961224925444e-02
2.871217044016632219e-02
3.282781061682807366e-02
1.440894938101027270e-02
9.432481763755920859e-03
5.594501072027631243e-03
7.005275258710817569e-03
8.591393396663819099e-03
7.625189281653558214e-03
5.154543542475121393e-03
4.475918223605084706e-03
6.708755341051642930e-03
6.780218024877476130e-03
1.003025743845837453e-02
1.369999219970677480e-02
9.878339167214358549e-03
1.029224322341066797e-02
1.873782777198237243e-02
7.743500460565566103e-03
1.979885005682672366e-02
6.722924525311601424e-03
8.114258915807423880e-03
9.653892880424203016e-03
4.558091019840034355e-03
3.352175074144632914e-03
2.593346109919748062e-03
3.698993861908543047e-03
3.514368768005990754e-03
6.676172059621793796e-03
6.073671800028915616e-03
5.896714506324832704e-03
5.799606295266675378e-03
5.063769709764187610e-03
6.152677229579137444e-03
8.170695459521922638e-03
6.095070306721841677e-03
4.472608023803250482e-03
5.832736893279852688e-03
1.942619220070637351e-02
3.917289005200672025e-02
6.238952144388788118e-02
4.149022148089224343e-02
4.537417910483816652e-02
2.700587779952101641e-02
2.097617424747450290e-02
1.825953853749610195e-02
1.558084380933022657e-02
1.471207183664261647e-02
1.343077470126993397e-02
1.121908129328717980e-02
1.001268491309284352e-02
1.032332184939163677e-02
8.680625013273299967e-03
9.754722126973425222e-03
1.076825588854302997e-02
1.403081162887067322e-02
1.310315227519496042e-02
2.293540102866536631e-02
5.115607749380353397e-02
5.274135717360309283e-02
5.916663401052291854e-02
9.607211855065322936e-02
5.742325430729396801e-02
5.003254935526610381e-02
2.903931936627272142e-02
3.027844446195319603e-02
4.062944835580209468e-02
7.320024772259368928e-02
8.703548910848711573e-02
1.000680540772410781e-01
6.006392767320688914e-02
6.543770678762726722e-02
3.526088821554093644e-02
5.764300078818938855e-02
6.842441825083477036e-02
8.494582339862138953e-02
6.208190259210059903e-02
2.478296097375608242e-02
1.402426863841687438e-02
1.365534850945642614e-02
1.014129004478357861e-02
1.467830652268948058e-02
9.760206913925380257e-03
8.196467465407503150e-03
5.217921377110022393e-03
1.006009768880527892e-02
1.060987336719364758e-02
9.474158456446973853e-03
1.502632539274106199e-02
9.909519421823791488e-03
2.852137500616205509e-02
3.637085021079391328e-02
4.822902319595349929e-02
5.885990409954952596e-02
1.104357988505099281e-01
1.130885067792705423e-01
4.462217590803636141e-02
5.156261756617408487e-02
9.634834026400175555e-02
8.980697558185063434e-02
9.041749453686388771e-02
5.825302175521067383e-02
3.369573088583997789e-02
2.172255755554337864e-02
1.605125713847451938e-02
1.262310069045056819e-02
2.875141806206987088e-02
2.968168283207341454e-02
1.604804447961536221e-02
1.050935916081363261e-02
8.982481149185362473e-03
5.897605668211924369e-03
7.059198160020896742e-03
5.145711461680763793e-03
7.989168980369732928e-03
1.454560612515641213e-02
1.396163437896179825e-02
9.123395035876731562e-03
1.225394517941929239e-02
1.233205377507851433e-02
1.022718929271138749e-02
5.911152736372229932e-03
7.754657065152893367e-03
1.136888069233727913e-02
1.209259975588120907e-02
8.645840919324736251e-03
5.047967736483893395e-03
7.712337455079378359e-03
8.526139689956717047e-03
1.056348771741079037e-02
1.743064618301353938e-02
1.643375364740263037e-02
1.026836299268927589e-02
1.093556133921779264e-02
1.274103300949504768e-02
1.011033160071200983e-02
2.014157573698595674e-02
6.288213571774112221e-02
7.285341900765981982e-02
7.338538561792894155e-02
1.305769994314589788e-01
1.302138077552327244e-01
1.315767459717427645e-01
8.614506349682092556e-02
2.348364289451441989e-01
2.905592515285416733e-01
1.353474507203442923e-01
1.000484827187639730e-01
8.673836464362040533e-02
5.481159383945214542e-02
2.515839005670911580e-02
2.887193241707252875e-02
4.797033910665661482e-02
3.832104961740295107e-02
3.059587678930024077e-02
1.556839539570445581e-02
2.719271873424703237e-02
1.297337601000422662e-02
1.946959553185251268e-02
1.335705717276719148e-02
1.003833700139111600e-02
6.664380701457901443e-03
4.756040676677223376e-03
7.966487573114976878e-03
3.940103836322132562e-03
4.988001966301830806e-03
4.800775880392012945e-03
6.004438902325372369e-03
1.218178659248790943e-02
1.156721858419144412e-02
1.167958829474981600e-02
6.693167967021120164e-03
7.422728605451284559e-03
4.250066646689745417e-03
9.045055264787264793e-03
5.620168086280915611e-03
6.448639237571567387e-03
5.909887614285160885e-03
4.138736720962253937e-03
3.805092043144187378e-03
8.416188541363653353e-03
1.644984229019894745e-02
1.516564677335925822e-02
6.621476136776034346e-03
4.382404931407036033e-03
5.486356749306720362e-03
4.623882900307194413e-03
5.391403522624290540e-03
5.035925650958160762e-03
6.296947172233387062e-03
5.899981690177121506e-03
5.299711145960851397e-03
6.747861611218560970e-03
8.591555148047087462e-03
1.319198125212202657e-02
1.531672061997515003e-02
2.432462989641778067e-02
6.021854705659572538e-02
6.315124401869508242e-02
6.567035001682812456e-02
1.123489682591541639e-01
1.582645132787315334e-01
2.312623631944166480e-01
1.071545809559181078e-01
8.612268269725185943e-02
7.250050852476684626e-02
5.575484318446476129e-02
2.538427594452644792e-02
1.655952649333069376e-02
8.240370144442007300e-03
8.436980557436097455e-03
4.454646992533512449e-03
4.961651792591061441e-03
8.957459456845893661e-03
6.642618721759440716e-03
6.958935457980661501e-03
5.763840049029158447e-03
9.652381668336830131e-03
9.866199654472992270e-03
1.222960915226692369e-02
1.201604072672779640e-02
6.616453716849010278e-03
9.457746691904186237e-03
9.195144873630182666e-03
1.031139936266638711e-02
7.517234767157971939e-03
4.190624871652731329e-03
9.669873199668506392e-03
7.490962228360802805e-03
9.913309654010934308e-03
8.733561362661585586e-03
8.909815611922085668e-03
8.079904403829243215e-03
4.861986181287892249e-03
1.222314426607501101e-02
3.471508783467412707e-02
3.221019803808655019e-02
4.471170977405266450e-02
3.601148224292578109e-02
7.878749980562015087e-02
1.394104017532699913e-01
1.223253979105588807e-01
1.370973979601846360e-01
7.881365005758299291e-02
8.867582066309760702e-02
3.942967537814461021e-02
2.038036134335119431e-02
2.716115826698888014e-02
1.411603112473198800e-02
1.111347928579981166e-02
1.362003931225008908e-02
1.120070011357821027e-02
1.343810487188477377e-02
1.297344229608896407e-02
1.072423343545959341e-02
1.005801338938386996e-02
9.720698356058996362e-03
9.257019040089960876e-03
8.456938156446063351e-03
2.151257736769940018e-02
4.231495341872551497e-02
5.908122410030683391e-02
4.528801792381345614e-02
5.013513824215972553e-02
2.373466577290565468e-02
1.810386995799557336e-02
2.677730492471684653e-02
2.078184434216554313e-02
2.993262920191368942e-02
5.901181337782955560e-02
1.003742245684574735e-01
2.241972566265625910e-01
1.161669595533955518e-01
9.684161041801943315e-02
5.485834501956216719e-02
5.212532244665643577e-02
9.356842565953790714e-02
1.248468207611233283e-01
3.359385182601479225e-02
3.230555806717037848e-02
3.330877379391559284e-02
1.964510261286806295e-02
1.782001191852126618e-02
1.332502878293251314e-02
1.795010686158626106e-02
1.641597605497857257e-02
3.250929808807136862e-02
5.428395389156008555e-02
7.665678787382070036e-02
3.212880413618341563e-02
2.692704952660516030e-02
2.965257834434696649e-02
4.037110750254175456e-02
3.408059952660411063e-02
2.679047574301815157e-02
2.442238933841834117e-02
1.022180626726061289e-02
1.118150066963721767e-02
2.137941377056188155e-02
8.133609167453831335e-02
3.259341117150921924e-02
2.035411760964346561e-02
1.670467708014077707e-02
1.109820817548460778e-02
5.643679417861307591e-03
5.345027359134558488e-03
3.461359380583802110e-03
4.219056929492695160e-03
7.383989519418607608e-03
8.002055910239277287e-03
1.092535443775157628e-02
8.125415934039039237e-03
8.557332622963178398e-03
1.223065584801590229e-02
9.727824492208152207e-03
1.197988053779788613e-02
7.371410618936537554e-03
1.532380885317502495e-02
1.096454142610904341e-02
1.464272530998017574e-02
2.387882320215755846e-02
1.729921910270094954e-02
1.697966973375460500e-02
1.719325757967703899e-02
2.196395584435634207e-02
5.412710925342193585e-02
7.700796584420338542e-02
8.109101657190159740e-02
6.075577032937297395e-02
4.442860313401474776e-02
1.281626026521612005e-01
1.328269235845989105e-01
6.296726494851412337e-02
1.055586140510204191e-01
1.435444817178814225e-01
1.132073581259100958e-01
6.595326289566906530e-02
1.303562049598392669e-01
1.465029799584086079e-01
1.722171377095390310e-01
1.630355575396701950e-01
1.221634919032657113e-01
1.019928616995322418e-01
4.426749754453796620e-02
3.830870217917503595e-02
2.769299763157639233e-02
1.449272547958935231e-02
1.254416934109806731e-02
1.171712038676872222e-02
9.482341904904203686e-03
1.190537448042169703e-02
1.217558873257073258e-02
1.193560040685335936e-02
8.471412012683995560e-03
1.278952184154795967e-02
1.064326782633698114e-02
8.543725925341182428e-03
6.059256878816339856e-03
5.751198070881107308e-03
4.379542505068972046e-03
4.057074606853068588e-03
6.147070521675893594e-03
9.504138145336148147e-03
7.924261619223629122e-03
1.074437656121886124e-02
2.029590721512180423e-02
2.287257578114172685e-02
1.052912796779631108e-02
9.227811796749705101e-03
1.393981484821478663e-02
1.388972791363848186e-02
1.419669669040561286e-02
1.361378725356016291e-02
1.458057342629676123e-02
2.347888306457804677e-02
4.540843708113249944e-02
5.194182348534851640e-02
3.937473736848912803e-02
5.019161937732551787e-02
3.576310954487096211e-02
3.879634307620849487e-02
4.129152545320954881e-02
8.325191557538230702e-02
9.437770410046100733e-02
9.089831767954775765e-02
6.337969279258220956e-02
4.284316310163476665e-02
3.245532742947416366e-02
3.967902632507018523e-02
3.104278754527587184e-02
3.187740225834204133e-02
4.910965779330638686e-02
3.773597916688867238e-02
5.003623655401382569e-02
6.285426765731856602e-02
5.452738812647105887e-02
4.582323355329351311e-02
3.238941367245067038e-02
1.951923693207421179e-02
1.448129146434853215e-02
6.476933609942393290e-03
1.125333402535486430e-02
1.545101005357917348e-02
1.405787916620137960e-02
1.102259629755863307e-02
1.826676036830965355e-02
1.986463448425952738e-02
3.127576616383523356e-02
2.964126518335757909e-02
3.346093498876188954e-02
4.635263719051335024e-02
1.540180234193753994e-01
1.628710780395534463e-01
6.525334824479520068e-02
5.573227224914711203e-02
9.035260913271309091e-02
7.568861650054382884e-02
6.968846474638060173e-02
3.324700841487578801e-02
2.536726230093667295e-02
2.996710449152036396e-02
2.121615875498450432e-02
2.582393429943232940e-02
2.067293593413364536e-02
8.876720487196041592e-03
9.374056953494601385e-03
3.353030152534714620e-02
2.710093396255880069e-02
9.637564460778614422e-03
6.447716981167270732e-03
8.305317681133668126e-03
4.371400196414859315e-03
4.720742266032930054e-03
6.627698486357245719e-03
4.830978287025163714e-03
8.748410490083060806e-03
8.268578365422859025e-03
5.435570456128086501e-03
4.977031613373560960e-03
6.339597576047491592e-03
5.927472444801306500e-03
5.883690031184366301e-03
6.863322202002062472e-03
6.658345770372591649e-03
1.792603439384912387e-02
1.184507185333159504e-02
6.563975945547880983e-03
6.270185504704799823e-03
1.228386024040525014e-02
1.702442155026865148e-02
1.557946491679995833e-02
1.843710670712175176e-02
2.541802869323389960e-02
2.365446511359624998e-02
2.813094284173411549e-02
1.947847518038339429e-02
1.450753166843481677e-02
1.610500745248027304e-02
1.555794873519015728e-02
1.427406428811713555e-02
9.384760247751368703e-03
9.266356709436925770e-03
6.659457233177091921e-03
1.215325609529631888e-02
1.702648997714876697e-02
2.962530385448806577e-02
1.003888206506366350e-02
8.111898820747961980e-03
1.096795978056811990e-02
2.860063014350449490e-02
2.482570884371111675e-02
5.412807510152198298e-02
2.090754900894723281e-02
1.698219128896814520e-02
2.427130594739846520e-02
1.918904505850692332e-02
2.827387779855634192e-02
3.223407103330925422e-02
3.247297282328658746e-02
5.532662138511400263e-02
4.594845199405666464e-02
5.923784579852501425e-02
7.753409682066089714e-02
1.089794263150416220e-01
4.799820771344132098e-02
3.762306476553851226e-02
6.877579192733046520e-02
1.367460181431083555e-01
1.754395464211222222e-01
1.044512070246439162e-01
5.958427905414923759e-02
3.350520296434644080e-02
3.536367703513272620e-02
2.960529478375397566e-02
9.647674057380551879e-03
1.479939058208660368e-02
2.628903796254673797e-02
1.828342874046267122e-02
2.225234573361248649e-02
1.848540080979589259e-02
1.319329003265109351e-02
1.638668807463838570e-02
8.716296323336281474e-03
4.961568380556865068e-03
6.104660650350208183e-03
1.214955512204890162e-02
5.079143949206818553e-03
5.661595940490026305e-03
1.625403171990996709e-02
1.375594761233563633e-02
9.531160391661148285e-03
1.143444139298421813e-02
9.264291360594341732e-03
1.952272650307237609e-02
3.584199992572943694e-02
4.869255852593902534e-02
2.145472732448964678e-02
4.548047498413698708e-02
4.854205516509398771e-02
2.477344129235659748e-02
4.418268618464509662e-02
4.089354413913039166e-02
3.298270776155470818e-02
2.971495556070014379e-02
2.081610196864876888e-02
1.957873179517017476e-02
