5.575330416724878085e-02
5.748002899492621331e-02
6.906761647604703347e-02
8.000033425398293818e-02
6.284012468520239203e-02
8.628651761290002942e-02
1.118433144544921931e-01
1.179097115702856802e-01
1.655591386079762195e-01
2.082815104320481503e-01
2.802809775991444430e-01
3.006837889159967303e-01
2.628963398882785407e-01
2.337011935364884940e-01
2.300389519790034254e-01
2.153054736437365890e-01
2.013735928141465181e-01
1.978951105165025481e-01
1.809175718112785158e-01
1.713858538583201974e-01
1.585918982613951089e-01
1.361205330276386849e-01
1.267722337317329084e-01
1.155442360514276762e-01
9.427014747092191116e-02
9.314550666642379406e-02
7.444648624022370820e-02
6.869780441116897507e-02
5.882951247905676695e-02
5.886069493125987984e-02
5.401380357275772925e-02
4.344879263122868734e-02
5.022396163224925048e-02
4.121313462640977671e-02
3.918684076307443059e-02
4.401222472739123315e-02
3.415427219567336581e-02
3.864756981082115295e-02
3.719527075350983342e-02
3.565590798624879848e-02
2.948443916668145454e-02
3.381194157327878369e-02
3.193162371914151643e-02
2.892220458947203712e-02
2.608927230005529674e-02
2.935938642264466006e-02
3.020441072471665225e-02
2.808402470673974222e-02
2.812771255063576184e-02
3.140808482363174198e-02
2.742632886685555244e-02
3.072022038747354925e-02
2.637679238910851931e-02
2.548932644808725098e-02
2.775281115315710034e-02
2.526831785593154633e-02
2.631699602837645618e-02
2.540000439099254423e-02
2.795059301715583852e-02
2.776622494053754622e-02
2.538193149111787200e-02
2.605741058938698673e-02
2.607282400149466689e-02
2.574599498945251766e-02
2.619030476553209710e-02
2.701461362317450141e-02
2.582435694485583563e-02
2.611063095024485081e-02
2.307802724782796397e-02
2.535810784052004718e-02
2.549116144510517670e-02
2.785537081725673533e-02
2.658705793412234272e-02
2.488811875649404523e-02
2.998314555907373447e-02
2.680275097404336351e-02
2.603543229094809966e-02
2.594962753245952033e-02
2.678675359516557997e-02
2.613800152287907783e-02
2.668401431206171917e-02
2.528246653865199103e-02
2.484103340985089475e-02
2.427283578015553001e-02
2.363203055079428697e-02
2.737029484281261124e-02
2.839055556955186535e-02
2.627404327619381821e-02
2.219251031950240927e-02
2.405317950883356648e-02
2.392980285270594407e-02
2.496794381094710052e-02
2.406518120443873476e-02
2.382874195783831264e-02
2.687198473247109226e-02
2.225515024831766289e-02
2.315800183694629102e-02
2.498963424180620022e-02
2.406178698674586378e-02
2.462862433845414492e-02
2.226015615988078886e-02
2.261077534284873514e-02
2.314256488393710495e-02
2.180027988129104241e-02
2.230847771004782973e-02
2.537503841572217103e-02
2.321868509256317173e-02
2.298531328924047906e-02
2.272412047579444247e-02
2.159921844837457347e-02
2.623377351930240853e-02
2.047514610502187624e-02
2.344033126581381368e-02
2.214860660613796745e-02
2.204013495477976162e-02
2.270882946803896851e-02
2.079121702024018872e-02
2.302483436364519825e-02
2.398411115697881429e-02
2.235561129049479928e-02
2.130320902097832328e-02
2.204711018100476497e-02
2.249155448832315315e-02
2.249151631356562098e-02
2.528085663380597037e-02
2.100262838928467629e-02
2.136459050106363430e-02
2.205481777649674624e-02
2.372985071031196574e-02
2.104572623416561122e-02
2.242657423782553824e-02
2.030976538968347345e-02
2.180002393350721768e-02
2.334331109300034554e-02
2.140224002651463717e-02
2.145127761238785000e-02
2.117132129024493561e-02
2.227775161683451938e-02
2.242317177753203744e-02
2.141196139349658273e-02
2.112130704978526854e-02
2.301156391464274226e-02
2.123841576490550706e-02
2.079363879384505537e-02
2.071151315218247926e-02
2.111857613060677888e-02
2.254833152274518179e-02
2.151320430000960501e-02
2.122690768263658934e-02
2.257336519033668540e-02
2.236718996045483632e-02
2.288588821388840358e-02
2.226092042943180957e-02
2.116486054313835435e-02
2.154429511658295660e-02
2.216816886738519343e-02
2.258579082099535992e-02
2.076115807248820472e-02
2.101461910930549695e-02
2.141314870309374979e-02
2.052746994228183547e-02
2.125147060430330331e-02
2.253658490325346000e-02
2.110643202082764652e-02
1.960261391466691996e-02
2.051304332026954169e-02
2.102999398577421603e-02
2.247896261927911574e-02
2.192794337219425641e-02
2.282687318879461982e-02
1.976803412341629831e-02
2.041139996498658044e-02
2.090866812174657641e-02
1.956566073402716405e-02
2.167194656856063356e-02
2.019770028129614162e-02
1.920414888587640770e-02
2.188051310439879937e-02
2.006879873221791011e-02
2.061069898454703786e-02
2.250769137776484699e-02
2.102268835897495511e-02
2.054573441093882069e-02
2.158546086123195110e-02
1.964506882218380879e-02
2.029019337832720093e-02
2.060594820594026377e-02
2.054857961338049308e-02
1.843125689745587006e-02
2.134011883681826566e-02
2.040131046237631321e-02
1.957592543047367503e-02
1.962915696987021369e-02
2.023273863427465374e-02
2.095010861565150054e-02
2.078393004948338174e-02
2.007533041930702894e-02
2.048018933400724481e-02
1.909195577045416647e-02
2.020722877690496466e-02
1.865381852708630425e-02
1.861857437112534805e-02
1.921789325913391203e-02
2.053886107196515459e-02
1.985878969997708146e-02
2.180896586136788287e-02
1.931922660274833572e-02
1.893576923051611127e-02
2.075185532367406979e-02
2.074231588477531280e-02
2.054480343676161336e-02
1.982266162682424018e-02
1.860229055678571872e-02
1.974480844199703877e-02
2.096499254991748135e-02
1.958079774985159449e-02
1.926201723296723511e-02
1.922785834562158042e-02
1.884566470462718801e-02
2.055003761965725276e-02
2.062662843525232825e-02
2.044715471389695755e-02
2.139615941540942354e-02
1.952670024246679070e-02
1.928574538824425963e-02
1.805706402022521848e-02
1.922022797036442021e-02
2.126912716978806434e-02
1.842206701223406823e-02
2.135233562960426462e-02
1.992171709564786661e-02
1.704845600087948748e-02
1.985487022599883092e-02
1.933903402782108719e-02
1.946026894700279494e-02
1.823224227538068273e-02
2.025306557061395951e-02
1.944842975107503175e-02
1.897980876514695700e-02
1.810733715045233921e-02
1.882428713986970467e-02
1.881849026834935337e-02
1.768313204970428307e-02
1.899660948995832849e-02
2.178678745244881643e-02
1.839015834150938694e-02
1.980587988681379794e-02
1.928254136891068005e-02
2.014275722982759864e-02
1.929524996347244462e-02
2.139369616861616988e-02
2.071317307393703497e-02
2.033084308456027667e-02
1.898286613216204968e-02
1.960161745341715278e-02
1.823681716179860468e-02
1.809710619933728448e-02
1.752378862050239100e-02
1.909863722039960993e-02
1.865459437035342158e-02
2.038779741132827270e-02
1.728570373414654512e-02
2.059688634536900598e-02
1.898366716277635410e-02
1.860254053930193371e-02
1.853737611621279410e-02
2.042834860107969538e-02
2.109232455119414151e-02
1.803221902290398637e-02
2.004618473059471134e-02
1.819072618859826629e-02
1.854310999210346395e-02
1.936482643358331326e-02
2.066693435126274597e-02
1.812808595397899861e-02
1.850942561150469359e-02
1.728068672792243063e-02
1.759441684815154366e-02
2.079836047386177458e-02
1.734243688460004526e-02
1.851360921466457810e-02
1.752550421233684680e-02
1.786872806162836252e-02
1.722385363350151938e-02
1.719663673483110694e-02
1.765256926165283471e-02
1.883294548243904382e-02
1.796331605621142094e-02
1.819184649792126435e-02
1.872925699356842513e-02
1.859441736690039051e-02
1.731958067302572998e-02
2.134302308662268388e-02
1.754448949953360190e-02
1.654715776666075902e-02
1.808707949056641631e-02
1.780137222419940490e-02
1.795109435260832872e-02
1.771990598800124092e-02
1.781524981176883099e-02
1.750268894772181311e-02
1.699553194749520851e-02
1.714063053391800054e-02
1.705753258388631802e-02
1.888749696005211087e-02
2.050789476652909241e-02
1.705922472575650481e-02
1.905588126520969122e-02
1.741817580194934129e-02
1.710903407538097096e-02
1.711170577512005284e-02
1.713468436525066377e-02
1.796558956598549861e-02
1.938268105772824462e-02
1.785684996106415290e-02
1.701893120389266420e-02
1.619849972166574961e-02
1.834917744689562938e-02
1.630418100717333577e-02
1.851652405249411965e-02
1.650639602753288526e-02
1.922640787581697888e-02
1.716882605041073970e-02
1.791304760421299352e-02
1.684995933727346032e-02
2.083036681153426634e-02
1.673518787161928922e-02
1.809318015400666890e-02
1.723328799963543684e-02
1.862748508207845433e-02
1.896150315322744917e-02
1.685924026050706140e-02
1.787590918962567166e-02
1.597603226537435209e-02
1.911484417977393768e-02
2.015921835072574317e-02
1.797035006122370271e-02
1.543078072845272160e-02
1.765238659981074529e-02
1.853008934914029612e-02
2.017128045038148187e-02
1.735069843380660642e-02
1.713198791552535127e-02
1.657578067473055097e-02
1.533075642533205524e-02
1.679037247598086022e-02
1.615565316553334296e-02
1.709572855987231618e-02
1.672230408407397728e-02
1.625180209379001664e-02
1.821093019547517095e-02
1.720605250837946992e-02
1.685427602543708783e-02
1.635737919708599164e-02
1.744726811665730723e-02
1.699203413865759543e-02
1.751358778575544048e-02
1.529677016026650092e-02
1.711138591716887883e-02
1.620250849778536936e-02
1.658138781180308607e-02
1.666101120333316615e-02
1.674238234408584325e-02
1.502716478181987184e-02
1.738381004707068370e-02
1.785538658300533585e-02
1.664224380967010974e-02
1.588979904731227175e-02
1.584122892614105160e-02
1.618549215208517356e-02
1.601470108891222058e-02
1.635193974275853807e-02
1.543995236048375207e-02
1.567331113616204571e-02
1.555727096965078132e-02
1.643967560994422442e-02
1.777632986568102730e-02
1.568517527779065418e-02
1.547693858411531599e-02
1.663575845063095318e-02
1.545168532488230134e-02
1.838989719441525700e-02
1.714215116659717139e-02
1.694758391122628410e-02
1.567424246396367446e-02
1.578741161259265141e-02
1.566102489763928490e-02
1.569333877326906795e-02
1.757461028292182578e-02
1.484901125274894901e-02
1.500123839722324742e-02
1.708208183666452135e-02
1.547299417605097274e-02
1.572463635918871019e-02
1.534689052104979724e-02
1.630628223989710052e-02
1.637435290943349900e-02
1.544499953835130196e-02
1.642065794336370135e-02
1.518300889642486794e-02
1.608337884575811866e-02
1.795689669655664913e-02
1.558062821494245534e-02
1.517717445112679898e-02
1.462932510254063949e-02
1.577612454675380443e-02
1.592625995867919669e-02
1.661153730734462458e-02
1.674959381536588604e-02
1.674596773924877727e-02
1.660270323240573692e-02
1.555294849038771701e-02
1.573333131246606661e-02
1.512577454064406232e-02
1.561844963015057534e-02
1.663537992084663034e-02
1.564993558566304954e-02
1.715136493381965582e-02
1.540656751035106471e-02
1.489823230081142522e-02
1.629323719773918822e-02
1.451467323714519982e-02
1.572380474461420805e-02
1.538689733565129850e-02
1.487086865895721234e-02
1.409070712133739592e-02
1.508254368880150229e-02
1.588923478458347666e-02
1.498771347217561604e-02
1.521518889676039439e-02
1.486590499084915543e-02
1.535862827395420745e-02
1.546568477920880029e-02
1.530012382267772857e-02
1.607872439811269122e-02
1.641549108754307429e-02
1.569608350837725652e-02
1.555468357084153867e-02
1.507248327243495938e-02
1.334297583635783019e-02
1.553566168472360863e-02
1.572719978517462050e-02
1.752544988434654588e-02
1.269679270147951872e-02
1.615746672349099161e-02
1.473210822177772189e-02
1.606911583436511359e-02
1.401901538808753012e-02
1.452119898449370089e-02
1.434564790216005109e-02
1.427090690530452219e-02
1.441708295671546500e-02
1.538259348058079561e-02
1.456238533449741475e-02
1.315014653045669564e-02
1.385068477517603820e-02
1.458872249370876673e-02
1.467040587938894802e-02
1.436866596719896250e-02
1.480937431338808646e-02
1.436896712628920290e-02
1.511072109498113984e-02
1.675980755937555786e-02
1.328526167411464912e-02
1.459013221172324008e-02
1.400352219400248857e-02
1.423710886833462128e-02
1.461057937653592251e-02
1.710002189882475071e-02
1.374462524622352584e-02
1.390356002540447250e-02
1.482886870540775850e-02
1.407286440722873254e-02
1.460880131883738470e-02
1.698101099161016675e-02
1.391594941341613330e-02
1.443810397972688717e-02
1.584550870130736755e-02
1.332557285340175632e-02
1.467296530031336407e-02
1.745306114191691460e-02
1.382046653962600707e-02
1.368795959121758311e-02
1.413500941426472889e-02
1.586310654079094509e-02
1.402175974909318154e-02
1.484276111444542655e-02
1.444731552819255790e-02
1.386303241058561668e-02
1.443842314755298603e-02
1.452213688571311542e-02
1.325600962404550193e-02
1.448473871045215765e-02
1.470079820999572323e-02
1.485293106988858775e-02
1.367053889669270043e-02
1.348235491677638072e-02
1.489025706499793288e-02
1.452563405515563261e-02
1.340475703353005699e-02
1.475145260602475812e-02
1.452396096768550707e-02
1.492036242441980957e-02
1.370662750236718505e-02
1.464297739609503844e-02
1.378951884002888040e-02
1.525692553720940821e-02
1.465191086727509612e-02
1.452467699119383386e-02
1.364447576658972192e-02
1.375736735900665725e-02
1.326863307134104261e-02
1.316261920979448080e-02
1.392662435355059534e-02
1.376643431624260776e-02
1.420434825853353171e-02
1.349799964364855123e-02
1.376567553012759786e-02
1.398208535312542994e-02
1.437207225790098492e-02
1.335578505625632448e-02
1.296939779170072811e-02
1.305986407752769869e-02
1.413716383748505299e-02
1.505301271671961351e-02
1.346403104306341698e-02
1.286730832544402681e-02
1.368277216349110710e-02
1.287582762665373699e-02
1.366275865440107554e-02
1.249852779693368804e-02
1.341442569380978632e-02
1.411787892793630109e-02
1.242726033266432044e-02
1.285088807641368742e-02
1.541280209248855650e-02
1.368018431552306576e-02
1.322843104508406378e-02
1.339854594619459792e-02
1.319329753793766109e-02
1.375011793073805701e-02
1.291285581666110419e-02
1.406357439316166351e-02
1.181188686341545606e-02
1.433683137281207068e-02
1.377291435101122945e-02
1.249962453492479454e-02
1.199220160901936366e-02
1.340473692080208605e-02
1.193568022771229059e-02
1.273472924431765137e-02
1.431936205302357899e-02
1.415693964403492815e-02
1.480019425812405948e-02
1.235376856336232315e-02
1.315282296920503198e-02
1.172130273947396932e-02
1.293432818070221549e-02
1.279393812849441078e-02
1.298850126130592433e-02
1.254474991181262281e-02
1.106849511190374780e-02
1.208872767570164791e-02
1.330789214978300716e-02
1.211145635936592899e-02
1.438432566507845574e-02
1.335456077632062206e-02
1.331797674390219031e-02
1.249656248275729693e-02
1.211063318002810092e-02
1.253110153511675234e-02
1.206542217728404261e-02
1.193262561004949582e-02
1.241009534164835490e-02
1.275017240781052899e-02
1.138748376837624317e-02
1.221925959307485973e-02
1.211186919921866494e-02
1.282293644152586974e-02
1.170135227822372698e-02
1.319972226075051720e-02
1.281650747693283479e-02
1.252195510449322091e-02
1.152189405934159021e-02
1.224673383117799545e-02
1.126952701528523976e-02
1.182659686757385128e-02
1.238720214252308355e-02
1.193005817031355352e-02
1.177807693715155618e-02
1.100107786131848675e-02
1.170319058866654133e-02
1.272920079010802716e-02
1.336731226605042747e-02
1.185874373302031257e-02
1.281976750028539398e-02
1.276532938344525879e-02
1.145999170793088676e-02
1.100642234490691561e-02
1.175603834879958808e-02
1.165350724705454047e-02
1.323577623914204068e-02
1.212553775734873975e-02
1.114286720169547877e-02
1.218144137491720264e-02
1.150622066300814074e-02
1.215259496995467654e-02
1.209503090616095844e-02
1.253795964871643083e-02
1.052818678960714890e-02
1.141196936696061218e-02
1.215668805585544236e-02
1.272762580034060911e-02
1.142154569438766365e-02
1.162881660835204597e-02
1.121729427496927396e-02
1.238127083494374933e-02
1.192109267416383012e-02
1.156913927779419128e-02
1.357372295675792276e-02
1.108909023999105938e-02
1.255870779360716318e-02
1.198721295930751767e-02
1.227873852791333716e-02
1.084709673212807049e-02
1.157061423680798978e-02
1.110002098736542070e-02
1.387294186846586494e-02
1.167361268526852409e-02
1.201711146505193666e-02
1.090967486108600053e-02
1.149867481641214488e-02
1.082899188730530177e-02
1.202607893093437033e-02
1.223215654920699683e-02
9.891147986409866422e-03
1.137634519617772115e-02
1.130005153933166979e-02
1.126978866905302759e-02
1.180873744194539145e-02
1.454353038863697919e-02
1.032746915071250729e-02
1.020823647015236917e-02
1.134274503872772198e-02
1.060874264704666364e-02
1.067843794566774966e-02
1.349123416623885553e-02
1.041928309375137786e-02
1.199424881431642234e-02
9.463697714558079455e-03
1.161438379157583162e-02
1.066707116526155116e-02
1.036633253945898510e-02
1.105982066881997829e-02
1.343622007882354537e-02
1.151000307186828692e-02
1.028730960492692595e-02
9.955200578150953314e-03
1.096706660023396424e-02
1.042462573956608358e-02
1.143204445419605288e-02
1.054074618907646296e-02
9.812313865386583164e-03
1.127984696356092338e-02
1.125050674816104219e-02
1.102903944220955806e-02
1.054998970177000069e-02
1.024414651869218207e-02
1.087346438157436174e-02
9.574626441193894930e-03
1.063542767250202220e-02
1.032724121252912367e-02
9.760709830147805757e-03
9.217490231230435899e-03
1.162672532859217525e-02
1.110259420238195877e-02
1.171249137116674860e-02
9.879806708272566990e-03
1.058961971063732133e-02
9.990371057159342857e-03
1.035719751551061885e-02
9.711115080235655991e-03
1.048134829649883040e-02
1.008863829326880554e-02
1.022762316437705529e-02
9.485749157535734374e-03
1.042139739980201679e-02
9.269959598498463821e-03
9.950590174927997911e-03
1.063127848352151371e-02
9.757622256913652328e-03
1.033084002185691470e-02
9.402759977071451641e-03
9.626624255274295050e-03
9.829560351743918054e-03
9.952205902404136217e-03
1.046650750387192325e-02
9.496705646441807452e-03
1.006165224658621925e-02
9.621486403293981818e-03
9.815498085102377160e-03
9.469401350496318287e-03
9.446562875100261714e-03
9.837397442141158216e-03
8.863893897291558188e-03
9.956683248655987320e-03
1.066799333019750537e-02
9.162580160317224803e-03
1.021259053123771063e-02
8.947824166813557814e-03
9.646639755900075427e-03
9.631094678105663401e-03
1.019144353362663388e-02
1.033401826220903437e-02
9.164284215979610904e-03
9.449992971838152428e-03
9.564457078388623884e-03
8.589002308628078050e-03
9.712445735489232124e-03
1.007582455094358301e-02
9.984558121525559729e-03
9.327906503373568914e-03
9.499295338930856952e-03
9.348961300814220138e-03
9.406731775176788851e-03
8.718161185372464220e-03
9.112759074771234133e-03
8.574574430294712793e-03
8.570311215317384310e-03
8.983815892477009860e-03
1.014045411303219485e-02
8.327075306098387711e-03
1.106576742588870690e-02
9.560431146473787403e-03
9.404606446666009117e-03
8.739919822481302322e-03
9.244985566288603518e-03
9.888367234009662679e-03
8.135214293758928628e-03
8.842127308240950098e-03
9.605216367314799858e-03
8.846541641844342732e-03
8.509545435411504030e-03
9.606172024011332480e-03
9.531294231866792310e-03
8.869083001470828495e-03
8.707086749666618011e-03
8.888737857947130727e-03
8.710350546609482020e-03
1.007677908301272268e-02
9.059979062499346966e-03
7.770166509571462508e-03
8.167424185764967162e-03
8.207648587153483499e-03
9.066365312681784819e-03
8.203731578063684290e-03
8.014812982300745584e-03
8.499719830758055428e-03
7.698303806143043902e-03
1.037782506096237775e-02
8.101654685028391450e-03
8.957918588337219698e-03
8.359759149305933529e-03
8.251346973472580004e-03
8.639433788064459357e-03
7.906026436085979853e-03
8.422877759554716487e-03
8.554905561760512908e-03
8.363565267352655527e-03
7.905052610680293745e-03
7.894354454273756760e-03
8.631842789743573302e-03
7.267280979946800015e-03
7.832910975075926471e-03
7.896553813465025107e-03
8.317482147850939131e-03
7.702883054213077382e-03
8.469327620999750339e-03
8.442938363283518377e-03
7.723422673348196398e-03
8.092943366750650694e-03
8.245831683943501134e-03
8.714280309462934040e-03
8.116754554980185402e-03
7.800445479005228312e-03
8.006438281782891561e-03
7.949344553176841688e-03
7.380431281105326313e-03
8.302422103423202568e-03
7.048451538098297539e-03
8.674864146500758585e-03
7.755353758462269972e-03
6.769435842775770040e-03
7.793719889073478201e-03
7.798083736951236938e-03
6.874477052372539830e-03
8.028511718035544545e-03
6.688636431903719794e-03
8.622750907252304739e-03
8.486054440553971595e-03
7.918646840713073481e-03
7.287474811206733245e-03
6.632211106389353759e-03
7.699745838823159397e-03
7.010110198228564592e-03
7.367797894102051659e-03
6.785576652213161711e-03
7.236196865925271018e-03
6.854838395994719905e-03
6.642130113623353344e-03
7.443048100774831040e-03
7.277941521597900733e-03
7.475853780712781935e-03
7.606337423960551902e-03
6.678700740617328838e-03
7.407709824403947187e-03
8.492142735240643808e-03
6.609388322755019654e-03
7.025651244999756538e-03
7.093194972534743424e-03
6.560532777078093708e-03
7.528141097001638839e-03
5.925671634035183273e-03
7.080557124067911670e-03
7.269138959054182066e-03
7.330456608068734205e-03
6.065964827400972467e-03
6.938694721763251187e-03
7.408468766271433109e-03
7.826832188221687081e-03
7.030003720883387652e-03
6.165837873148754221e-03
7.631178644147798215e-03
6.277340815497529057e-03
6.729130865921350083e-03
6.365339260341900188e-03
6.250067624045146930e-03
6.420718876713752549e-03
6.942351022310271937e-03
6.059012548543320914e-03
6.805523713305912555e-03
6.324165593929966488e-03
6.180142660467033942e-03
6.948995897265788056e-03
6.820431975437991727e-03
5.651235069581419732e-03
6.637702288656162006e-03
6.329344487612724272e-03
6.259357699472197292e-03
6.296004882861910325e-03
6.232811662401994794e-03
7.030803798316409906e-03
6.310892209874824355e-03
6.818162211177787070e-03
5.856491737923937360e-03
5.579374449589520786e-03
6.254364922699794278e-03
6.196010923537655264e-03
6.377372069721361572e-03
6.401338393838236669e-03
5.923314331058808675e-03
6.085230428543862355e-03
6.968368611370443812e-03
6.099138929329321439e-03
5.312458156970948329e-03
5.879346186261806030e-03
6.289325198450631052e-03
5.680271554764074714e-03
5.591226693717245462e-03
5.083142294404338277e-03
6.166306903611023550e-03
5.759810408718789472e-03
5.225772895269842691e-03
5.768402253258023658e-03
5.498851243373454115e-03
5.815841105564530621e-03
5.716303967814745715e-03
5.274597959610117723e-03
5.365098653722177521e-03
6.145497766113570785e-03
5.724090203493127985e-03
5.027185325971951675e-03
4.621673850161470490e-03
6.171678495838766633e-03
5.663793171157415797e-03
5.330522864382873302e-03
5.608603073341327135e-03
5.305183147015043142e-03
5.879268238658594617e-03
5.405602995804243555e-03
5.256661316098595362e-03
4.659535199712984237e-03
4.895269640842424969e-03
4.977750198407894684e-03
4.891944091641961014e-03
5.149404290434118382e-03
6.550639328810359610e-03
6.428307781038907452e-03
4.860507629554121529e-03
4.962379836206860968e-03
5.401824976458390222e-03
5.332584766085556559e-03
5.603548807238983853e-03
4.791421876063958057e-03
5.876287568800260368e-03
4.929655026312398242e-03
5.435858699084452662e-03
5.370756628209628382e-03
4.838200212515743684e-03
6.309958286595236318e-03
5.612406645627365277e-03
5.140196424772624714e-03
4.765953776849766663e-03
4.813448572820387163e-03
4.959588615471993700e-03
4.333552347908141596e-03
4.958602906057556561e-03
4.660115806047884085e-03
4.695309611885773761e-03
4.418578552221046930e-03
4.788282222494192816e-03
4.370215685203840926e-03
4.802890503334988036e-03
4.252651010547729010e-03
4.509151208136047764e-03
4.115990812294825080e-03
4.504844515884686568e-03
4.916143646079741344e-03
4.167600079937752201e-03
5.321028913731404991e-03
5.385682168778433213e-03
4.533188947999264654e-03
5.284454170567322480e-03
4.199682506522093954e-03
4.072571829638260525e-03
4.734453682440062372e-03
4.805984046828064987e-03
4.177497739937112084e-03
4.557669223528537997e-03
4.326720648680652641e-03
4.029007321289481379e-03
4.888648323964435785e-03
4.078451282855997603e-03
3.969365423161669640e-03
4.108511352662582751e-03
3.795170687179192943e-03
3.972942662024950625e-03
4.775420502036222328e-03
3.635308147049251103e-03
3.747190508311757772e-03
3.630651539979129917e-03
4.193010048635323686e-03
4.992835871310032959e-03
3.674664361003743621e-03
4.507833066563689609e-03
3.613291150442468624e-03
3.921696693423866627e-03
3.840620737692632992e-03
3.600532117878047205e-03
4.370157004926921232e-03
3.586174951044753499e-03
3.611919505708414708e-03
4.324253198578153178e-03
4.343179113541996081e-03
3.615247280237745588e-03
3.468744040275893465e-03
3.777566619684902781e-03
3.737765981322353336e-03
3.286524618047398719e-03
3.932619513278333943e-03
4.120506618660344650e-03
3.317696233166848429e-03
3.663988961087038913e-03
3.974201542985049407e-03
3.443850145005117325e-03
3.434680522337096604e-03
3.548951062339843632e-03
3.406499173101158739e-03
3.482264125217441122e-03
3.431684581206627914e-03
3.397055565000286093e-03
4.323005160755455378e-03
3.344038240238288596e-03
3.358095472606688336e-03
3.688884904057154138e-03
3.411970479213223204e-03
3.041788310685107112e-03
3.584841526144239357e-03
3.084087168989825718e-03
3.334228216688293455e-03
3.185784760934450965e-03
3.345402441822015963e-03
3.287248531394271027e-03
3.377856475320991161e-03
3.188824818222993959e-03
3.141833821997056485e-03
3.187375592908963783e-03
2.848000329651601426e-03
3.400923620859010611e-03
2.737051158549874078e-03
4.823694548423665754e-03
3.499183886558558231e-03
2.959794881314816665e-03
2.729478700289111447e-03
3.532630546363548733e-03
3.380727353670796680e-03
3.186856980331949363e-03
2.965346363296011978e-03
3.485063847017847837e-03
2.811054017037943435e-03
2.808292912688660319e-03
2.969259304220412884e-03
2.873098442893615590e-03
2.833321104851763313e-03
2.650600310637155239e-03
2.846302301368122938e-03
2.794356214183680350e-03
2.818594089370678180e-03
2.557614883391529353e-03
3.291665898778938903e-03
2.493098192624170970e-03
2.651855445565524418e-03
2.438173600018913537e-03
2.527712713422663494e-03
3.045124037044441914e-03
2.735714546011328799e-03
3.114676694558650427e-03
2.887726606237386428e-03
2.488081633213202852e-03
2.810544876912636145e-03
2.775923140706427431e-03
2.480793350619707113e-03
3.892540824525767430e-03
3.591060841754878993e-03
2.359424839844350471e-03
2.990397571653757858e-03
2.369384146398110635e-03
2.581849493094199362e-03
2.516033680666739970e-03
2.549114209247027151e-03
2.278397844550267108e-03
2.152011644550963065e-03
2.891650854381438377e-03
2.397204326040227370e-03
2.279909261593958403e-03
2.552587698808660502e-03
1.923977934853913574e-03
2.624222614142082948e-03
1.939115832543265600e-03
2.043359089523453988e-03
2.089422147956515163e-03
2.061079675660541354e-03
2.041357464645059561e-03
2.055162278207722619e-03
1.985433911070139893e-03
1.879255634735887363e-03
1.957015095192160461e-03
1.888716452794906523e-03
2.273087129050110032e-03
1.871654367023702385e-03
1.901876625871071376e-03
1.727442579894464085e-03
1.907665411822110496e-03
1.758643481722233339e-03
2.185174185803120082e-03
2.119005165468347118e-03
1.847119296555787020e-03
2.122777298851688792e-03
2.033572310506545373e-03
1.813494286339938652e-03
1.864705316271946921e-03
1.809861536038039542e-03
2.178783794370346954e-03
2.292869692860382246e-03
1.638681170127320556e-03
1.822695668988093048e-03
1.691079000671613436e-03
1.916275437307534855e-03
1.707520692524284577e-03
3.090683175558601396e-03
2.252397205939996559e-03
1.902516150758736587e-03
1.481247163667637591e-03
1.950299120391749260e-03
1.937212206145601679e-03
1.806764754294981493e-03
1.511421667097431537e-03
1.542572095676114467e-03
1.604687594490935686e-03
1.369541483296942341e-03
1.736823036912678395e-03
1.676564351523031566e-03
1.464807720488695876e-03
1.544767824611048123e-03
1.398137903235881522e-03
1.652748848034905427e-03
1.317944486745718964e-03
1.624971345150123120e-03
1.822035611765827293e-03
1.369897370106640776e-03
1.355588366863324894e-03
1.410630354517280940e-03
1.479733027256098423e-03
1.568853364436925777e-03
1.675288882795866827e-03
1.862684017878877283e-03
1.225723427047097514e-03
1.608741039806313965e-03
1.632007566569297760e-03
1.020736284947976191e-03
1.568148093206408415e-03
1.495558646637061952e-03
1.473895923994684174e-03
1.743961062738434275e-03
1.916902532961050351e-03
1.442602075678034012e-03
1.560035452082480806e-03
1.648538922979559274e-03
1.950116705670604852e-03
1.216132164018105064e-03
1.410167962357069399e-03
1.320775696065819294e-03
1.397038152680224769e-03
1.183573518369189633e-03
1.404830763649481031e-03
1.112514609937033817e-03
1.172547588194362703e-03
1.254582066631631816e-03
1.116175372379594891e-03
1.151506629362744052e-03
1.051794339144396153e-03
1.040096032505242107e-03
1.188396194392970021e-03
1.204042557407699644e-03
1.217052170923851612e-03
1.148533875377794533e-03
9.381385768128411252e-04
1.274958612027994988e-03
1.321516615433141525e-03
1.111845141435003877e-03
1.334097986761402206e-03
8.011604972225332003e-04
9.119084490603132512e-04
1.133176618787414382e-03
9.178882261348709787e-04
9.043839714947825466e-04
1.058280451140408869e-03
1.132487216622922455e-03
1.145899682949699967e-03
9.233041870020318150e-04
1.757589142978554066e-03
2.378706524921896277e-03
1.401382461611160816e-03
1.626992404378354217e-03
1.612303304586469154e-03
3.597058968289038993e-03
1.932502020680573578e-03
1.771103688608733403e-03
1.706256651515159059e-03
1.253211031507236875e-03
1.368208353516200569e-03
9.130990223617223983e-04
9.119995360976565360e-04
9.323833031479104817e-04
1.142865172667206991e-03
8.487737609582460003e-04
7.493472558674994224e-04
7.524349052044769807e-04
7.138645037479162455e-04
8.353989500171147805e-04
7.489166088395080760e-04
7.616464472914211787e-04
7.925543433533402274e-04
7.291965642853399064e-04
6.617386793178607922e-04
1.067892677908400829e-03
6.736266240755550997e-04
6.768753790912710290e-04
7.120387978969448198e-04
6.433116507155929890e-04
7.112624291171604739e-04
6.922974445738058584e-04
6.946562962268511927e-04
7.637563490714259365e-04
6.833434666366999767e-04
6.811843745288009193e-04
6.640031503436837155e-04
6.962916591067297304e-04
7.136010830379693097e-04
9.978858080665433707e-04
8.811390581997565049e-04
7.878668379284663268e-04
7.652379505671147051e-04
7.940051640386137184e-04
5.879189028588656775e-04
6.679802295341821187e-04
7.142337494086151237e-04
5.905096549318814263e-04
6.226647683885052622e-04
6.567828746565823649e-04
6.047972875295854443e-04
5.917463076587496955e-04
9.130682418263603214e-04
5.975679941985497868e-04
5.828094739349459720e-04
5.703891115622932882e-04
6.345477909190749789e-04
5.943570697464127485e-04
5.350609187510577255e-04
7.503364390247466717e-04
8.460175436959821308e-04
6.668212253790676810e-04
7.865645090065344174e-04
7.826765733024278280e-04
9.270372803261751633e-04
8.873511672105737109e-04
6.244764986891716656e-04
5.083727495538965888e-04
7.058895886304253440e-04
6.423115587883877504e-04
5.366097904029345752e-04
5.684402536872243568e-04
4.573714774834244175e-04
6.342033348927926008e-04
5.964157856027477731e-04
5.331346374368660899e-04
6.340402931187348991e-04
6.623280018562816267e-04
6.056734657073586763e-04
9.452722662636898468e-04
8.040070645183196437e-04
6.206849624266721393e-04
6.527944641880743153e-04
5.443511526701390020e-04
5.368517836501471340e-04
7.194450229113350274e-04
5.922518172850030392e-04
4.925571801864254799e-04
4.301501502194218286e-04
6.153672924863926551e-04
5.249772301518858698e-04
5.139895602311015960e-04
4.360821573170552330e-04
4.878246317816820748e-04
4.109850117767381095e-04
3.346855284763519114e-04
4.341531246336274765e-04
3.775638987452025310e-04
4.439113653920557633e-04
2.825769929745294644e-04
5.206919874838121607e-04
5.691084325041737783e-04
5.295353980308748930e-04
1.439168329775923150e-03
1.351941726083415781e-03
1.188305994740137227e-03
3.620681919440278847e-03
2.349101653276839015e-03
1.717457278715181284e-03
1.205764899669253603e-03
5.910830941147856860e-04
1.035470140561681575e-03
8.239801277181991708e-04
5.461323303466036503e-04
4.333584480994111536e-04
4.937016248340397959e-04
3.732278489697729638e-04
3.231217124694203192e-04
3.414957773474592792e-04
3.791119591978250728e-04
3.591196565790726069e-04
2.773748929541890434e-04
3.236580495925108674e-04
3.200066963499854445e-04
3.065167021992901467e-04
3.545723841608334538e-04
3.866513173447261352e-04
2.690332989273979281e-04
3.111531405828315568e-04
2.843222189399420151e-04
3.009793033569784729e-04
2.564185388047641621e-04
3.063604176967777608e-04
2.995342591271157157e-04
2.660341783701239632e-04
2.755076431240818520e-04
4.239084881771806672e-04
2.208106787694326910e-04
2.449605937567021297e-04
2.954589815753489042e-04
1.653477448931632251e-04
2.978301635909982913e-04
2.129163086079997023e-04
2.914836292310117377e-04
3.002690628648751786e-04
3.218178194153328538e-04
3.042268791244805127e-04
2.783081553259581561e-04
2.928946848321501133e-04
3.332755877236496514e-04
2.849221320383350255e-04
2.605380072315664655e-04
1.662478984851424428e-04
1.803509876280935307e-04
3.304975069416553378e-04
2.550772737859958116e-04
1.891738320099650738e-04
2.019633578226121072e-04
2.408284052331743604e-04
4.229624691619026126e-04
3.391804307972280381e-04
6.085746368353674987e-04
4.645834990006700695e-04
7.457718206975340195e-04
9.326905956134070273e-04
1.021319901664293492e-03
5.212457281205813394e-04
4.574322143564088917e-04
1.270851593182942578e-03
1.146318715448889488e-03
1.950065016854254062e-03
2.330443276191355127e-03
5.980157074602281218e-04
6.267286603671029131e-04
5.199935064451589829e-04
5.036240824600059880e-04
3.342354076408027329e-04
3.176540603444218472e-04
5.295910932534857087e-04
3.101067497313157013e-04
2.735618709304220926e-04
3.683701838174658857e-04
4.050825281312473076e-04
4.501858285102101182e-04
2.640258024007878838e-04
3.777043878972762307e-04
1.786573352685369529e-04
2.520901971536366310e-04
1.961240744209058202e-04
1.988259953928418224e-04
1.475991056221688286e-04
1.782776814252886601e-04
1.244675089142965950e-04
1.341751346295975587e-04
1.660562225813746746e-04
1.425493038545184847e-04
1.184297206585721655e-04
1.235242372911668778e-04
1.571821844471758627e-04
1.190332626109914349e-04
1.250209144368769065e-04
1.791488726986484943e-04
1.601603714296854684e-04
9.875083611840599880e-05
1.189591178214777505e-04
1.555526992569750675e-04
1.951017115072298572e-04
2.480122677548874722e-04
2.684845692697506283e-04
2.009974396539988492e-04
1.742425633348866491e-04
1.790359220124723076e-04
4.374181113425872959e-04
4.926808962375490248e-04
2.330539237773797791e-04
3.397895153920060460e-04
2.049672232205457440e-04
2.297736215198024857e-04
3.441310512484158459e-04
2.323395270719582348e-04
2.686786566671056794e-04
2.591271540524798123e-04
2.681150908435988417e-04
1.714151814504411367e-04
1.689251031030378799e-04
2.337103285430468095e-04
2.294912350552788050e-04
2.160827571189482470e-04
2.906911121809778713e-04
3.018856049045956524e-04
2.673724751044399351e-04
1.357422595335696053e-04
1.498072540718907344e-04
2.273001365077225203e-04
2.087590307037599942e-04
1.554032149009067785e-04
1.469927784082276912e-04
1.470221554368637547e-04
1.398088318746273971e-04
1.287961758068392249e-04
2.866027108705878224e-04
2.341311296902940926e-04
1.151023018398024845e-04
1.508574477258685961e-04
2.787207315136477122e-04
1.679951513977463566e-04
1.681741791136123082e-04
1.048529443712635674e-04
1.072452423323150701e-04
1.073187310212866811e-04
1.832732005602272446e-04
2.715588545571110866e-04
1.818346756517372708e-04
1.667580856858762325e-04
1.373811071447921482e-04
1.891459375083657721e-04
3.428213010718348785e-04
3.302063962102687929e-04
2.245820036773422295e-04
1.495731214757762824e-04
2.774400818898954723e-04
6.630845045293902538e-04
5.632948810937273747e-04
1.092676503012429776e-03
4.868110390278124200e-04
1.876070983328865193e-04
5.057807507556804413e-04
4.195619385004281318e-04
6.123286923576490596e-04
4.218448444174429735e-04
3.301915125489234123e-04
2.592353716879899233e-04
1.965088236688201299e-04
2.907689644719688203e-04
4.421452899230686961e-04
3.538020573245443203e-04
2.574379159392804306e-04
2.380013541185817619e-04
1.462891207660122297e-04
1.052287186763590680e-04
1.967550264268569686e-04
1.253731893925151195e-04
1.649096957658634103e-04
1.930783693975779121e-04
1.512539723066863464e-04
1.275467559792429931e-04
1.614985878673269929e-04
1.717197661387059166e-04
1.075121522157926470e-04
9.347790497299836700e-05
8.524734811130508692e-05
1.074490475538699070e-04
1.041302203989879810e-04
1.030963155687516212e-04
7.763549767437458215e-05
1.166934825531652212e-04
1.112533437455394251e-04
1.056307886161088881e-04
8.899137312617790647e-05
1.139049083802414820e-04
1.763596773816709202e-04
1.084396396995926913e-04
1.046006462361813698e-04
7.964567196189149866e-05
7.905698471380569138e-05
8.091938583696616611e-05
6.827605261247535206e-05
9.949041413644269330e-05
9.945350589075335865e-05
1.097654930455626329e-04
9.453169073656529642e-05
9.389264675484758219e-05
1.494422073772106016e-04
1.332035656904831497e-04
1.661200182233661909e-04
1.878779918500088396e-04
1.259690621265433300e-04
8.150161503977384841e-05
1.185482788765531478e-04
9.497049648445006270e-05
1.873709713760867345e-04
4.690219225017228728e-04
2.714104541875087613e-04
2.713157941552478023e-04
1.803964437800177373e-04
2.459819403457441309e-04
2.202853900536429449e-04
4.179611116623651234e-04
4.639077740821956428e-04
5.326394549890692146e-04
4.163780069824354804e-04
2.930521817652060484e-04
1.234399813902457160e-04
2.156359706901206136e-04
2.217547575309516278e-04
1.317866213423412680e-04
1.577232428457701798e-04
1.373307649515011642e-04
1.726467256855870750e-04
1.552745506119246029e-04
2.164900383432419751e-04
1.597171129638656133e-04
1.217020604137274820e-04
1.214001472571688711e-04
1.164071333722156140e-04
1.927299813093325031e-04
2.664907101823993027e-04
7.743962108528330271e-05
1.351574622117602468e-04
2.070063389847470953e-04
2.276692233231181954e-04
2.680525926346414081e-04
2.085088257540149603e-04
3.613959735170828975e-04
2.390391690786066380e-04
6.576647983396181245e-04
4.181115218442532839e-04
2.454618505217373895e-04
1.974519179283955837e-04
4.591535013753393710e-04
3.640923720587321269e-04
3.730912649020770360e-04
3.713942331144561666e-04
1.940222411024179446e-04
2.010819999351955525e-04
1.337064535208304654e-04
2.300258600838231936e-04
1.956928852429273250e-04
2.243434658824310253e-04
3.838229528198632370e-04
2.078434668725316376e-04
1.248241097916587522e-04
2.060632691445960234e-04
3.270385318534233714e-04
3.070558682036866579e-04
2.316283920358746010e-04
1.512172637170999009e-04
2.258902723247745950e-04
2.497982870406129812e-04
2.418504273326429826e-04
3.144611990451416260e-04
2.426808196742567467e-04
4.251373069765988907e-04
2.981605363111515809e-04
1.725732158398517180e-04
3.119707915699657802e-04
2.702583242726927363e-04
2.471489134587553449e-04
2.093833358597219215e-04
2.243261427041878017e-04
2.501494973234597236e-04
3.668941297881176322e-04
1.960617187135517045e-04
1.400202866495004730e-04
1.934592283203343107e-04
1.757729271789409747e-04
1.588589434629445992e-04
2.030097286953373682e-04
1.765850265719781697e-04
1.610761833615324606e-04
1.903810474329832331e-04
1.943171004231520835e-04
1.067202160679541184e-04
1.502116243769796187e-04
1.425501383711011666e-04
1.690870433780860378e-04
2.214303149819851280e-04
1.588470562157075368e-04
1.631314884370398989e-04
1.291156100151726386e-04
1.263791680804998805e-04
1.835770802994959557e-04
1.446830903793941241e-04
8.908246250690675448e-05
2.222207108038337848e-04
6.199680355188692425e-04
1.591880198739934176e-03
1.784825850839715389e-03
3.101683031792794136e-03
1.696400574712018461e-03
1.016165695311133186e-03
1.018679396244605902e-03
4.641016026592999265e-04
3.997317592368412691e-04
1.769216109779414125e-04
2.439707204529389896e-04
2.437089675750039560e-04
2.182576836781759155e-04
2.546118012137837060e-04
1.807657800385948006e-04
1.968574588364444683e-04
2.451120872288914485e-04
1.864770666764578632e-04
1.267466972856644660e-04
1.163607602398933675e-04
9.680610493115317055e-05
1.128308171033351909e-04
1.422123603349522108e-04
1.125609305138119108e-04
1.744629992427429227e-04
1.098148374177699367e-04
1.334518114901577922e-04
1.238742970801400564e-04
1.304874038243066621e-04
1.058232407768918391e-04
1.348795174708783699e-04
1.173656519239306363e-04
1.049021695505122540e-04
8.820229825839869865e-05
1.257736434303986458e-04
1.651113411327889940e-04
1.458519426452137681e-04
1.171664858059348504e-04
1.145327414647038378e-04
1.495736189303970725e-04
1.252805002226529247e-04
8.478996044135041037e-05
8.240714807517457094e-05
1.333303483180014754e-04
1.731057223884651037e-04
2.040925949433135646e-04
1.172655898233753585e-04
1.996747152077271888e-04
2.031122855886359675e-04
1.775862992750443388e-04
8.277862178723965621e-05
1.329132292543577592e-04
1.130258630579258493e-04
1.746235186283077241e-04
1.298689720519005848e-04
9.759679240264946989e-05
1.211804955699792065e-04
9.765983817918176329e-05
1.357624200695908660e-04
1.507086401779150135e-04
2.787504643662692050e-04
3.726664235853250858e-04
3.248871869935981722e-04
3.182638483442886421e-04
1.350250136771229538e-04
2.387666201936379930e-04
1.865654337768840414e-04
1.278463642291070076e-04
1.543039868614149638e-04
2.674255851983371713e-04
1.661493087660740535e-04
7.586854550674683451e-04
3.020549177567877263e-04
1.583869807117223869e-04
2.220100622879007458e-04
5.582143272928792328e-04
4.081338824448462301e-04
3.402742270285758993e-04
2.056993525019679332e-04
1.493918602159480810e-04
1.524605490561264790e-04
1.560718249595794934e-04
3.337639179788924409e-04
5.110133782347808925e-04
4.072296413887121071e-04
3.602725855177552885e-04
6.422897372489642324e-04
4.147046713300568178e-04
4.572833202047859777e-04
3.322197032113996182e-04
3.004723199399569390e-04
1.932300217595987529e-04
1.453647065732944338e-04
1.985016811902064985e-04
1.886030828962042747e-04
1.219497405978055017e-04
1.365161531727470204e-04
1.385571283028458681e-04
1.503286743155598528e-04
1.405067299553531201e-04
1.510877637684980709e-04
2.076508156745497733e-04
1.240378194621995591e-04
1.636211264089819394e-04
1.343908854355579008e-04
1.098110012201308040e-04
1.239502337398667130e-04
1.076537688242250893e-04
8.863653207980456950e-05
8.101879156836975951e-05
9.662341602078685699e-05
1.446525399261910472e-04
2.564185266256714668e-04
1.438281354836035576e-03
1.674172130810354766e-03
5.152950059114506150e-04
6.392620236806217330e-04
1.087228675065624907e-03
7.253678073082194975e-04
5.126922719737932350e-04
2.884631777507552829e-04
2.492537151140915936e-04
3.177081302940607389e-04
2.228707756592546662e-04
2.397267954691642544e-04
2.238425882058354684e-04
2.725363054010867788e-04
1.689602517901184133e-04
1.235201180655892976e-04
2.308060511867117556e-04
1.642697995581012958e-04
1.456271599047396028e-04
1.699254285545869967e-04
1.890011430045950111e-04
1.070322415372360682e-04
1.352343722846474183e-04
1.168781527422855366e-04
9.137025622081947811e-05
1.212563367600551234e-04
1.007980764027598033e-04
1.157370766271486028e-04
1.376654800256394676e-04
1.211186620452528359e-04
1.866172254413330336e-04
1.791557021581807892e-04
1.107372310915805710e-04
1.658466548346665913e-04
1.733056393379396945e-04
2.203490936531840583e-04
2.910671824890148900e-04
2.919376393729332126e-04
1.404829769866824062e-04
1.464735567344249375e-04
1.213406289514765396e-04
1.752572410820664797e-04
1.613640644307462967e-04
1.960198033374660964e-04
1.951557429374969747e-04
1.863271999386874800e-04
1.598975198989403227e-04
2.108939035853350287e-04
2.109894495680926551e-04
1.541045483125851284e-04
1.472943693497420238e-04
1.169478942645552462e-04
1.168760738095915737e-04
1.459086196004173730e-04
2.185666405559399765e-04
1.556974665567175461e-04
1.343225287079549452e-04
9.502955331597452834e-05
9.694628188394136285e-05
1.721324252117028956e-04
9.738132431589765917e-05
1.358153214240865518e-04
2.222872708568649804e-04
1.543162383247001892e-04
1.098861327706205455e-04
1.856780956241954855e-04
1.397492372368037354e-04
4.010757287216444741e-04
1.780402077574515761e-03
1.602314906159571072e-03
3.252550184019603260e-03
2.966413223560083415e-03
2.006417516111492008e-03
1.404310758355038465e-03
7.713562805309657046e-04
7.078296603699396009e-04
7.336050143311285358e-04
3.980090397710335840e-04
3.041512060738356307e-04
1.785413539762975977e-04
3.145709032067948020e-04
3.354280707009288636e-04
2.405216214666490535e-04
2.376661337913544983e-04
2.043951256734021968e-04
1.922978978185512129e-04
1.536551275355593348e-04
1.672224177036549957e-04
1.784143531969962029e-04
1.719511329259827963e-04
1.702733545718002257e-04
1.901943449558911108e-04
1.382505048304387093e-04
1.307690839863517353e-04
1.478685929700232905e-04
1.418673128091547475e-04
9.709597329362679640e-05
1.238674266950705240e-04
9.865419405301635298e-05
1.152567538100826821e-04
1.037275891524974767e-04
1.142295975100711858e-04
1.659565809981709958e-04
1.102950128939182467e-04
1.248321082166139334e-04
1.398188902344270508e-04
1.121040369082849637e-04
8.729225262603894754e-05
1.036249050802882726e-04
1.024450470250230213e-04
1.224008871800647306e-04
8.239315487466015672e-05
1.193172132370203767e-04
1.912212035318362595e-04
1.635684135198748669e-04
1.621594374504843551e-04
1.402887627419191268e-04
1.677585873114097940e-04
2.197854189499824098e-04
2.109311388833121353e-04
1.791379826589300053e-04
5.677415754556364548e-04
7.570083185398057387e-04
1.080924301453133974e-03
3.734476333490163572e-04
3.206011396537800789e-04
3.237611345313486187e-04
2.185590268116945805e-04
2.017999083301666538e-04
3.234823220529077698e-04
2.607284128680627646e-04
2.361885364608255463e-04
1.714120278269494490e-04
1.623764217336644213e-04
1.092774033793296446e-04
1.653429286091978004e-04
1.283694200889073760e-04
1.971848784162524848e-04
1.740382915885286619e-04
3.108761652592834947e-04
4.809649652827433430e-04
3.329777975388899442e-04
2.961222415263901507e-04
3.261259706886247747e-04
2.586552237708810527e-04
2.820557603544988413e-04
2.237977554364879674e-04
2.320307319468359179e-04
3.108704651716909175e-04
4.520127522377074625e-04
2.726662150994888065e-04
1.455780420389530150e-04
1.501007278627529689e-04
8.376858530752148658e-05
1.026215308185026435e-04
1.904937312617924054e-04
1.401840340847066942e-04
1.162686399709648722e-04
1.343088416397406775e-04
1.240219755923507850e-04
1.266260480322490937e-04
1.008413945390097989e-04
9.965179419709574123e-05
8.386416685831719756e-05
1.198451008093195664e-04
1.290235824035607906e-04
1.460222707933422231e-04
1.473827449671392660e-04
1.147003644581824882e-04
1.029920304778272720e-04
1.016228396753022270e-04
1.112916925979995977e-04
1.304618347332103519e-04
2.177303329081059122e-04
2.292450457285829667e-04
3.053936849744720485e-04
4.462741331333839592e-04
4.546833052517270496e-04
4.185446171731021440e-04
3.186977414769765534e-04
3.486495663549438748e-04
1.973376387178214287e-04
1.626729913827745018e-04
9.232506530550680561e-05
1.056132966723872250e-04
1.469830751787336797e-04
1.018498481399421823e-04
1.676757157098407545e-04
1.530487996932125040e-04
9.431922255878917691e-05
2.177737703230392874e-04
1.581641385951961909e-04
2.180418309837607604e-04
2.660012405925675462e-04
2.529125186986276087e-04
1.813260712567989555e-04
1.900620898250572339e-04
2.969738582867055055e-04
1.625363498556508146e-04
1.596995646082104354e-04
2.031516842510085489e-04
1.366171317724456942e-04
1.569464342831323892e-04
2.446265114864857194e-04
1.944823596757431540e-04
3.200909764560117303e-04
3.666768792515683333e-04
3.177847107599133191e-04
2.480114742132644352e-04
2.809373525314496538e-04
1.269893842019793537e-04
1.661119791627041877e-04
1.289803678186794331e-04
2.538950632877123316e-04
2.336869672373295757e-04
5.134595877928192645e-04
4.389707518442928307e-04
4.420339457149975119e-04
5.566767926027869863e-04
6.925071190473643893e-04
7.016086998411883054e-04
7.177066339393048345e-04
9.120598455859171535e-04
7.326670497357698616e-04
5.668558579330917630e-04
3.511068881052678298e-04
2.613638641587173197e-04
3.473868108821863052e-04
5.052069882664824438e-04
3.219880829200168215e-04
2.861238807343120306e-04
2.335842768478087346e-04
3.668949848849399750e-04
1.989192960539237103e-04
1.410188934274055137e-04
1.388844924201284160e-04
1.840368261984995867e-04
1.811268441884954889e-04
1.822745043851591376e-04
1.935577408620848053e-04
1.325811393322172827e-04
1.474774824365363013e-04
1.333260886905860885e-04
1.052456419906111300e-04
1.298090638370926386e-04
1.052847246810199487e-04
1.204867624467329581e-04
1.058405716220873273e-04
9.842179855175850326e-05
1.055665166010992995e-04
1.130269145623310437e-04
1.465574761170866604e-04
1.342676309116864000e-04
1.407061065123577082e-04
1.549910375047872471e-04
1.575941500248106584e-04
1.716301120586438938e-04
1.526422114309993426e-04
2.154961780416571532e-04
2.478142199331840332e-04
2.142053058946219695e-04
2.083585646549392198e-04
2.149058521021949457e-04
3.813067684910458489e-04
1.980532344505598870e-04
1.560425436255060826e-04
1.019586325802118200e-04
1.963529639240154832e-04
1.549275018000075140e-04
1.715959330262789855e-04
1.401769670869587126e-04
9.354762757466866872e-05
1.858868821079435628e-04
2.437660237459506236e-04
1.439417014768545726e-04
1.085041620240337194e-04
1.399943195187171232e-04
1.262004321740695665e-04
2.362578490683895152e-04
2.425396462173781686e-04
4.481627296001503653e-04
6.162092968865642102e-04
8.543528720586754431e-04
9.973339014334771119e-04
3.181367956766681122e-04
4.233094759807422562e-04
2.624309403252108371e-04
3.518539773769773730e-04
1.728542180552126485e-04
1.834758672595815875e-04
1.197175801506456151e-04
2.576824633402508414e-04
3.317432483101788541e-04
2.026128153532390447e-04
1.624160910226788400e-04
2.301759301891419913e-04
2.763428792735162518e-04
1.680421338929125735e-04
1.314688563626124505e-04
1.159780958871034398e-04
1.128487605008371241e-04
1.081587602284541126e-04
1.031496033844800326e-04
1.380512614367567479e-04
9.251710571620295814e-05
8.007471190378525011e-05
1.097502460393059244e-04
1.139925550789385177e-04
1.489622994935276760e-04
1.391546834412946089e-04
1.596332964254433356e-04
1.329572782105475708e-04
1.222520392003057020e-04
1.232827405098891964e-04
2.222463741604596135e-04
9.765070768438329125e-05
1.598984709165574372e-04
1.672310114960116878e-04
1.684641380936186309e-04
1.426002789273747649e-04
2.410923637112312597e-04
2.253276726953134536e-04
1.257369537498219207e-04
1.589506148398590261e-04
1.441948812643468656e-04
1.542050255328600923e-04
1.602405555842617536e-04
1.717143396616434867e-04
3.468147919647614880e-04
1.962197833747573691e-04
1.594307695603261997e-04
2.006692825637740275e-04
1.314353977878436575e-04
1.347231707452290492e-04
1.124225027179935919e-04
1.491097781884137986e-04
1.417656447028570405e-04
7.985288733249360860e-05
1.102249436787533792e-04
9.017957080264384442e-05
1.194043648963973291e-04
1.036597882573230938e-04
2.009379812560796908e-04
1.079295028637833586e-04
9.359586476614863712e-05
8.789723084947834294e-05
1.732784381252517258e-04
1.381369940266615674e-04
2.244729571087614964e-04
1.913258824117363202e-04
2.309916645480951532e-04
3.576407843768622335e-04
5.405464187473305775e-04
3.115428172379823579e-04
3.431143988786222927e-04
4.654759507861688426e-04
2.599468074382180064e-04
3.252603131364764514e-04
3.493637934867582827e-04
2.878690894575796949e-04
3.233306964030504974e-04
1.642799746533049805e-04
1.245919902697244707e-04
2.014321072090533807e-04
1.499774703138671470e-04
1.165180186510595089e-04
8.037946315793772665e-05
1.416021856004895710e-04
8.834552845829574098e-05
2.332981842754286309e-04
3.499492074884468949e-04
3.812155552419784410e-04
3.048268472512804302e-04
2.712839424124916703e-04
4.510589170090134321e-04
3.505355205983114392e-04
2.810602144184929123e-04
1.973574812186255770e-04
2.154178335516432102e-04
2.489434175258406208e-04
3.244062686397858829e-04
2.179497033849514900e-04
1.840700095978960095e-04
1.145835065734163903e-04
2.096171784241847378e-04
1.592214357480654506e-04
1.453703533347358448e-04
2.153597529679627566e-04
2.593383956325331528e-04
1.056036813768038683e-04
1.310913069715157614e-04
2.522903379613440351e-04
2.657872270225759988e-04
1.664176959012467866e-04
1.288622415645239048e-04
1.152144438010223380e-04
1.432471627617281870e-04
8.174702368998950643e-05
8.329303421988621921e-05
1.643062098613726869e-04
1.900111904640067022e-04
1.427104610575911068e-04
1.462831905936008334e-04
1.116235265774727186e-04
1.273187724404729296e-04
9.255635962088366289e-05
9.198992244982662323e-05
1.148285104622070692e-04
1.941092143923737079e-04
2.033859808064422670e-04
1.198105803289164118e-04
1.563908789552783372e-04
2.139051114242768344e-04
2.179336844392373439e-04
4.761681876809467509e-04
3.786907972955902749e-04
4.065296280934824267e-04
6.188108506772419925e-04
6.823490760276462643e-04
4.229152845606880544e-04
6.073797579433901387e-04
4.640256916216338955e-04
8.506007188665357099e-04
5.056106988397656571e-04
2.328370827380862461e-04
3.129510099276816754e-04
2.501126462043399092e-04
1.933815599447080702e-04
1.514268691183951962e-04
1.215116890646626246e-04
1.243728499269730473e-04
9.008384487216811469e-05
1.532001016571281197e-04
1.434030359282989465e-04
1.089946243805497929e-04
1.046191886099996301e-04
8.301142341589988461e-05
1.145222992759409151e-04
7.673987982700005849e-05
1.002114059531249228e-04
1.154164648931177434e-04
9.834469547991895439e-05
1.038316193274594907e-04
1.078603974153543557e-04
9.176552118971862077e-05
8.468218511282415777e-05
9.463207667473821178e-05
1.080727082418013110e-04
1.377450729390093144e-04
1.537308627824296274e-04
1.250509118329530870e-04
7.878050810705790796e-05
8.845480419244141647e-05
8.185055959365861275e-05
9.528794115707487906e-05
1.744797937009425425e-04
3.799935449586133566e-04
3.935745283133519927e-04
6.909820911798296699e-04
1.696138086702797315e-03
3.573480401757196927e-03
1.357261929875554392e-03
1.051828673402296910e-03
1.040858402070671653e-03
5.291394018527548248e-04
4.152785030075367093e-04
3.613041523677799145e-04
2.011210943818705519e-04
2.563871014770192349e-04
1.442870436624654848e-04
9.687125137262662705e-05
1.728920819062991368e-04
1.437752880186463523e-04
1.591958710216982860e-04
1.074724147092879779e-04
1.096991157379062867e-04
1.102966554288998228e-04
1.035212418140548507e-04
9.012138421166899041e-05
8.301608461005261289e-05
9.936358471490665094e-05
9.743555446189452020e-05
1.317797486591766446e-04
1.141121280096140251e-04
1.190472676556335243e-04
8.876662172355498696e-05
8.262826176226054445e-05
9.164827441134271646e-05
1.169855396446711315e-04
1.017919018845698219e-04
8.601491110679808697e-05
7.499782159622994703e-05
9.632118780148507162e-05
1.359074865488661904e-04
7.228815400310084974e-05
1.447298512654846599e-04
1.231033897895539091e-04
1.250384221043682274e-04
1.425462044646329013e-04
9.246793081022579275e-05
8.400712438826021431e-05
8.891221396787810224e-05
8.934909302516899003e-05
8.365250736614602233e-05
8.284678332884117642e-05
1.107226998495558588e-04
7.870627786479214431e-05
6.878005010095019191e-05
7.451625081552218995e-05
6.151096376707428375e-05
6.596463164069277371e-05
7.904545639547506876e-05
7.139202003712999238e-05
1.056344284368471826e-04
9.275033637048817634e-05
5.829304817585492630e-05
8.403952792559015177e-05
7.492377637741614660e-05
6.848770267200740927e-05
7.948641042653492551e-05
8.824689001235508313e-05
1.547594838036684870e-04
2.037772184079124805e-04
1.662283586966193175e-04
1.301220430933898171e-04
8.374622764698705694e-05
1.671634915827250050e-04
4.350727390296205924e-04
7.953923838527751037e-04
4.516740231985271912e-04
9.316513913749524404e-04
1.010795408821553963e-03
5.617978861520144538e-04
3.839709586232552914e-04
6.298853075286648100e-04
3.653507506425616351e-04
3.989543130361590897e-04
7.953833829657040548e-04
5.922916345014436800e-04
3.324445349058290935e-04
2.384438818528568176e-04
3.231788209935877580e-04
3.317106267153660526e-04
2.064616452530031155e-04
4.770844311645641364e-04
7.167278231128322444e-04
6.856273676929923325e-04
3.749399737108424476e-04
1.865062537243779533e-04
1.787767333232234180e-04
1.805090743789713006e-04
1.681239962533682161e-04
1.745330945316317807e-04
1.486589250968694414e-04
1.129706893136434752e-04
1.252196595858084515e-04
1.080801698404380818e-04
1.137425949649713969e-04
1.411562293716955754e-04
1.237357552725248402e-04
9.546786097857134156e-05
1.163362252333466140e-04
1.630104494936767355e-04
1.185710987149991879e-04
1.635286601418772215e-04
2.752290901244654436e-04
1.807806640203126803e-04
1.935478949947079519e-04
2.539499725772268205e-04
2.432167116781057262e-04
1.580704328896031879e-04
1.693469537808924420e-04
1.553939131357991870e-04
1.625453140002387569e-04
1.165595341215241293e-04
1.079507948630243128e-04
1.172931425572902760e-04
1.620514972487984220e-04
1.194139321951997247e-04
1.141408936975071267e-04
1.572341399157362431e-04
1.599876711351171240e-04
1.063134499255021794e-04
1.049390428271932275e-04
8.258850389534252816e-05
8.249900904361170918e-05
8.514488006094132755e-05
8.390432839977024265e-05
6.323164372048398587e-05
6.968153507001666766e-05
8.683729564005365255e-05
1.827661351763031528e-04
1.098101459118383646e-04
6.502364589440648532e-05
7.618827388501592712e-05
9.354931320013067455e-05
1.451051283818810002e-04
1.289313525913550549e-04
1.038278868488677604e-04
1.487429726937423849e-04
2.109340519921028127e-04
1.183792889086381420e-04
2.573191103722550577e-04
3.142440713002204295e-04
2.626503088779390282e-04
3.966242307751926730e-04
3.376407039763523093e-04
4.380635978143577873e-04
5.052253311743593002e-04
7.228617947464038764e-04
6.552173444342902645e-04
4.626099014539722344e-04
2.293955311069649343e-04
1.659461457369148726e-04
2.056410904648053840e-04
3.277949180524942271e-04
2.732668008152070978e-04
2.795617407847842111e-04
2.463122175934266711e-04
4.209752693041211857e-04
1.744475369220115524e-03
7.170465839307162180e-04
6.415325549353916891e-04
3.182576159705877540e-04
3.815090942430793600e-04
4.105007264756345897e-04
5.881771922835248804e-04
3.059138092702598510e-04
2.034712389538427329e-04
1.429076621087918444e-04
1.168620806041066346e-04
1.138040399481752440e-04
1.059790237392560269e-04
1.110389874215757277e-04
1.327775559217196752e-04
1.236189788764499304e-04
1.366634975420292803e-04
1.282748234274611163e-04
1.432707783355465696e-04
1.328376314544248431e-04
2.029409629158060696e-04
1.552654107644833793e-04
1.282647163113585667e-04
1.449745905063511717e-04
1.605782694408751355e-04
1.119406840920253253e-04
1.244006856539681062e-04
1.069556524599383536e-04
1.360701944958421917e-04
1.719807135384893789e-04
1.080350808940651195e-04
9.939259083512427427e-05
1.241471597380601434e-04
1.332425084623226703e-04
1.040289748145665116e-04
1.428326795881445924e-04
1.093528708548432949e-04
3.082827780880549248e-04
2.424226273388678694e-04
2.243330527658538693e-04
6.818735893804260236e-04
8.338498781238472962e-04
5.757431916592330601e-04
1.646095161010714290e-03
1.023822606374390340e-03
9.651656927519418902e-04
1.130686948167800455e-03
5.680296287264059588e-04
6.277763768721123221e-04
3.665936687281527869e-04
3.400561821038628981e-04
1.778226889888268535e-04
1.463956555900114604e-04
1.692576518627903859e-04
1.346084005107169132e-04
1.269625508780132853e-04
1.336664834674714647e-04
1.139478414034870302e-04
1.161554842079769791e-04
1.120600884599932988e-04
1.022846446467762661e-04
1.169921221749823103e-04
1.206090626481088246e-04
9.301178057286651015e-05
1.413619314355260700e-04
8.756060908802718870e-05
1.256483650133370341e-04
1.044202069677543834e-04
9.488938664852719304e-05
9.057076488032665988e-05
1.089292476549128533e-04
9.217341657676167909e-05
1.127596985399228682e-04
9.546149570549309162e-05
9.147427347508801921e-05
7.736144600601897563e-05
7.778291250635447620e-05
9.017439966277907546e-05
8.355463365912242657e-05
8.549291501411802364e-05
7.998059937856177393e-05
7.911707198257251247e-05
9.540673061679364202e-05
8.942729740067897654e-05
9.275544898351613951e-05
6.296021877863544668e-05
1.107836607740870713e-04
1.122221992283237363e-04
2.691996275413665500e-04
2.490935719296840951e-04
4.507496183190031120e-04
2.873580897193513963e-04
3.678126255034306485e-04
2.733938961139488629e-04
1.542480373883482541e-04
7.465715470766367233e-05
1.469445545933477349e-04
7.678568507087161739e-05
9.141156402463817480e-05
9.262477241946669864e-05
9.732262542722723412e-05
1.022894829836436487e-04
8.698921588952277439e-05
1.040720214983802133e-04
7.727126152621561345e-05
1.258331910720894922e-04
1.553437197579968893e-04
1.910559119862161796e-04
2.185245766940724843e-04
1.371195104607095358e-04
1.714061876340793674e-04
2.872467626464238850e-04
2.018719781004253656e-04
2.014495724050936493e-04
2.400788442572785765e-04
2.735335399235807371e-04
2.635976908222698489e-04
5.064885136563235636e-04
4.554151520155735530e-04
2.338894936659323073e-04
3.386195169961206831e-04
2.092376367154939710e-04
1.956965296843650860e-04
2.318781992430006566e-04
2.184702406783500393e-04
1.957352576735476690e-04
1.540285436798144762e-04
1.411427044192823158e-04
1.228369161271291286e-04
1.338830482336169486e-04
1.633184208628947975e-04
1.149879123029374611e-04
1.006067669713560597e-04
8.141759680585787637e-05
1.245489111907510400e-04
9.270298370455369455e-05
1.114064105836366395e-04
9.698331665264376550e-05
1.931170071848202854e-04
3.342000860505159885e-04
1.593873580289106471e-04
2.246039254390935259e-04
4.434625768132948722e-04
3.839216769242155872e-04
2.136432204815051107e-04
2.666058376120495439e-04
3.281290726377622622e-04
7.515538631856275411e-04
3.143269683132477528e-04
2.746331888809744304e-04
2.753209909672905530e-04
1.949693492735320491e-04
2.716540731901457011e-04
1.325711268533378943e-04
2.587871280417250778e-04
1.611811711775060219e-04
1.413534397770826567e-04
1.374507043554544484e-04
1.654624264518081748e-04
1.040118195571077025e-04
9.225792010254951097e-05
8.031464708704399947e-05
1.136471048445078633e-04
1.358640409028283780e-04
8.380867278804087633e-05
1.117913219158628638e-04
1.228960004703006888e-04
1.313649153731985975e-04
1.839059586728726894e-04
9.147050101940711780e-05
9.042991356490475330e-05
1.618865834164478850e-04
1.396531111827323994e-04
8.278506320801700075e-05
8.005335140720315533e-05
6.203112250455340650e-05
9.284090176034426507e-05
1.195088660501392993e-04
1.363727644594103262e-04
1.090106570493155376e-04
1.225237953313451406e-04
8.859013669084346251e-05
8.156969381430898827e-05
5.755999796393206894e-05
1.510069931664082151e-04
1.116502260437851607e-04
2.367149252495150634e-04
2.585798014869284127e-04
2.019376231479759433e-04
4.372994872913230037e-04
3.236645528629197074e-04
1.735317353049365568e-04
4.263942746572445632e-04
8.143524302159267517e-04
4.898627478075352759e-04
5.000310590342354642e-04
2.844248130239682170e-04
2.696024088527022616e-04
1.661954131115905939e-04
2.482458511784903948e-04
1.719012100892890302e-04
1.527317671062530834e-04
2.037736062007301590e-04
1.140312624262936335e-04
1.281955738225066025e-04
1.090843335897761785e-04
1.822239059932402486e-04
1.242428872401565008e-04
1.135823421659716743e-04
1.097406046679520237e-04
1.003288334251888802e-04
9.106209838890677989e-05
1.006808899009713313e-04
9.045543162410775277e-05
9.139980945919243401e-05
8.119082058449191735e-05
8.026430339297375115e-05
8.911370990853103398e-05
1.271238691691343797e-04
9.272304901741869093e-05
8.926162331305965265e-05
8.954736926106691584e-05
1.146046184091119394e-04
1.113193763383376320e-04
9.790030230287899936e-05
1.034417481348421503e-04
7.194496005322756436e-05
7.444133731995265151e-05
6.764948025073954209e-05
8.779288696259816458e-05
1.044718465155976869e-04
1.028963338555188720e-04
1.060140443809309016e-04
7.262553254614028688e-05
7.590547078195020668e-05
5.134386410963693909e-05
6.160651532171152421e-05
7.030972499730560560e-05
1.102600478040100500e-04
9.406618271360894909e-05
5.776796107097747801e-05
9.260405982411255192e-05
9.885813906009264542e-05
7.248016801867671413e-05
9.110091276220661589e-05
1.680781472487883298e-04
1.773957926844788795e-04
2.226735567942685426e-04
4.233276624268557538e-04
3.716715609850756259e-04
9.317883506754491996e-04
7.508405256734126910e-04
3.989859722238447005e-04
3.651870149333411291e-04
3.486901299449933207e-04
2.672306426882366422e-04
2.107252936981855219e-04
1.328465453634013519e-04
1.059486179878504913e-04
9.874305291895787106e-05
1.054619335679905985e-04
1.220181629792705107e-04
9.942875654019340420e-05
7.582426293914011747e-05
1.222102153613600765e-04
9.601631018619825690e-05
1.221613017455394417e-04
1.018343029784414360e-04
1.022464008584865106e-04
8.772558010376421038e-05
1.059703916977065949e-04
1.128286060851551789e-04
1.036058993673566654e-04
1.168667972025512486e-04
9.616639098980956691e-05
1.005255244910074327e-04
7.672883970380209805e-05
7.244145173059991370e-05
7.028271159672367339e-05
8.363147606223569311e-05
1.019304759841055727e-04
8.371030218515752212e-05
1.032123002388713357e-04
8.604564001538421664e-05
1.271820521983502595e-04
1.740185339629844372e-04
2.262547316308068069e-04
1.442094089678936904e-04
4.130566929730625832e-04
5.281349791467220174e-04
6.486318783357750877e-04
4.926259850380656623e-04
5.578559118300456098e-04
4.147870738913932869e-04
3.363292293561433556e-04
1.747677700035781402e-04
2.043106677256921488e-04
2.235555575517969237e-04
2.472127882526493686e-04
1.529635716237933492e-04
1.193900628416118585e-04
1.166163376817795481e-04
1.847929528334468297e-04
1.565039726912196725e-04
1.477463628091284210e-04
1.534453469728192562e-04
1.040741475795923116e-04
1.610959162500614876e-04
2.389338493637315126e-04
3.491948797444468784e-04
3.440306724494913244e-04
4.069106398783920451e-04
2.750304429173835974e-04
1.057266958989354247e-04
1.313099392698945545e-04
1.126341448730360591e-04
1.244953595629782615e-04
1.219893693454424279e-04
3.421683167705095703e-04
1.162850618970671804e-03
8.638602681176434702e-04
9.171061608223827523e-04
4.679071527479757714e-04
2.636111066694240201e-04
4.547898206260034965e-04
5.197666308826071795e-04
2.765232506691068181e-04
2.371042198826482205e-04
2.590842270196538639e-04
2.357041693216949487e-04
2.258770214425318381e-04
3.010663585819056036e-04
1.184549779175083522e-04
1.538474025696095441e-04
1.912948589161589017e-04
1.557931546690062715e-04
2.433700067490877754e-04
2.181115654722767501e-04
1.730656138019616474e-04
1.247599714322308016e-04
1.584187258994461433e-04
2.312504500894760622e-04
2.364365572683958415e-04
1.086375683640856103e-04
1.185932094064870315e-04
1.641381963564403639e-04
1.632684006979218333e-04
2.557610596551781698e-04
2.374786557406257043e-04
1.775693556508372922e-04
1.331426317996617348e-04
8.521997911010433880e-05
8.282214851146153865e-05
6.831518933073636333e-05
7.674440669704962260e-05
7.681442607474682775e-05
6.628737887593503088e-05
7.024168581845170527e-05
7.741647797173285004e-05
8.777532918557478722e-05
1.509911295412084400e-04
1.395933899621426858e-04
1.152099986541654537e-04
1.586209940548738114e-04
7.905200353049477270e-05
8.025974347843490946e-05
1.514166401067996255e-04
1.202728645542572761e-04
7.211662786436311991e-05
1.191968376465513666e-04
1.307795874888481266e-04
1.421925547164197947e-04
1.071174774837392043e-04
1.564857356943934435e-04
2.286005838088021912e-04
2.423419029504494937e-04
2.328949761037322217e-04
1.698481092628954477e-04
3.444005707969088393e-04
2.942808585727985310e-04
4.010757496084044606e-04
3.537741901902821478e-04
2.989076096813379703e-04
3.767036415946448591e-04
5.415894763505332181e-04
7.178581187948939899e-04
3.176209113503274096e-04
5.222144331536418722e-04
4.451373054525633254e-04
4.508832283213792314e-04
6.074665702327795890e-04
2.982049670240947991e-04
4.383714965666146582e-04
7.693661537110404840e-04
3.883894675535435681e-04
2.295618740107406054e-04
2.075481526334019289e-04
2.238304436292905058e-04
1.237969308891356509e-04
1.409697806722463962e-04
1.044579028564175780e-04
1.280126569312642088e-04
1.317868630403735703e-04
1.230964613370531151e-04
1.303132268752514253e-04
1.278584885278048061e-04
1.504826697263406967e-04
1.017602460478083363e-04
7.637263509946099762e-05
9.614465900820619315e-05
1.027745649579666146e-04
8.732118405639085557e-05
1.249606676996866880e-04
9.913300571582299827e-05
2.567847761770588504e-04
2.018704631963991409e-04
1.080932599572121658e-04
7.957621893141181627e-05
1.128337087731593402e-04
1.122052115265010952e-04
9.377223933107859224e-05
1.294134901074332777e-04
1.628845465436989915e-04
1.382444862825234579e-04
1.721377822325812759e-04
2.332728794811317731e-04
4.120598042033147201e-04
4.194844345425069823e-04
4.961303951311912298e-04
3.373279258935441851e-04
3.697831149373142167e-04
3.227504019158683826e-04
2.951412743267459019e-04
4.128799562571405313e-04
2.513760135719296453e-04
1.637153626438029945e-04
2.266794811535052248e-04
1.583489467172899531e-04
1.271692461696820797e-04
1.261199407343216352e-04
1.646447205541978829e-04
2.603040441561932350e-04
2.317813353799793176e-04
2.598649361154569651e-04
1.918579080075645397e-04
3.623148012820499083e-04
1.700814291965925865e-04
1.395579127460936102e-04
1.348052476978816769e-04
6.691778074397123342e-05
8.882894066062015407e-05
1.168043394904695381e-04
8.101281350663280150e-05
9.738618958372486398e-05
9.887749620112797901e-05
1.298733210894690269e-04
1.340981040899501221e-04
1.608814035032911165e-04
1.358533818104929326e-04
2.380827948428636753e-04
4.886055342713099478e-04
4.242244261637161422e-04
4.679947412976511443e-04
4.404705670750415358e-04
1.873485909411416110e-04
2.249947753806936059e-04
1.694235075131082335e-04
1.926383872378711036e-04
2.380503316825103275e-04
1.694350641816591801e-04
1.877985614227516381e-04
1.241680689400916939e-04
1.882707865690485670e-04
2.669315654492324498e-04
2.491611073942675463e-04
1.712719333732917357e-04
1.154683697358826978e-04
9.084366469905073534e-05
1.114927975394163807e-04
9.362612954117371456e-05
9.601297230245011598e-05
1.085517621007023130e-04
1.068552133959287277e-04
1.175218178745323971e-04
9.802516704510054132e-05
1.000561544518416350e-04
6.405230555275437919e-05
6.233165896769354614e-05
6.631543858247717087e-05
6.938621028329684099e-05
7.131691718888093538e-05
6.694957636466202357e-05
1.114043817056862705e-04
1.479668563593271996e-04
1.176922218828146093e-04
9.126076093319890120e-05
7.867164426748287536e-05
8.159800760676230703e-05
9.491015851533974083e-05
9.651635333477483192e-05
1.034097095236746213e-04
1.464654849744792238e-04
1.509765316226033467e-04
1.557186601915484586e-04
1.480017755003893364e-04
1.076002270071992658e-04
6.981283493883503179e-05
1.488917827302382716e-04
5.909739381846980556e-05
7.819860383092338543e-05
7.450609388274987593e-05
9.513802001298522944e-05
1.181272977202769958e-04
1.725563187469800154e-04
1.832973575052131133e-04
1.381432855925339648e-04
9.362205947489960693e-05
8.590365560337762389e-05
7.382775820363721348e-05
1.564602706602446537e-04
3.564760268706037172e-04
2.391994961400646040e-04
1.068218295314680923e-04
1.195881678212684998e-04
1.074756832847248450e-04
1.415963470715924310e-04
3.506708751576163808e-04
2.756020755220015299e-04
5.461286182720636456e-04
4.508965914615555145e-04
3.384315020163018869e-04
3.190848223249641139e-04
4.942962974579732634e-04
2.823730975870096960e-04
2.795806049834224385e-04
3.510664304940789454e-04
6.956570179636688799e-04
1.164657958313454131e-03
4.759473415985240462e-04
5.532300005537243168e-04
2.614606896872208341e-04
2.387175516690983137e-04
2.592932453628713635e-04
2.020072312577594756e-04
1.648396608423541309e-04
1.187427380767702159e-04
9.675646053188867251e-05
1.327201097814780060e-04
2.086991965500943310e-04
1.548049202514000975e-04
1.009410443349463939e-04
9.574096728555029712e-05
1.235591385989519232e-04
8.371904292379432296e-05
7.315787468235884121e-05
1.191463729132225192e-04
1.055242604108548685e-04
1.102433450968301758e-04
8.384007426718076742e-05
8.542947833476520069e-05
9.575856032086716525e-05
9.029224034482372335e-05
1.154785569354588998e-04
1.254585305165170867e-04
1.685398711299731904e-04
2.319635785873770261e-04
2.306027581394984446e-04
1.385299584660977502e-04
2.996264653795568250e-04
2.818559069102167559e-04
2.274033721760712297e-04
1.233922100695209964e-04
1.668898327471607596e-04
1.603647493072218454e-04
