2.758497235816656512e-01
2.382582372681249505e-01
2.486950094571394321e-01
2.515021167267481039e-01
2.559855067061195810e-01
2.916437953254663595e-01
2.603593548502763366e-01
2.563089160314765413e-01
2.416794284399436943e-01
3.127828907711554529e-01
4.947266587266522797e-01
4.514947511742152253e-01
4.462213043487798236e-01
4.252773232917749224e-01
3.999010428626960656e-01
3.564521916304611571e-01
3.463419946205421041e-01
3.246399926824884430e-01
3.131919160902025268e-01
2.807341154873095879e-01
2.970912501880019208e-01
2.592039497486003929e-01
2.546398422697669917e-01
2.590982915304910206e-01
2.139537656656675668e-01
2.422279497639715506e-01
2.026261840046185148e-01
2.008553929497225721e-01
1.816490559405956884e-01
1.592105202186870627e-01
1.672911975648360139e-01
1.479424625345730493e-01
1.784815802557385145e-01
1.644984949488287607e-01
1.476958225839941907e-01
1.639334048199800331e-01
1.568521928566153634e-01
1.523535453690822439e-01
1.374263937075997088e-01
1.553541601116954496e-01
1.328861233475208958e-01
1.451231783111134876e-01
1.281366698207675181e-01
1.207768876426254107e-01
1.390353460973637878e-01
1.326784764238107261e-01
1.197377904497315265e-01
1.262231682099295427e-01
1.251703319944037496e-01
1.348236489070761268e-01
1.266637448617894957e-01
1.342994789064745620e-01
1.234502925865745698e-01
1.271293721955786271e-01
1.328049614149175439e-01
1.258241965310145094e-01
1.278834035329395324e-01
1.268990253757420195e-01
1.221201924790081966e-01
1.218986757945372951e-01
1.246900360347092396e-01
1.248312272088582392e-01
1.223018472853750344e-01
1.267583871649675953e-01
1.238517426219868239e-01
1.302306336144072874e-01
1.210897129686036439e-01
1.236710508533966218e-01
1.179462065329765358e-01
1.309093480207461080e-01
1.238761628989269586e-01
1.324407383689443773e-01
1.240155451039028911e-01
1.225190517137861868e-01
1.213769040009342326e-01
1.225136066530523316e-01
1.179171839567544067e-01
1.151108090101096298e-01
1.279485591064556671e-01
1.238816705490324993e-01
1.229868811628457431e-01
1.221019762566071115e-01
1.251413941762906934e-01
1.236339125027779845e-01
1.242413820051345291e-01
1.282666798923562390e-01
1.233588876165505471e-01
1.258040329133593427e-01
1.159345369616461008e-01
1.135128979716678449e-01
1.190480038911785471e-01
1.184788594446962856e-01
1.283052644131721098e-01
1.133657725279037104e-01
1.240036179193270416e-01
1.203324112306123628e-01
1.180143734432126112e-01
1.232584853679300763e-01
1.186103470993530862e-01
1.223371540934408419e-01
1.207256506860783229e-01
1.156537281025902808e-01
1.221550787658318149e-01
1.268969344605696825e-01
1.145161133047034735e-01
1.257006478017619888e-01
1.110809152566860913e-01
1.188303731203663866e-01
1.147091891678003323e-01
1.143440291686206450e-01
1.196930270599370766e-01
1.217615830245556280e-01
1.163676903249967753e-01
1.281821649669452612e-01
1.201490411823437493e-01
1.195216158945588275e-01
1.204132512577140712e-01
1.195858483952911555e-01
1.172891123864738955e-01
1.179924369805010753e-01
1.216615925923971719e-01
1.158256133070718064e-01
1.163979750638843846e-01
1.256369188981004692e-01
1.166311950164608813e-01
1.184196379650869629e-01
1.142688582257469360e-01
1.177271382528966154e-01
1.177040978308637464e-01
1.172814318603555422e-01
1.191514636363657231e-01
1.148379932139395321e-01
1.228926090764021067e-01
1.159625645675266270e-01
1.139277597240280215e-01
1.138787138185279046e-01
1.112888003942085202e-01
1.196013058851427419e-01
1.226335869698367276e-01
1.144545441711515010e-01
1.173241475431335556e-01
1.170174798357522389e-01
1.146298605297666612e-01
1.157837680643910294e-01
1.134240759279710464e-01
1.129454386383307862e-01
1.181683289490218225e-01
1.190991127576970093e-01
1.090937828588743053e-01
1.166843801400104519e-01
1.171795104999993342e-01
1.088896943133116774e-01
1.180920316344414439e-01
1.149591876157674275e-01
1.141312440807739220e-01
1.116097913374030776e-01
1.150298773081315368e-01
1.118077767056979699e-01
1.152788216751778894e-01
1.153288260361644835e-01
1.129187119438121029e-01
1.106022087978283247e-01
1.080498621780091456e-01
1.088011111950092785e-01
1.117868722340197851e-01
1.079157552940486348e-01
1.084393751013580515e-01
1.060903836419562069e-01
1.106592910301656546e-01
1.160020672155263471e-01
1.070044052097365583e-01
1.099459614526259177e-01
1.099548387948693223e-01
1.131424966576094759e-01
1.124235527338389995e-01
1.144681943122130702e-01
1.100743880039467548e-01
1.103481534405256481e-01
1.080305517118682751e-01
1.113708814117680551e-01
1.091687891855196851e-01
1.038692069154276559e-01
1.112341950255322925e-01
1.088956831692136085e-01
1.111523919139745242e-01
1.085280555699183469e-01
1.089599212743694173e-01
1.061937036374030890e-01
1.079815874195288045e-01
1.095036319720742168e-01
1.077827491771489454e-01
1.054373985559560883e-01
1.077668681803475859e-01
1.084507754544881408e-01
1.038769614661035345e-01
1.074608789925848989e-01
1.106865539558534450e-01
1.022022061015886857e-01
1.116393556686034461e-01
1.157839225820233853e-01
1.128967371003479492e-01
1.040989977649283416e-01
1.071234311249565502e-01
1.073782094835857154e-01
1.048575060470594011e-01
1.213369513217784357e-01
1.015967856298241045e-01
1.061497006690106104e-01
1.062643404790778873e-01
1.035505067413800273e-01
1.036690974845697055e-01
1.040658639801641805e-01
1.040155117268000418e-01
1.133263704091690277e-01
1.064521273592540368e-01
1.073120626059904659e-01
1.012186459786928588e-01
1.082816570142854651e-01
1.049073737006976786e-01
1.155022830773049236e-01
1.036012274073270373e-01
1.030028684735791733e-01
1.060848081022478656e-01
1.096746119033208677e-01
1.039849089862339010e-01
1.091706070822139052e-01
1.043647484065251957e-01
1.022356377912637809e-01
1.054821554512965914e-01
1.014574080875552953e-01
1.011328770313415365e-01
1.043692881552657492e-01
1.025976620875053841e-01
1.064249626487591555e-01
1.041477890417879248e-01
1.029778234771709794e-01
1.039358343109437754e-01
1.015872896899060185e-01
1.080833357505127101e-01
1.038042212440788981e-01
1.026990982482764297e-01
1.025101626342335148e-01
1.023784380798700294e-01
9.973293578635684942e-02
1.096307074136906867e-01
1.004251889058788011e-01
1.036511376140554219e-01
9.988753773495757937e-02
1.000003945392407972e-01
1.034984556389311194e-01
1.029961732867550467e-01
1.031351211345172547e-01
1.005702046555975310e-01
1.024084689978639190e-01
1.007090128905431120e-01
9.785784628702162702e-02
9.769556940033408132e-02
1.044521771429546414e-01
9.806186242014190702e-02
9.707966719020032220e-02
9.683850583571239345e-02
9.739411527811814295e-02
1.029069809408996172e-01
9.207442229845540227e-02
9.538919022573888462e-02
9.850371866908833041e-02
9.991104167381294199e-02
9.975637369692179346e-02
9.605316338138308874e-02
1.037781855537249082e-01
9.949189906712607723e-02
1.003192399770106158e-01
9.659324011784781172e-02
9.979341644908271136e-02
9.824522702936114293e-02
9.636531922894568669e-02
9.665504645513033066e-02
1.021816285341352604e-01
9.528769737163085563e-02
9.450575204445714472e-02
9.595247011965465922e-02
9.781551584689845980e-02
1.021524887979526064e-01
9.603979179653533704e-02
9.730878436049093805e-02
9.350106782957369467e-02
9.494868371465557677e-02
9.423063964316819030e-02
9.721350192821107128e-02
9.727927780399488189e-02
9.920236692645989507e-02
9.572700648006003676e-02
1.001638401447840498e-01
9.835641991771625070e-02
9.095144618380270052e-02
9.407540587007721944e-02
9.558388219678855269e-02
9.405792480524807764e-02
9.300175044183373041e-02
8.952970137989092747e-02
9.455869584632131675e-02
1.018341965275246785e-01
9.131228668023190498e-02
9.311739593298126727e-02
9.459678756294367941e-02
9.469618785577882392e-02
9.072486989318233330e-02
9.791716047192526584e-02
9.617731460423309398e-02
9.046721659099300761e-02
9.206270526570665969e-02
9.224670479104093990e-02
9.200358639344551059e-02
9.569466996883603527e-02
9.379485783692737000e-02
9.314491697386925728e-02
9.101134086908856113e-02
9.436560141912583854e-02
9.343395120521415242e-02
9.730988791551162254e-02
9.350930394160994474e-02
9.268185183954918971e-02
8.959433733031747782e-02
8.648496056236007479e-02
9.655763047639188967e-02
9.971809669722619951e-02
9.145302803128110836e-02
9.183212587545384886e-02
9.411738539027916794e-02
8.901177865082848806e-02
9.194856930518133242e-02
9.066665249036215402e-02
9.181721392968859863e-02
9.077801828359741143e-02
8.998778792663655879e-02
8.998902777991515944e-02
1.028329274798251286e-01
8.906202638793857262e-02
9.202680046759594001e-02
9.120334245541403262e-02
9.475430611273279180e-02
8.838932677000202465e-02
8.915006999553035105e-02
9.753221812378004563e-02
9.048470731860404348e-02
9.166404492113132407e-02
8.628514785730841130e-02
9.525713493913824659e-02
9.272131436266640991e-02
9.023514937523595403e-02
9.277441580712884883e-02
8.761152777902214694e-02
9.232146113022808576e-02
8.587280781285795694e-02
8.666064011273315326e-02
9.148608192389472149e-02
8.648006947924918864e-02
9.523865881054152660e-02
9.226518000576139356e-02
8.941251640059512396e-02
9.628938502301546964e-02
8.875915060173743265e-02
8.831021064377643504e-02
8.502654765370738776e-02
8.881117752183739777e-02
9.145273522766654561e-02
8.601775376294171216e-02
8.856973737653629775e-02
8.593286126368816780e-02
9.444136509907449795e-02
8.754505160079659176e-02
8.765465228907785844e-02
8.952034071250852820e-02
8.583055819862926705e-02
8.660569912654778046e-02
8.551637748536708439e-02
8.907473804339519075e-02
8.287336652763054035e-02
8.932905152122262715e-02
8.166079969123395121e-02
8.743252918429413045e-02
8.802348329667833426e-02
8.626991977029178915e-02
8.402515828990010649e-02
8.644963187405661775e-02
8.726083075045160120e-02
8.689819266417039834e-02
8.250420997655191768e-02
8.633012701097014796e-02
8.574349690828729498e-02
8.641792065886372276e-02
8.670064734916693716e-02
8.502664644174327824e-02
8.482210219706952381e-02
8.172471050126454972e-02
8.510838744287949065e-02
8.643184788646979255e-02
8.251359583442482992e-02
9.172347740725811382e-02
8.430831527117131630e-02
8.962229900254355119e-02
8.534210119367377501e-02
8.300779441272038151e-02
8.533966446590407484e-02
8.379164323948315451e-02
8.418271746286008772e-02
8.540734092158702717e-02
8.081704139487642935e-02
8.824039859396440311e-02
8.451335503313031627e-02
7.656408850135293376e-02
8.301076312486146969e-02
8.296137131892201977e-02
8.123928749884107292e-02
8.174052057593014786e-02
8.250068017151214461e-02
8.568149686207229832e-02
8.102075962464765080e-02
8.414419799087451135e-02
8.304492861685869309e-02
8.554073443535677168e-02
8.736770967499978002e-02
8.515335852668963479e-02
8.397149626932053079e-02
8.102030344533910078e-02
8.324919047669984695e-02
8.038049789523329935e-02
8.114516641592779689e-02
7.670496859366471298e-02
8.096034773995820777e-02
8.272123052915775210e-02
7.995909540490837852e-02
8.880018271887887837e-02
8.147170850634591344e-02
8.278985926378146232e-02
7.943804573379403822e-02
8.113201553582119474e-02
7.823105772980051831e-02
8.079404167787483659e-02
7.974318129133026178e-02
8.207229848000616168e-02
8.268296177287828841e-02
7.987701926925720730e-02
8.156759221377772595e-02
8.331231801490718292e-02
8.166862885310201270e-02
7.625668640706617651e-02
7.581085525125695612e-02
8.188812678538234802e-02
7.526568487805815333e-02
7.742757104687110481e-02
7.579437262045500556e-02
7.839048966105623129e-02
7.685470077651700149e-02
7.486839559969643565e-02
7.682427917299756992e-02
7.891604749664465901e-02
8.125326956365748476e-02
8.024745764726295971e-02
7.792130475678821222e-02
7.890335397396250339e-02
7.529606139830267997e-02
7.932077054518310577e-02
7.874226464296475714e-02
7.561610471575069825e-02
7.922422842114455743e-02
7.391399797445147302e-02
7.802611820491067718e-02
7.769861018034197875e-02
8.332746545381250480e-02
7.702963820879865642e-02
7.712080664348162917e-02
7.779456405697741939e-02
7.702224942195404211e-02
7.703015260759256411e-02
7.693980283644109852e-02
7.641991895778722788e-02
7.984054606198930093e-02
7.562660415987150497e-02
7.682012723464791415e-02
8.137480809973082763e-02
7.886048605646654719e-02
7.064655895106319861e-02
7.664466816607556909e-02
7.700392129008094833e-02
8.136517418323203910e-02
7.528208564837185479e-02
7.445992037765246374e-02
7.709811257519162686e-02
7.693415238645257004e-02
7.660811911209662595e-02
7.651835334091744434e-02
7.364866181787323163e-02
7.752332485010879348e-02
7.516109984934987720e-02
7.416972202275896875e-02
7.869298833779482527e-02
7.266265737413177273e-02
7.337576697055446517e-02
7.312575298416956748e-02
7.465004871811023457e-02
7.678605880631773906e-02
7.630177821342482014e-02
7.196090078445957494e-02
7.704485498859273140e-02
7.477574234149175769e-02
7.444690940121374834e-02
7.379610416364963676e-02
7.316175036757058270e-02
7.452818138830130668e-02
7.500522639351232812e-02
7.368265098950241287e-02
7.002786359002220740e-02
7.185641823776248160e-02
6.865307304022914836e-02
7.273938790097546347e-02
7.554946590778009730e-02
7.168978691541770532e-02
7.367302856890410589e-02
7.077177125467494501e-02
7.108345081124006759e-02
7.053068609487940510e-02
7.002192406496808574e-02
7.154510766527731602e-02
7.140559725304099215e-02
7.134211927757029559e-02
6.851098846551331722e-02
7.188789612493268200e-02
7.330265875575089907e-02
7.109212087729241403e-02
7.532721662718680489e-02
6.370440823800710417e-02
7.819610754776272488e-02
7.265811641923537734e-02
7.191534998550372371e-02
7.095160047234884415e-02
7.085438229225479723e-02
6.817344658328861051e-02
6.912893848132099783e-02
6.834025832594511907e-02
7.084623230420572515e-02
6.908098675831700342e-02
8.060133243465913977e-02
7.086848467168452292e-02
6.898837361126707035e-02
7.207128269615879768e-02
6.881525506496652400e-02
7.065127490375898434e-02
6.831547989314365465e-02
6.494157312535336901e-02
7.027029106725093954e-02
6.559148065365195956e-02
6.632443922853782647e-02
7.092928895452199622e-02
7.095579882702927887e-02
6.717060714742342786e-02
7.357154684673669620e-02
6.996009882894585474e-02
6.692604222841264106e-02
7.138398930888539828e-02
6.966545993124147185e-02
6.790651309633741195e-02
6.805247813929317380e-02
7.047362824666512926e-02
6.520601932311388682e-02
6.838487233803497434e-02
6.867025421126561613e-02
6.668666751834635698e-02
7.072938151003198282e-02
6.635933890554802927e-02
6.519694600972428256e-02
6.667060362244249527e-02
6.737952143985818931e-02
6.632553003779124989e-02
7.349963076828534836e-02
6.540357201652019503e-02
6.644773240038824580e-02
6.476396060954801859e-02
6.856327586920846207e-02
6.392985776017036381e-02
6.619872674896418174e-02
6.646378627914989456e-02
6.863207803897905523e-02
7.042874617404436266e-02
6.562429307945240320e-02
6.715438190804623453e-02
6.400990936669170850e-02
6.682680201719516655e-02
6.483812485116088875e-02
6.462008203529255590e-02
6.562854026435689658e-02
6.414792520113651864e-02
6.402261781870215163e-02
6.522797186219687904e-02
6.435985732497698231e-02
6.523721655645495221e-02
6.375789235728496207e-02
6.441399403881577224e-02
6.903305623011178616e-02
6.247920626261237176e-02
6.173598648873338673e-02
6.781278750029383351e-02
6.432297571856364360e-02
6.267270458853273218e-02
6.579590358965480001e-02
6.210818829515280665e-02
6.609395037750082080e-02
5.975608123374238217e-02
5.983683967117441049e-02
6.226543580858733690e-02
6.618215749716629959e-02
6.413453131507494687e-02
6.176820534220047593e-02
6.074738528209334271e-02
6.223953303783491542e-02
6.351144066857462855e-02
5.945848814569998364e-02
6.240278776294594376e-02
5.908882396335220916e-02
6.290765463033026750e-02
5.991573612586946485e-02
5.935595767157901548e-02
5.961313733821448080e-02
6.460497813860430205e-02
5.983074888150600318e-02
6.171834709035513983e-02
5.794754540534778620e-02
6.368790768388749024e-02
5.823100779546101086e-02
6.143907977101541878e-02
5.882937597194316803e-02
5.921993347824719423e-02
6.034948427611254440e-02
6.181764603210723741e-02
6.330669048723448766e-02
6.113917781015549419e-02
5.960938289369260151e-02
5.811587877165585309e-02
6.089839203112707572e-02
5.981960731058144631e-02
6.176792902760319670e-02
5.767672516293891050e-02
6.158680725596968331e-02
6.175848118707175788e-02
6.234720916841732935e-02
5.499122920503150824e-02
5.948199778747230437e-02
5.710279010613922984e-02
5.987533364442895051e-02
5.828836027251260710e-02
6.039903431864043076e-02
5.848942321091669255e-02
5.526734777182711750e-02
5.460751295207853795e-02
6.392166905721333170e-02
5.698045834767529599e-02
5.783789000906242733e-02
5.689915678329522664e-02
5.710443688795520389e-02
5.791915723609016714e-02
5.642866262899719210e-02
5.814417102687651634e-02
5.774735102917821078e-02
5.668709539767268629e-02
5.664146948343651289e-02
5.557766935818261173e-02
5.567732348103510837e-02
5.551039076186614629e-02
5.860920384423711632e-02
5.478105184748401080e-02
5.358209321145796650e-02
5.416506744203614804e-02
5.686499512668882761e-02
5.585575648968393175e-02
5.611765750214899734e-02
5.595668279306405951e-02
5.252219029341367862e-02
5.465410085524621125e-02
5.259430110604561975e-02
5.581002959034254279e-02
5.308287354205727671e-02
5.358818017126253802e-02
5.446239131931934069e-02
5.559280285780691944e-02
5.389070471872921264e-02
5.454782649187663035e-02
5.185774917767526498e-02
5.511846323983716350e-02
5.458825264865345417e-02
5.200695864538543156e-02
5.512893518553422384e-02
5.444182098825138538e-02
5.487997543092469621e-02
5.192852710041118147e-02
5.322913890452312530e-02
5.721126006135223568e-02
5.554147674448595834e-02
5.218089556142797153e-02
5.268479109295355622e-02
4.999892076930823742e-02
5.158218548477754017e-02
5.179708483696245092e-02
5.156884706297740206e-02
5.132809444459827952e-02
4.950186695685507288e-02
5.247968835332347814e-02
5.403190138680969562e-02
5.272167890899785714e-02
5.252345588573652940e-02
5.286264271266996606e-02
5.352578812108441109e-02
4.979765341182489785e-02
4.936264508726172923e-02
5.073592925680857346e-02
5.047591804900698059e-02
5.183903589413669383e-02
5.143493994389440604e-02
5.118873950301443959e-02
5.028486720200949639e-02
4.885867774181906764e-02
4.966464925152636045e-02
4.812867018666376617e-02
4.977482033459493943e-02
5.066926422655780582e-02
4.891326345960676780e-02
4.712827681250602446e-02
4.815370537504537474e-02
4.978333423155623105e-02
4.958283666466464096e-02
4.719842799803957573e-02
5.266362194456280371e-02
5.205975999314697150e-02
4.640416951198877288e-02
5.194485832902680233e-02
4.985184839790406802e-02
4.777710627754266220e-02
4.824562554203127435e-02
4.762014214007284640e-02
4.506377603436811236e-02
4.684889569074746074e-02
4.741867412620877353e-02
4.800221405538779990e-02
4.538275802394210745e-02
4.849630910199441425e-02
4.900079035725236204e-02
4.694575395973764331e-02
4.494664246249246292e-02
4.509133229261811510e-02
4.759948762000539707e-02
4.784893232470821545e-02
4.866008555500896116e-02
4.656493115856689263e-02
4.585314089734728038e-02
4.611564457168918635e-02
4.663779397151386619e-02
4.463273371003444179e-02
4.616830652156611592e-02
4.742816917713976038e-02
4.532399560254329884e-02
4.514293956254344931e-02
4.625544838500462302e-02
4.335411878085435045e-02
4.519706203397062805e-02
4.132221021222611673e-02
4.418754273885779071e-02
4.471886420338248153e-02
4.637865368012727280e-02
4.393992341267531632e-02
4.463073039971639927e-02
4.395307732151784025e-02
4.445484570587533019e-02
4.465378929466755353e-02
4.404431690519157450e-02
4.303154183507212210e-02
4.237198683315812620e-02
4.403027020843588990e-02
4.299322109384439566e-02
4.500314823368767314e-02
4.109300777300013002e-02
4.389856216512125209e-02
4.232627135243571814e-02
4.224240050633602112e-02
4.350268803864642403e-02
4.094008604970037629e-02
4.340543833444954203e-02
4.083118345156051127e-02
4.180815837142305702e-02
4.123831830578176399e-02
4.228045106389332480e-02
4.081669520225895964e-02
4.034146789271318700e-02
4.074362285958809532e-02
3.974460420912891839e-02
4.454771272469912335e-02
4.096720619162855237e-02
4.178866607258747978e-02
4.504433412161258643e-02
3.936217098465480402e-02
4.178912908215973859e-02
4.160658240981881389e-02
4.160768463028970826e-02
4.004784208582869154e-02
4.011584351024660017e-02
3.977417538658262891e-02
3.813925521324515455e-02
4.029897848649859754e-02
4.449749644616714933e-02
3.803466385624248991e-02
3.910727494992337350e-02
3.810935627213705296e-02
3.894563993519337131e-02
4.032990103045594465e-02
3.945259480695065962e-02
4.057660673499963871e-02
3.900206418433074806e-02
3.836721268831683879e-02
3.844872662032990107e-02
3.673455844866845704e-02
3.570970444202581362e-02
3.918152292399854075e-02
3.771202993631352085e-02
3.864595174162978319e-02
3.928397842826180514e-02
3.551306468368876229e-02
3.591698711401279664e-02
3.676771413447411235e-02
3.656422150809347793e-02
3.588140870301301938e-02
3.458806441280119770e-02
3.747828272327735633e-02
3.569565260457231715e-02
3.660243332086225015e-02
3.730608558148418991e-02
3.546488548100282245e-02
3.647934959726736870e-02
3.594735322445088976e-02
3.449713824710178012e-02
3.614495958784925966e-02
3.523075618980965606e-02
3.652693204168611096e-02
3.332805090342745580e-02
3.728898095610028163e-02
3.444583064097784392e-02
3.381162369876491991e-02
3.482608335611196704e-02
3.467940698152779250e-02
3.301757771624615201e-02
3.551979420627825873e-02
3.346897253830427577e-02
3.334127321667647303e-02
3.443529846702009234e-02
3.324251553564677719e-02
3.140394077860862027e-02
3.498610146180711200e-02
3.577541197891697528e-02
3.111152023881393405e-02
3.247955942418070258e-02
3.457692516526354731e-02
3.273799301580595372e-02
3.321443956346051968e-02
3.387021582637251421e-02
3.315465873270129898e-02
3.071149307545716772e-02
3.214927156186200841e-02
3.157966165582450774e-02
3.100406755837084929e-02
3.214612921367154125e-02
3.116125387959740867e-02
3.149823696421658048e-02
3.005037981121605473e-02
3.127764661812827696e-02
2.959008092512822180e-02
3.057206985491639842e-02
3.016797345188237250e-02
3.197267834512503015e-02
2.985654408650102037e-02
3.008666143736385065e-02
2.854030754477488233e-02
3.158067941774348603e-02
3.140654899414661860e-02
2.982191894131214216e-02
3.051696904951230888e-02
3.011810467242433120e-02
3.000276959631251877e-02
2.944918596070640951e-02
2.939044855041930346e-02
3.105915290265736511e-02
2.990488900392555827e-02
2.845468588325743287e-02
2.919422783003846819e-02
2.795826644022144508e-02
3.026453601968064067e-02
2.734783810480282198e-02
2.814307579084744312e-02
2.749502557409628373e-02
2.775595689197073168e-02
2.838170609517154733e-02
2.746805466515972807e-02
2.655271911326459108e-02
2.669906225176577053e-02
2.729165466183456137e-02
2.769952353355557492e-02
2.682480081984319961e-02
2.827417829969968571e-02
2.682143439486905229e-02
2.788376577723156516e-02
2.551227903819222251e-02
2.534437976015384286e-02
2.758144886631155521e-02
2.695214166788863219e-02
2.565538455940306189e-02
2.735205961549216566e-02
2.456151835024757146e-02
2.588039968032060031e-02
2.568379452122603046e-02
2.543007789837915117e-02
2.510369289857038860e-02
2.661183311126896420e-02
2.624130722906045307e-02
2.516309836095921917e-02
2.711601219479905373e-02
2.548229642351244884e-02
2.622593486566878254e-02
2.476835496548385196e-02
2.394635643451143575e-02
2.389735977966592553e-02
2.566291957765940573e-02
2.504930250659460206e-02
2.482744258997598638e-02
2.410285218172113220e-02
2.504667230513189097e-02
2.443355867612568080e-02
2.500340398614347634e-02
2.352448503750002515e-02
2.362769307341623659e-02
2.371897361826230677e-02
2.319301072429006544e-02
2.304626671779025013e-02
2.452543087638183947e-02
2.309514510549426358e-02
2.286382674782124966e-02
2.234619857716350910e-02
2.236797662520582930e-02
2.222630224238062238e-02
2.284054740211453188e-02
2.234952460123295487e-02
2.215697737480567392e-02
2.231376869490528034e-02
2.148904369767096895e-02
2.123117051346517375e-02
2.173876901068954454e-02
2.113288042712765241e-02
2.382648572710673734e-02
2.209031062953657754e-02
2.186735925530826352e-02
2.210137062013426898e-02
2.169001094050036077e-02
2.091288060733322018e-02
2.035606114799528091e-02
2.008345278114447019e-02
2.122770220288205598e-02
2.039524430570755636e-02
2.070253628997716783e-02
2.079023363884805603e-02
2.030926645176728620e-02
2.043165809316439818e-02
2.022323687817243962e-02
2.012809878043886336e-02
2.083929986490930253e-02
1.847115720712588782e-02
2.116081535329109378e-02
2.019267248709731219e-02
1.957977257534481916e-02
2.060014966631745423e-02
1.953338257495288929e-02
1.933101859378731288e-02
1.851465005072372091e-02
1.915545116742200724e-02
1.832430002803259531e-02
1.940039299802110567e-02
1.902124562198909130e-02
1.933905584006926498e-02
1.819711992579944176e-02
1.765519501205614281e-02
1.836671405306141217e-02
1.882087349599878556e-02
1.804014133515395232e-02
1.824262709644310088e-02
1.870271676621354864e-02
1.781224546271837142e-02
1.789837356288012313e-02
1.742862638333656997e-02
1.692928460253390402e-02
1.704008385726077032e-02
1.738876304036912276e-02
1.771878055192934592e-02
1.704103025691046033e-02
1.656365909744272197e-02
1.671352876752194017e-02
1.624322895324406546e-02
1.763065286531758508e-02
1.729979445535541338e-02
1.875504297936768372e-02
1.652940913557358546e-02
1.616754959940568462e-02
1.629463084757190941e-02
1.608283399293966576e-02
1.681655151266103418e-02
1.588313247243643145e-02
1.657410070892866016e-02
1.484394288468196370e-02
1.477397323803588368e-02
1.534641364807548709e-02
1.474381762241002564e-02
1.460273821671221987e-02
1.509924647125137839e-02
1.601784452311536336e-02
1.469709782438376709e-02
1.448881205326125500e-02
1.474577797936629971e-02
1.419448487655793588e-02
1.532970193501504569e-02
1.450815704305154566e-02
1.412632695039796500e-02
1.479811307800091465e-02
1.377799305260578137e-02
1.389980739625815316e-02
1.455839957087770239e-02
1.381836867015289946e-02
1.406877068717607600e-02
1.349791632999815943e-02
1.454020292790792791e-02
1.622248707025854969e-02
1.699767505125683933e-02
1.324301374352862375e-02
1.416093160597405726e-02
1.280211665655929879e-02
1.261997282557179509e-02
1.385178779508457712e-02
1.217065053418098057e-02
1.263161215175731891e-02
1.286687334781543186e-02
1.360493752180404019e-02
1.309900283421313455e-02
1.256239008283934096e-02
1.192073174319293466e-02
1.181742977784682597e-02
1.236960820296874840e-02
1.249249972797476446e-02
1.160764127153985151e-02
1.185571245466132510e-02
1.225999435655897307e-02
1.219183563231559381e-02
1.161489784407117656e-02
1.133777621010236512e-02
1.155950994913218163e-02
1.071680010287464485e-02
1.127359332929118649e-02
1.181125860812918572e-02
1.181754394721485669e-02
1.091338848341194545e-02
1.091095755704345888e-02
1.080512072073034485e-02
1.018289574844640465e-02
1.029372433524356964e-02
1.098199434608912277e-02
1.006004852271854405e-02
1.147137868489617012e-02
1.033618728097548088e-02
1.027012796099494030e-02
9.953344937894018779e-03
9.854507352108108492e-03
9.761554534082433204e-03
9.978591989952906305e-03
1.048524510885694323e-02
1.009195545243525040e-02
1.000292567997247001e-02
1.054844495598786062e-02
9.617560584788218542e-03
1.023391262975259161e-02
9.029315221505873970e-03
9.591593687062301837e-03
9.000975594641098115e-03
9.644524441703543338e-03
8.731735627281691017e-03
9.101135763293154157e-03
9.214383874637145297e-03
8.827834809490387596e-03
9.044897750412318749e-03
9.446039574138972300e-03
9.176628985154804130e-03
9.115260176732737848e-03
8.438460152468615916e-03
8.758272751949375268e-03
8.107875767133853467e-03
8.221520678449204325e-03
8.236766778412493717e-03
8.559725968044124694e-03
8.252850714038023963e-03
7.946227234539613576e-03
7.880214706393664018e-03
8.250125944951057153e-03
7.775083281495833928e-03
7.980418699951181624e-03
7.617573268883280103e-03
7.966773934877354260e-03
7.595043895908458638e-03
7.798702586997589663e-03
7.436505403115301061e-03
7.947454558265959132e-03
7.338836996487996776e-03
7.654928167558038704e-03
8.188349428303447544e-03
7.252725552589914595e-03
7.789187121748310585e-03
7.027760771943716497e-03
7.476071187756958350e-03
7.166869462445320076e-03
6.859291542381635264e-03
7.317063396008329813e-03
7.291086513217045692e-03
7.216934706882283980e-03
6.877520004043504061e-03
6.868468479277901190e-03
6.285322481996068363e-03
6.614144893832459189e-03
6.815167880890011555e-03
6.715264564677887217e-03
6.205697117018159521e-03
6.254701603806451550e-03
6.206595071451758219e-03
6.027123350206765179e-03
6.220222105939253975e-03
6.351720651562582469e-03
6.549568583116229317e-03
6.155552922137615297e-03
6.301858804557160937e-03
6.476840334492241398e-03
5.956944350005427893e-03
6.262755151553675917e-03
6.331942114374435396e-03
6.069007440261147378e-03
5.723975238681446205e-03
6.740331098525459939e-03
5.544967302575093925e-03
5.842199009272634053e-03
6.090978650417557851e-03
6.106841554130308485e-03
5.586750868034845094e-03
5.613864810913809719e-03
6.910370512733982756e-03
5.988801291828545897e-03
7.156462388731147685e-03
5.800951821796559126e-03
5.649140164880288653e-03
7.465220461718210382e-03
5.810565327017607612e-03
7.216822748726436226e-03
5.113668506465514525e-03
5.021647217899083936e-03
4.863458275720424981e-03
4.737604745893803614e-03
4.424880992519184854e-03
4.857458413159456562e-03
4.671445111927480069e-03
4.613010764497941368e-03
4.596735290639237734e-03
4.216219628251154442e-03
4.400875320125893081e-03
4.121674877898383847e-03
4.079637133242608460e-03
4.156191435087447025e-03
4.172174514670586379e-03
4.007302163730784052e-03
4.049914404995661084e-03
4.007377547460631850e-03
4.295039518673693900e-03
4.120518048475478937e-03
4.327050010232934979e-03
3.786777702243907407e-03
3.779725720891495208e-03
3.878042031797832544e-03
4.190234184160987821e-03
4.106547948787613034e-03
3.793114937989558195e-03
3.734350312885191276e-03
3.907751547643343107e-03
3.832628473818771794e-03
3.485876343649298419e-03
3.757999666660507762e-03
3.446569260404015213e-03
3.597172605127798174e-03
3.711017186532771482e-03
3.524006586901457221e-03
3.424384715227528613e-03
3.546581080656366607e-03
3.357607478715709300e-03
3.357578477170685295e-03
3.198405012024383744e-03
3.282044452802200703e-03
3.362287741167870828e-03
3.458745209933871984e-03
3.230771244329326206e-03
3.287882072807238321e-03
3.224617356006325916e-03
3.248785682123229556e-03
2.790534451747784910e-03
3.195466491169702238e-03
3.177177812893504025e-03
3.442550207793909200e-03
2.821600691332808337e-03
3.409601607673391592e-03
3.335036027253972506e-03
3.273242097294242967e-03
3.799129420556779119e-03
3.237469223312573925e-03
2.953740646954482445e-03
2.716192709688085294e-03
2.893885325076880899e-03
2.641891409277753559e-03
2.960264371264522808e-03
2.692069191214732475e-03
2.746257264867783300e-03
2.831599465242037351e-03
2.807775566679778824e-03
2.455657031041302320e-03
2.440665023937718843e-03
2.609395001979485616e-03
3.032878042103810158e-03
2.909286971070550436e-03
2.799135430401398020e-03
2.935139638501488030e-03
2.647293144858159104e-03
2.408607183619519438e-03
2.257535018852583307e-03
2.083122225966477486e-03
2.341664773448883744e-03
2.082280587686711516e-03
2.189563348010806210e-03
2.446475135805467604e-03
2.386772180758202789e-03
2.238023820678192513e-03
2.225240426981854244e-03
2.015340223675573302e-03
2.026027407832887810e-03
2.014540893694792209e-03
2.094904314651562481e-03
2.012890992361814069e-03
2.037003714626225721e-03
2.206368209657846857e-03
2.067071037393173813e-03
2.111569734072428050e-03
2.250644589201638429e-03
3.168798357807423027e-03
3.274903410279501360e-03
2.898027022536810594e-03
5.785192092961414373e-03
5.114606210902114189e-03
2.874974752369412623e-03
3.168519678384731919e-03
2.232331467040198341e-03
2.588466203209982032e-03
2.359906127444612745e-03
2.307962864300020216e-03
1.775856135765805201e-03
1.805311758723831790e-03
1.520153713325716636e-03
1.627184046562946042e-03
1.575782554724220299e-03
1.490551813354434483e-03
1.510548621390211434e-03
1.555619492953729758e-03
1.520235211574357849e-03
1.453023057572385346e-03
1.441497634318466810e-03
1.446708575725036547e-03
1.325312732248655739e-03
1.422243850036814059e-03
1.503756873184275943e-03
1.231187952986702696e-03
1.378905922191987635e-03
1.325376004160362447e-03
1.289838071028203033e-03
1.357231534263666920e-03
1.438622424668228395e-03
1.205660487988575872e-03
1.192484716569614141e-03
1.260252512534411730e-03
1.211960627329324112e-03
1.146559823028173728e-03
1.179565858226847485e-03
1.154927305626159183e-03
1.191002569923180513e-03
1.105943438905824952e-03
1.154379940293982516e-03
1.134167822269265642e-03
1.039159650856062841e-03
1.161109324974182126e-03
1.154311799843396255e-03
1.066437258691016899e-03
1.076955039387652311e-03
1.023396536292464631e-03
9.628420757877662484e-04
1.152865540514074350e-03
9.646143637790116111e-04
1.039839330505716846e-03
1.123186153610730448e-03
9.498692326614499972e-04
8.897112215836160999e-04
1.196400399127690341e-03
1.601106877263987508e-03
1.564998703295642380e-03
1.628738213072682996e-03
1.971132802393203536e-03
1.723165429862123788e-03
1.667619262302821783e-03
2.160054243343814944e-03
2.841701211019226694e-03
5.136422352672150894e-03
2.310167784665249566e-03
2.490409582861748301e-03
1.594622032929631211e-03
9.039862781831107304e-04
1.056856636362466743e-03
9.249166768430551466e-04
8.837553284873300675e-04
9.917248633850206298e-04
1.119030037238605019e-03
1.231273790240955098e-03
8.529156552294745071e-04
6.783772710608834558e-04
6.694282464865587180e-04
6.744177288971185159e-04
7.044144925353330432e-04
7.075286258204942962e-04
7.330094428621566297e-04
6.577394700283210188e-04
6.674189218302049691e-04
6.768712017992952693e-04
6.274940662929208391e-04
5.400664032097083136e-04
5.835464707668825074e-04
5.447153204924753099e-04
6.105809878476064481e-04
5.799725825081835035e-04
5.121291353952533336e-04
5.174721867827514242e-04
5.442131679373442494e-04
5.238286937872171836e-04
5.018160598396765974e-04
4.778176065225787526e-04
5.058683974369439533e-04
4.980442377579829020e-04
4.992448606276893731e-04
5.343138207108262495e-04
5.577158812835774412e-04
4.920377170925449226e-04
5.936072797501603304e-04
5.582813801962605319e-04
7.332592979339679637e-04
6.941572680061018370e-04
6.173440616114273622e-04
1.137430804500806072e-03
1.066929322265188157e-03
1.041425477093812493e-03
1.063832553339678563e-03
5.977355797384383083e-04
6.443282411659091843e-04
5.689644764514417046e-04
5.367020167125885737e-04
5.160504638683967044e-04
5.322504306114721065e-04
5.992486192600625329e-04
6.388333281906424148e-04
6.849002197095202223e-04
6.346611702083855945e-04
5.830590380278895691e-04
5.614436486815981399e-04
5.276686554335433942e-04
5.687825277428254500e-04
4.908345591636577559e-04
5.012795705103383894e-04
4.230009808362651625e-04
4.731250797046337563e-04
4.630242742634360490e-04
3.728417348894093124e-04
3.682377473408397577e-04
4.857583585543217924e-04
4.415805891055934193e-04
3.995772631977994108e-04
4.632374895927109603e-04
3.824171375870905054e-04
4.245554448863737970e-04
3.804002190858542525e-04
3.581977271247206631e-04
3.599007095533617246e-04
3.398979948877220935e-04
3.353813342875244666e-04
2.540895165164513405e-04
3.017033528794641557e-04
2.937115800567513773e-04
3.097359977345387613e-04
3.180398469590855429e-04
3.903353669716616179e-04
5.249337150510118878e-04
5.059058457052150208e-04
1.112013442444160539e-03
6.531509765349904776e-04
4.668558652283739886e-04
6.090732103445178599e-04
1.031652235403878338e-03
1.031270845005431225e-03
1.072974722220398696e-03
7.676041804511097482e-04
7.586937482763067564e-04
1.706637182337528320e-03
1.350228516823218311e-03
7.498685760191274672e-04
6.650848412947308512e-04
7.342001567533603572e-04
8.603234333711744187e-04
5.150611630578466648e-04
5.207946674452450025e-04
5.910905487401202450e-04
3.762448017271898698e-04
6.737312024195361067e-04
5.334549822485576019e-04
5.203472444909266331e-04
2.940612617943686564e-04
2.546867207574970418e-04
3.184580379464411071e-04
2.130426468497559529e-04
1.984008845987578218e-04
4.032261243883484354e-04
2.572047603655738075e-04
1.784552762320978762e-04
2.331750510787475035e-04
1.822267262067541415e-04
1.766662114462409338e-04
1.737898242998545150e-04
1.402833542201798519e-04
2.180417358571862013e-04
2.540556357420499251e-04
1.652825149224174974e-04
1.462883923591869759e-04
1.585209693683026352e-04
1.610750533172734735e-04
1.880561594124336149e-04
1.904041625376856237e-04
2.691246679568406433e-04
2.004181855917696589e-04
2.086628774045018659e-04
1.884512003043007494e-04
2.039824198429779421e-04
1.770447069977512851e-04
1.240227981039955974e-04
1.378089851741310008e-04
1.834003068414696174e-04
2.315912019250510739e-04
1.816187475073835825e-04
1.559073027324419216e-04
1.768389791302790422e-04
2.586974584153957108e-04
2.152651465442330945e-04
3.139118879659695224e-04
2.840221741924427905e-04
2.252667960149925088e-04
1.985286539501065302e-04
1.661118111298170497e-04
1.753165602247889359e-04
2.673420588740152036e-04
3.135576041943041324e-04
4.387808071209563297e-04
7.225989208287352797e-04
3.133802903356860329e-04
2.509497249799678086e-04
3.018382657057342897e-04
3.859042373268853680e-04
4.036539752628582841e-04
6.969305320276332223e-04
5.127463590961262203e-04
3.086471815374847529e-04
1.684841129899396922e-04
2.303606076370932399e-04
2.040629220140941684e-04
3.078496616603940226e-04
2.154380162123152424e-04
2.996985115635864027e-04
2.191194700186032622e-04
2.876387253590244721e-04
2.536701291434697919e-04
2.001222576216166995e-04
1.608480943111164816e-04
2.022169134931072918e-04
2.500016937830885086e-04
2.741932885216789286e-04
2.267193857725432050e-04
2.081121445864700370e-04
6.328195612878477570e-04
7.210732545957367718e-04
7.014808434286459206e-04
3.707375052352469206e-04
3.913277165473158016e-04
6.076463143871441283e-04
6.127190713316407484e-04
7.276571535582971977e-04
3.578612291569628363e-04
5.192719943836455977e-04
9.127468457256159278e-04
3.752769973428362097e-04
3.776524188606195510e-04
2.562664514900286883e-04
2.888538966855472593e-04
1.914593384784977234e-04
2.124664657239861722e-04
1.908348398754151421e-04
2.754207193504867998e-04
1.693380896075723360e-04
3.348014158190088592e-04
2.696508318560625708e-04
4.131968474011779883e-04
5.410217130806551072e-04
4.372607937734572536e-04
6.124069436904781014e-04
5.325361312736103751e-04
4.459020254150398922e-04
3.544973648043779537e-04
4.696673918147654752e-04
5.030776650517129137e-04
3.081364396006281217e-04
4.059398260997471660e-04
5.763427902536320422e-04
4.679678765547334884e-04
4.307288337035546110e-04
4.619359354155666347e-04
4.984958444186191788e-04
2.055683146020329227e-04
1.251979103397451152e-04
2.248286669004279168e-04
2.527799371565329456e-04
2.704868736597566391e-04
1.855089049070583025e-04
1.082107572869467425e-04
1.592138949784626051e-04
2.708193202784411348e-04
2.208221682300872172e-04
3.019443524176563176e-04
2.023597470330185523e-04
1.671231422120554241e-04
2.226429628655516137e-04
1.438381145199944268e-04
2.223813050057864261e-04
1.117903329518822229e-04
9.261041249058253968e-05
1.206699649022412705e-04
2.738857422660594056e-04
1.821340347948894104e-04
1.522440232736785857e-04
1.578607523169510418e-04
1.683025936155566960e-04
1.420744039309736390e-04
3.052246661710469183e-04
1.618623847471492908e-04
1.989313162034368439e-04
5.904159486874607874e-04
2.288697125232276933e-03
1.731023602807900972e-03
2.328538081309081652e-03
8.556858958773744944e-03
2.492029009623904744e-03
2.457789907383619785e-03
1.433995584931134102e-03
5.231688334662957249e-04
5.303019088125584700e-04
3.072416714566105086e-04
2.292698644786873548e-04
2.642175992747985351e-04
1.245553198672837180e-04
1.257070706740178205e-04
3.114481500541385248e-04
1.759624802406497580e-04
1.659226594620422264e-04
1.159995072059428529e-04
1.015825852633766527e-04
1.186240856055937888e-04
8.281368146244732522e-05
1.261287256064905378e-04
1.007114408353650977e-04
9.214154150260280571e-05
1.943578932795393232e-04
1.215513499086256225e-04
9.773149506311188685e-05
2.134184659582996906e-04
1.857546483753790727e-04
1.724136154097734113e-04
1.613000401699663292e-04
1.711675502926441445e-04
1.646374124934422381e-04
1.413018520553570507e-04
1.173616082146083602e-04
2.333344175114842873e-04
2.801948245319219001e-04
1.784035104125285059e-04
1.356635592003535627e-04
1.000625488179072222e-04
1.749520089361783774e-04
1.963452471279228124e-04
1.017830031343243001e-04
1.212950366371531061e-04
1.840202724257250890e-04
1.493717099971279068e-04
2.284335759944563951e-04
2.451805602331291549e-04
2.714341957148270253e-04
1.704080261739716125e-04
1.343898435316179588e-04
2.250694648787216953e-04
1.487514185140472562e-04
1.100978840832971841e-04
4.293852609553037623e-04
2.420171458828983691e-04
2.003164795465623154e-04
1.728640076001251500e-04
2.148307757339691139e-04
2.619759186659525118e-04
5.316580316431721975e-04
5.393257440382309871e-04
3.056538973566774861e-04
2.309811048930254481e-04
2.285391196919841497e-04
3.134545856315712432e-04
4.414905674585169735e-04
2.461148668048936724e-04
2.531791451439824683e-04
6.105728234118561496e-04
6.766814826851580596e-04
6.835274914167772421e-04
4.705403125989290327e-04
4.129687349354137899e-04
5.148583618194738868e-04
3.164302847169492131e-04
3.299926156265883164e-04
3.161453113450239162e-04
2.203040633670766651e-04
1.759495681934533933e-04
2.836393946351084181e-04
4.277027285811598324e-04
4.442671194314285941e-04
7.228647997776715354e-04
6.216899796998365865e-04
1.230319433946011403e-03
1.361089813336210236e-03
1.089652452831091616e-03
4.031539799887872842e-04
3.512976862319263532e-04
3.440825568971513353e-04
2.317388734299769134e-04
1.795762950892984045e-04
1.312712270171876520e-04
1.504231881088500362e-04
1.356370014407830965e-04
9.715430431496053132e-05
2.018611246067220327e-04
1.538379411900954626e-04
2.611369588339310641e-04
1.646612879433207723e-04
2.024505192670407851e-04
1.186683499200261784e-04
1.266512661099677788e-04
1.670986651679400882e-04
1.704388063210210435e-04
1.310351138223577025e-04
1.263368164716503306e-04
1.834034434307325954e-04
1.538891065720866217e-04
1.454005827055240071e-04
6.774817851699155898e-04
9.748715950739650230e-04
1.947627432874683966e-03
2.069994490276785663e-03
2.006928823842029589e-03
1.730867673630007327e-03
7.983664771429104749e-04
8.940299633717713147e-04
5.826213120056126073e-04
6.700467884723030612e-04
3.700625865649889582e-04
3.343555641676759478e-04
2.833890228331682379e-04
2.593337178275593210e-04
1.848265008232813876e-04
2.707130044413599943e-04
2.379087246849596372e-04
2.051652956435343306e-04
3.011386553519934868e-04
2.792927526201620966e-04
2.081730522414259211e-04
2.115036459665040937e-04
2.244693654355686956e-04
2.812357897057492662e-04
2.005147029905298274e-04
1.232535448774798670e-04
1.631092653915534733e-04
1.216267842018581042e-04
1.114064868910154580e-04
2.837269728106147650e-04
2.030783485860118177e-04
2.547061144227802756e-04
2.717040487558357396e-04
2.100409662294982279e-04
2.736811016284487774e-04
2.637718213498701082e-04
2.572436570905848414e-04
2.204176483512470803e-04
2.286827946726374173e-04
2.415294657903357294e-04
2.242886721609014329e-04
3.010822784465482503e-04
2.721312748966484138e-04
2.770156232362492601e-04
2.103923295030221447e-04
2.271276404600182537e-04
3.252479738375368946e-04
3.370032904420203678e-04
2.579540413691737291e-04
3.753719777399315474e-04
3.078026458481485940e-04
2.825220847707128049e-04
2.462812025683576997e-04
1.647086052049598869e-04
1.624703303828736278e-04
2.658858618909139379e-04
2.510254093451087429e-04
2.365938012020783179e-04
2.394864325174256466e-04
1.810923559868337545e-04
1.428485061059632077e-04
2.664934241992771837e-04
2.155959007715484545e-04
2.160044089572925644e-04
2.100178113932436418e-04
2.708434374208726846e-04
1.928011932232869116e-04
2.903672895664184575e-04
8.653874232013858414e-04
9.776218445393133980e-04
2.225598478860610959e-03
1.997211234960794349e-03
3.700463911025635762e-03
4.218863060460816689e-03
2.392317689231754710e-03
1.689474825798164929e-03
1.314156660931530777e-03
1.065739843458729085e-03
6.332321532323843122e-04
4.416221619650201389e-04
3.341039647950609366e-04
3.745848347339095067e-04
3.235300498082196562e-04
2.015956540241206380e-04
2.182530633533673510e-04
1.684596147312193324e-04
1.663355420602928233e-04
1.290400232902128822e-04
1.764806675719675854e-04
2.049060524986460075e-04
1.703662004180505653e-04
2.452665396249692812e-04
1.930733336006155965e-04
1.318953464417626034e-04
1.177970788673864550e-04
1.459833976977371298e-04
1.697832581998145400e-04
1.421430265728194497e-04
1.515996694612020061e-04
1.264690188055460807e-04
1.663325135623005884e-04
1.484853531733049852e-04
1.440246122128536024e-04
1.320026464503315121e-04
1.496530147631211711e-04
1.514631187473431859e-04
1.681606452905252947e-04
1.818624233441265743e-04
1.834665067336975594e-04
1.616856884904393371e-04
1.808558151862629771e-04
1.186510157177223841e-04
1.513118667892487772e-04
1.443998984458681560e-04
2.453861552506487066e-04
3.166566446276565506e-04
2.609610994330039692e-04
2.491788160612514163e-04
2.417984511706668441e-04
1.899811137332077027e-04
3.090272492256799911e-04
3.370202219115432272e-04
7.461407014202261091e-04
2.043956937373662616e-03
2.180669256822416729e-03
9.372856480825228096e-04
4.721414868905813244e-04
3.346485649739239254e-04
3.434510678926333983e-04
3.393503311570238764e-04
2.520480116233531553e-04
3.296135770683652913e-04
3.201696769464858769e-04
2.190202586601150284e-04
1.765793485709974016e-04
2.259389835044236172e-04
2.017889900501693427e-04
1.396428628520352531e-04
2.651054084307194383e-04
2.194620894524721701e-04
1.796093480166516645e-04
4.219401177630932110e-04
8.427698359253697714e-04
1.002828761076172449e-03
4.038216766042889891e-04
3.658550640317081038e-04
4.644852101650552220e-04
3.897117124613511422e-04
3.305957516008575488e-04
4.806685085986652037e-04
7.063304870610096018e-04
9.620026462800330665e-04
4.221593014259389181e-04
4.203646588365451638e-04
2.917590479732297144e-04
2.425082948979671870e-04
2.616207215360296604e-04
2.577087842761925933e-04
1.780945775291846108e-04
1.563747439510980225e-04
1.993882971156059856e-04
2.039985010292580067e-04
2.114422320995931249e-04
2.135162362112346746e-04
1.686992929344432145e-04
1.305383812502578476e-04
2.160422096340777049e-04
2.170452240099724026e-04
1.923526252865711823e-04
1.545643580252201133e-04
1.862489838132003900e-04
2.240647144445969904e-04
1.883587341967682567e-04
1.441959108008010557e-04
1.553733812269425291e-04
4.370892302959781314e-04
5.125389777967770226e-04
6.972695181787102623e-04
1.009122924184899283e-03
8.167486921294481086e-04
6.925600659764617577e-04
4.471009529565026343e-04
4.634522035401707142e-04
3.119053746016891486e-04
1.951709209512594704e-04
2.347733311743346700e-04
1.967513771396092834e-04
3.019100309420329675e-04
2.238907001635292862e-04
2.166053191880633810e-04
3.049938050934243670e-04
2.733725868595004733e-04
4.188639567593579961e-04
3.809597429553550569e-04
6.550579436418299453e-04
4.891283669902362925e-04
4.624928930818186248e-04
5.256108088193712103e-04
4.380870381791364832e-04
4.049365950110336084e-04
3.481580383790884234e-04
2.546212245753627147e-04
2.539443062180467758e-04
2.870879947320934596e-04
2.514657830384835332e-04
2.945393172546147977e-04
4.540298446664717486e-04
1.188957329543880066e-03
9.445482658181526695e-04
8.572360571286733637e-04
7.082927411059154743e-04
3.969380719565015212e-04
3.766388755532448633e-04
3.801862912801572971e-04
4.540373168256369232e-04
6.098867268174662602e-04
1.066678270801330953e-03
1.217499848433006935e-03
1.517447286505502375e-03
1.632352766772223514e-03
1.924551879338164606e-03
1.474818719760962989e-03
1.746491131305983203e-03
1.161036218718056309e-03
1.022954043798661060e-03
5.794859601239622402e-04
4.831332137105694342e-04
5.147417447253565615e-04
4.811343132078199549e-04
6.492719903055694120e-04
5.342406113681425883e-04
4.400531100935472172e-04
3.587657037315102244e-04
3.205181696880156426e-04
2.932808368808455311e-04
2.679024165193433595e-04
2.099405512718842198e-04
2.334970296602943392e-04
2.524143935540368658e-04
2.318843816623071639e-04
2.166230946128561944e-04
2.550482885554680008e-04
2.106823610720229072e-04
1.417152487524143587e-04
1.570916372822376596e-04
1.605005321521089435e-04
1.533602863024161370e-04
1.703063771288800237e-04
1.382359231288715282e-04
1.536018126549027439e-04
1.752164742655887536e-04
1.471352095479287118e-04
2.386464680679035197e-04
1.974164773240108918e-04
3.269694637632911496e-04
2.706822345210800271e-04
3.156180549641465554e-04
1.999113626977521937e-04
1.981349424165957545e-04
3.368819800949260910e-04
5.993740560506501894e-04
4.170231063542027697e-04
2.038801893938821483e-04
1.735587540149762236e-04
4.007581929147057223e-04
3.092299363835602664e-04
3.624547369370373904e-04
2.581803302648298052e-04
2.255921185078631273e-04
2.436393715461528965e-04
2.435949316183361581e-04
1.626617971378501739e-04
1.606862696838211996e-04
2.717575810420968358e-04
3.101122507572937016e-04
3.552249727653424656e-04
3.119545532814597391e-04
3.303123797562929043e-04
2.868150816867918226e-04
3.238148988114589221e-04
6.767622724506408474e-04
7.593346211281417225e-04
9.116943874250889746e-04
8.591678797105321581e-04
1.635027372584821120e-03
1.830972258167848582e-03
4.454205342512409854e-04
3.792977963984637342e-04
4.131462996479423415e-04
5.120062092419211701e-04
3.228124159498762798e-04
2.612086374395860026e-04
3.022894457233848693e-04
3.057787152271938618e-04
2.966731278719322916e-04
2.495016023171171978e-04
2.719142690551734848e-04
5.027435211171650932e-04
2.332417855517748319e-04
2.565472922553937497e-04
1.730455752669289625e-04
1.663139629608756896e-04
1.527623108255108362e-04
1.385025149957075743e-04
1.682019922002561305e-04
1.777599315123015017e-04
1.627317776862835324e-04
1.615456372419298773e-04
2.034811898886240158e-04
2.333351358678900330e-04
1.874942720033482754e-04
1.933396200188262112e-04
2.956117518856704639e-04
2.714341668007928809e-04
1.593031046719494824e-04
2.044552911633072299e-04
3.377503405546617788e-04
2.348019409069321240e-04
3.395277279912505648e-04
3.464314695571499617e-04
3.201477449560752981e-04
2.420352322351478698e-04
2.582200538755253291e-04
2.559382738303207110e-04
2.282198327130930782e-04
2.126871041122040790e-04
1.929673037923381525e-04
1.851406453391197951e-04
2.008060682114655437e-04
2.117617404483463348e-04
3.634575183529218647e-04
4.945744800002296795e-04
3.987417114954691318e-04
4.351383390693765326e-04
4.009633125068608325e-04
2.683175007001917158e-04
1.772077154794544636e-04
1.524191356999864231e-04
1.047005298798345870e-04
1.370249986307561535e-04
1.716863697798024500e-04
1.383440155823133146e-04
1.772162092971501189e-04
1.407288397966960901e-04
1.234713998290705656e-04
1.171632888464488239e-04
1.357607576782693154e-04
2.132584789483531152e-04
2.676267658538732412e-04
2.355795143036556278e-04
2.791288835601778910e-04
4.371175732293098811e-04
6.410405522287594129e-04
3.985317619795318090e-04
6.182150875742272508e-04
3.896204296404524197e-04
4.288430134374712288e-04
7.155759238912067898e-04
3.998115612078219382e-04
3.793220207438553889e-04
3.208544178208904904e-04
2.958518490926153070e-04
3.050880073847617646e-04
2.850409573064257218e-04
2.370198769239230049e-04
1.928725961595854487e-04
2.104338308577909295e-04
1.683773126767502048e-04
1.719798024773647248e-04
1.558812341922550192e-04
3.095115650884129100e-04
2.026882392188667425e-04
4.248123913131188418e-04
7.789764772850640276e-04
9.380960785464002036e-04
1.391211586906450793e-03
9.373940556850710601e-04
6.321568039541317118e-04
7.864085844099879012e-04
5.325555408115431036e-04
3.771255195710691843e-04
4.631603258582013744e-04
3.584664574722230194e-04
3.877426565269747141e-04
3.570607235209342727e-04
2.549429658541316180e-04
1.850482901247150179e-04
1.731838601503029381e-04
2.431905254074768108e-04
2.197532588643508211e-04
2.539816408792694869e-04
2.737278461020312419e-04
2.264192524260388406e-04
2.227992816773857678e-04
2.109169092057417393e-04
1.772902877235993727e-04
1.414184952932000694e-04
1.201962479348744125e-04
1.417229019870106584e-04
1.078660995461318902e-04
1.361331320738165974e-04
1.414623513241707595e-04
1.692496023371385595e-04
2.452341031531190662e-04
1.496718927378579871e-04
1.528369109097476404e-04
1.686828905709924077e-04
1.628077085364797877e-04
3.293591694084272163e-04
4.974659070316164765e-04
3.332276509581680790e-04
1.935860647666847313e-04
2.243438823815909746e-04
3.319299673840049461e-04
4.083757245147148708e-04
4.545903825449085613e-04
9.803302461917535755e-04
6.910737449243760377e-04
5.421243049474225133e-04
4.101650498351784514e-04
8.922364900451764487e-04
9.709708058731755190e-04
1.714671096122385519e-03
7.124427121049056212e-04
6.436538796970204136e-04
8.393918255910104735e-04
5.873470137335099883e-04
3.686062101822763695e-04
2.635994627287483794e-04
1.826557954595703294e-04
1.628049365614890154e-04
1.733627578848230262e-04
1.776826079028899432e-04
1.620276493923858928e-04
2.754435186275305141e-04
1.512369909326897045e-04
1.575008230720431992e-04
1.454666486946451932e-04
1.119808003708368759e-04
1.397874188705823929e-04
1.668603681201332378e-04
1.273828158994837656e-04
1.845257240414115152e-04
1.797087349545149933e-04
1.198071123830337330e-04
1.108188941630338260e-04
1.836184219004536222e-04
1.453718022410530899e-04
1.455073625537321681e-04
1.071028435892587696e-04
1.451498044699174551e-04
1.920917898821479172e-04
1.572355631043996786e-04
1.614625807237790622e-04
1.354605598841507677e-04
9.874741367988865213e-05
1.319610450151424848e-04
2.937178245023367731e-04
8.432149665781260312e-04
1.811026640956623366e-03
1.666099819436134277e-03
1.482666023183948356e-03
1.438589407909557577e-03
1.980148312028281836e-03
2.923206044532580556e-03
1.337317187415849092e-03
7.700393391915538906e-04
7.666991627651306099e-04
7.884145763304733394e-04
4.304398027861488802e-04
1.354031835520384005e-04
1.700203753355426502e-04
1.898143822859465059e-04
1.478635126398106779e-04
1.464036928674242969e-04
1.253076639818368637e-04
1.907307837449756147e-04
1.558845772356021316e-04
1.145756319546374305e-04
1.167266231856169817e-04
1.266913519373509902e-04
1.447057938140387985e-04
1.382477357910427923e-04
1.223479625534964078e-04
1.496222762425647370e-04
1.457620952506701896e-04
1.395841478487441767e-04
1.323189467545949174e-04
1.330635749406979928e-04
1.452810446740277492e-04
1.174172627721457353e-04
1.475527416100041599e-04
1.792111340515074999e-04
1.384156478656859801e-04
1.527022369840194606e-04
1.377543608821896605e-04
1.337554333952182552e-04
1.880682820467399698e-04
1.757894542553719045e-04
1.781159823975881761e-04
1.587872261534901096e-04
1.765807676827417234e-04
1.659100751423847619e-04
1.773959751560602355e-04
2.460763066043913645e-04
1.261559689241640745e-04
1.265889116118634587e-04
1.284705583425249870e-04
1.365531953597948613e-04
1.068833769412081726e-04
1.110420946626808906e-04
1.010523276180711616e-04
1.133151989067347873e-04
1.168983992010545010e-04
9.221493215829430106e-05
1.249925549087453494e-04
1.096255767990007824e-04
9.688425979423033419e-05
1.309666177145921433e-04
1.144568632399843127e-04
1.114552747413664804e-04
1.333553699045059648e-04
1.291479323938520701e-04
1.956367404582935385e-04
3.578524950261119820e-04
2.302942110087890560e-04
1.424633085614985173e-04
2.818456653788019924e-04
3.990904116010692026e-04
8.531000184380333005e-04
1.447403922825879182e-03
3.001791836018154625e-03
9.008538493812547456e-04
6.465427487992923784e-04
3.245737734529554209e-04
8.668243505143100481e-04
8.973989008850736691e-04
9.170743583360041343e-04
6.503760291259573240e-04
1.007868429153246015e-03
4.183990941109309793e-04
5.409300088289645909e-04
4.842828918248440044e-04
5.030569837344367815e-04
7.511621177161041055e-04
9.713141210995551115e-04
6.526416387223814373e-04
7.287949698138575325e-04
8.254753865894792807e-04
4.582175909655343961e-04
5.017697448134797716e-04
3.866904353524242216e-04
3.417605128547417819e-04
4.119842107716411390e-04
2.676992500413743104e-04
1.868820313444523470e-04
2.739880368484232586e-04
2.261417997323280922e-04
2.161843881332070139e-04
1.782168965659307390e-04
1.935029287390896402e-04
1.205760791555542279e-04
1.299558791606119171e-04
1.756907763127034589e-04
3.256680889800253739e-04
3.117190802075313328e-04
3.687290823153251693e-04
3.859047273032951823e-04
4.754306711221144722e-04
3.127425006935005713e-04
2.801121368938233212e-04
3.823150630588360811e-04
3.895203568772786216e-04
1.680764386833079088e-04
1.572027326284357318e-04
2.384023030850709554e-04
3.445677848216476078e-04
2.608735259416696721e-04
2.107520178516993710e-04
4.149247771651842580e-04
2.639111251366307951e-04
2.311391712693034242e-04
1.746694022252178586e-04
1.648338431193261170e-04
1.022384180990982362e-04
8.882755211195701868e-05
1.408602749388369727e-04
1.284579239435383298e-04
1.170530533634109858e-04
1.753944710482750876e-04
2.143637206679674075e-04
1.586179447817459500e-04
1.873269900803031991e-04
1.361351682099697807e-04
1.529061553331365064e-04
1.705777761363992532e-04
1.264929833365957383e-04
1.520817187405659071e-04
1.538943027536212324e-04
2.388775983194477213e-04
1.875607458681486294e-04
3.371450518278372812e-04
3.054584889918604464e-04
7.047732396879600276e-04
4.757323489223107271e-04
4.261681220387993031e-04
5.891989908383373550e-04
3.920947460143917583e-04
5.979144185895222648e-04
9.068491393328074893e-04
7.983592980697099776e-04
3.780364547639648181e-04
4.484062440390752325e-04
2.455722094974328558e-04
2.264675824205879121e-04
2.297364075174391433e-04
2.361038291131503273e-04
3.102770787603859872e-04
5.325586637590774657e-04
6.827502429744674575e-04
9.522986311652643357e-04
1.783294878867589970e-03
2.981341266195283463e-03
1.938024016659982852e-03
4.463600324619316638e-04
3.168585975729631119e-04
4.315032128515258118e-04
3.788379902743661213e-04
3.881750809165834273e-04
2.173842769149928530e-04
1.900290094582544442e-04
2.267064747162344423e-04
1.877510020676329558e-04
1.380980760290861486e-04
1.371936922406233024e-04
1.871264561329927288e-04
1.724667225585075454e-04
1.651854414612073641e-04
1.859063858324539365e-04
2.726192505106558254e-04
3.034204691825945145e-04
3.282697720634802159e-04
2.492697710105838704e-04
1.959419275935446588e-04
3.105655830463572935e-04
2.909907506727243704e-04
2.819426567757468845e-04
4.066203318034350487e-04
4.711245771413904082e-04
2.908456137287853739e-04
3.395674928136144981e-04
1.429005081561415455e-04
1.980711184003585226e-04
1.585001514270453315e-04
1.031862767268419326e-04
1.324702354487722789e-04
1.748591578433773938e-04
2.735543749848250552e-04
3.707850002271370973e-04
7.593264237354033740e-04
8.462565487249013290e-04
4.450099483819475806e-04
6.874723506368132656e-04
2.167154791902999901e-03
1.302415741727773729e-03
2.255792246818057265e-03
2.535472345212114956e-03
3.224282612834077945e-03
1.299277318913508389e-03
8.329588959296927017e-04
1.644764555541100050e-03
8.150895398024084627e-04
5.571809364619196214e-04
4.174329326326868149e-04
2.863955706886571907e-04
1.685256628736143329e-04
1.417776918449141434e-04
1.640389510650847363e-04
1.538560053534309270e-04
1.994593790354470472e-04
1.821827825569452683e-04
1.846640967977095972e-04
1.971143231632182147e-04
1.084733593774013895e-04
2.361955231524568723e-04
1.940149938146562775e-04
1.797678612284019095e-04
1.958362036301340356e-04
1.568789722530211726e-04
3.164191274339263338e-04
1.834601822905922706e-04
1.461213844509994973e-04
2.150160557095946278e-04
2.405219769187126155e-04
1.350991804081945024e-04
1.391745322570018390e-04
1.179792106530848362e-04
1.166784903769409274e-04
1.643179975746322265e-04
1.262759685925888317e-04
1.188607680853464346e-04
1.447917932229370313e-04
1.362680030202098862e-04
1.103498571835478666e-04
1.488958892137046662e-04
1.409570089986486271e-04
1.772544967537454318e-04
1.490716252581103117e-04
1.467954899810356643e-04
1.996317376658047148e-04
3.783385808013763215e-04
3.502230978543610456e-04
2.857993497313844155e-04
2.206177945467212959e-04
2.330568008726423594e-04
1.604233722316530583e-04
1.913660556975231423e-04
2.846420911941613700e-04
1.615363367032751174e-04
1.172627762199257681e-04
1.302893527239510794e-04
1.585552647997487538e-04
1.470988017844882423e-04
1.314786695101519934e-04
1.538030064838755747e-04
2.448409288006475246e-04
1.820253584428644668e-04
2.341555715783833890e-04
3.258284151154916888e-04
2.761216057150709226e-04
4.546517758590633914e-04
4.359353006212902102e-04
3.374420187231462150e-04
5.753066953355256323e-04
4.594572755817641439e-04
3.785668683983609722e-04
3.487576153355059056e-04
1.214957731520382479e-03
5.233060054186200547e-04
5.887615529766270905e-04
8.683951363492499204e-04
5.924971735870010990e-04
4.897645668181185461e-04
6.495769047643196875e-04
8.644718044153238594e-04
5.601316813287493404e-04
4.555067654566250586e-04
2.839362099064720734e-04
1.197035925895230407e-04
2.503808651126085286e-04
1.515959278584986668e-04
1.715329647945858130e-04
1.741001129680000566e-04
1.314955756383433076e-04
1.158055535583116225e-04
1.728293610389229553e-04
1.595087109841719999e-04
1.465233760297922848e-04
1.925191623671344582e-04
2.122057182685099146e-04
2.090126785313499056e-04
3.213132338425285571e-04
3.583040956549221243e-04
3.034311096502935131e-04
5.278691387311506287e-04
6.420542625667046820e-04
5.316656738143328478e-04
4.200609766028127112e-04
7.502967019974817516e-04
8.193099846788327737e-04
4.408405181024108144e-04
6.770538142065814398e-04
2.587553713808832387e-04
2.718933976760661703e-04
2.389752828510050909e-04
1.993116014504467686e-04
1.841586697262365124e-04
3.113236431118791402e-04
2.818028963279104902e-04
1.895819862350370504e-04
1.641398343684864064e-04
1.282625464893207012e-04
1.512070837379073866e-04
1.616493001518445514e-04
1.677910320686297138e-04
1.599478796144946779e-04
2.051014980089326358e-04
1.445970906869974333e-04
1.458287017522383506e-04
1.747507629454877033e-04
1.361821633096642586e-04
1.053162119885352118e-04
1.111210961842792053e-04
1.654688766741590166e-04
1.657738107769302126e-04
1.232169315297532576e-04
1.168350893796812028e-04
1.559155917393949926e-04
1.516147334375135785e-04
1.616962056114057140e-04
2.520260144424464545e-04
2.171960544868064094e-04
1.975748821012010591e-04
1.463086620687134066e-04
1.444670406962670598e-04
1.429526721677470903e-04
1.730204856529794408e-04
4.425313950053576554e-04
4.200837347934368942e-04
5.105215339086404975e-04
1.239537229627222376e-03
9.231083069439756199e-04
7.134949142413725583e-04
5.895496322469551782e-04
1.330984259710499534e-03
1.824177090762040421e-03
1.445117488729625666e-03
9.531636231706531364e-04
6.250067995945176582e-04
4.914839667690969844e-04
2.237732792508904782e-04
2.983741353902493181e-04
4.875566491612837476e-04
3.814199068483579915e-04
3.103249264133529917e-04
4.013137094941085763e-04
2.412836960926034399e-04
1.699932357913145166e-04
2.462644259737424980e-04
1.482084249917184273e-04
1.530379129685075076e-04
1.365556455098655133e-04
1.330145275746056493e-04
1.632006351106412797e-04
1.049558219529244524e-04
1.142217115181346561e-04
1.236241860851208037e-04
1.637559682786788554e-04
1.493540050423345581e-04
1.813770334323043239e-04
2.371306284848633287e-04
1.597939013477225401e-04
1.115201179965312635e-04
1.074994206828168105e-04
1.131939410396204263e-04
1.068658309287067419e-04
1.184040119905847269e-04
1.112074679369911922e-04
9.361201076482908911e-05
1.006277282529445993e-04
1.671690803569926510e-04
1.821006890761905114e-04
1.605470481150172665e-04
1.036882811688669034e-04
1.356772100733095326e-04
9.721076308856539889e-05
1.006107056417883692e-04
1.039267073274017898e-04
8.583136907156344345e-05
1.043422791424621678e-04
7.483607204961445687e-05
8.423177519557729909e-05
1.328969820700795241e-04
1.127825494252675351e-04
1.804281414267195661e-04
1.634682229248173870e-04
2.327800169919140376e-04
6.023265889649081269e-04
5.902840783484719720e-04
4.650734667731592793e-04
8.454788229072355025e-04
1.010297188087235735e-03
1.595122000983070863e-03
8.600574933461046460e-04
1.097083779389698612e-03
8.935704982353335222e-04
7.786123478793320358e-04
9.149869403768396683e-04
2.146817198721605389e-04
1.586196106589061257e-04
1.392715271535883070e-04
9.840102820010129337e-05
1.682247279977830629e-04
1.469331185376676076e-04
1.779473436753299979e-04
1.191279101230725818e-04
1.219942135956704184e-04
1.165297771655369167e-04
2.692763661896098188e-04
1.780892964691618916e-04
1.567326152215182370e-04
1.847888470806321938e-04
2.077104060737387369e-04
1.644571891098274487e-04
1.417144705945717800e-04
1.700933337003687556e-04
9.811052701444382515e-05
1.290814705701247972e-04
9.283809930221164383e-05
1.483917033792277694e-04
1.253075420195975649e-04
1.539378527352146210e-04
1.292575169062850000e-04
1.432102280049315373e-04
1.490227822682405924e-04
2.032754368494267441e-04
2.935992427841094049e-04
5.250519411577425719e-04
2.578119217709364777e-04
4.947119118951943386e-04
1.334461461892504173e-03
1.008695185587177995e-03
1.199192314771175671e-03
9.775552843266767464e-04
6.339055871102055413e-04
5.406885979790349928e-04
3.248998833186636775e-04
3.604148589573076609e-04
2.627995619879907327e-04
1.761100637001505344e-04
1.765799936682806918e-04
2.673650926090286126e-04
1.885901048788908726e-04
2.484893358311761943e-04
1.659541179557852799e-04
1.430202381824347360e-04
1.711862878489815861e-04
1.382503413912734315e-04
1.092641291878632229e-04
1.430672636649230154e-04
2.122432309054885847e-04
6.927805122669966620e-04
5.455850497431316126e-04
3.410398444980645353e-04
3.474027093182822977e-04
2.355420177373461672e-04
2.093127389895047257e-04
1.752238512500422021e-04
2.434962770725972072e-04
2.991132033314210844e-04
9.070367470460094245e-04
1.136093411199530501e-03
7.674635459977794533e-04
6.774335300712439143e-04
5.600041423550896442e-04
3.970956820958148129e-04
5.909512014960839653e-04
8.351223639547855713e-04
4.271247027973678538e-04
5.069422387975196535e-04
4.174573346367279800e-04
2.545413211160601217e-04
2.639428903371117906e-04
1.283021249410565300e-04
1.834987610103693695e-04
1.633803964057574192e-04
2.167913561758512419e-04
3.290500023079211632e-04
5.720712309176364174e-04
3.261308526315190954e-04
2.874076902134663995e-04
2.855819061881181712e-04
2.593154941607562938e-04
3.438259875178266488e-04
2.675174430810607672e-04
3.685904584753086277e-04
3.676888953916114620e-04
1.940422200057594971e-04
2.111610909893771586e-04
7.209023272142250525e-04
3.544740050979405376e-04
2.969582712550330279e-04
2.507093264767587147e-04
1.193629159325594120e-04
1.277432274244179073e-04
1.321378249092010045e-04
1.038512164517951732e-04
1.268318236775445112e-04
1.501420129288143235e-04
1.416532147951869204e-04
1.401613039976739054e-04
1.854518409848690346e-04
1.281634129729455397e-04
1.734883496359783351e-04
1.808302889410195904e-04
1.460613942554898372e-04
1.982180488362949851e-04
2.157538443152542192e-04
2.245968212576950442e-04
1.606740562534451531e-04
2.583469603947005709e-04
2.211298653528316312e-04
1.758647165111730342e-04
2.087679133377281495e-04
1.548141354336943145e-04
4.565326069901879833e-04
5.822792117935479770e-04
6.566217041487884586e-04
8.955242418014654334e-04
4.151706132763835857e-04
7.404784587878688413e-04
1.234571135326350665e-03
4.583378430769492490e-04
5.997232432387983835e-04
1.146784131295259905e-03
7.800599806327249185e-04
7.387689222897700532e-04
9.897715424266673515e-04
1.073714123875067674e-03
9.319212170765193547e-04
9.871872342095853667e-04
1.202019037400404305e-03
1.118699949448953394e-03
7.221215523647733260e-04
7.528500465797111204e-04
3.696944336138457314e-04
2.875147784630130714e-04
2.743561250863626685e-04
1.490285664660873858e-04
1.367304873345646845e-04
1.752668373031900919e-04
1.605356017295211165e-04
1.803334229179170999e-04
2.082821169806071222e-04
2.226090770541445279e-04
1.604603261047221293e-04
1.481926799032249004e-04
1.368903815187094729e-04
1.449828222446451894e-04
1.029735007160588846e-04
1.108672285151515111e-04
1.425118043068487753e-04
1.214474570227066033e-04
1.409466812759239420e-04
1.509793951297934737e-04
2.368899454213669274e-04
3.099574548648993005e-04
1.909687452985193437e-04
1.413812202501155298e-04
1.309204193451530304e-04
1.571103187694884446e-04
1.628669738175321014e-04
2.014719771886908279e-04
1.889362851493584796e-04
1.749810093137368450e-04
2.779054378587347872e-04
5.537189049383036809e-04
4.977800050718569642e-04
7.023468430868554969e-04
2.997553331543240801e-04
3.653974838160675568e-04
3.573066698637746355e-04
7.636813962178423849e-04
1.176497672346792480e-03
9.543991940117377542e-04
7.301821197536385475e-04
3.555534482156376083e-04
2.414348685374919333e-04
3.628188738508083318e-04
2.622769911311626911e-04
2.752418566459444637e-04
3.239369559940423753e-04
3.661963165451807486e-04
9.448910799594273206e-04
1.056267055471425036e-03
5.651281450708007777e-04
3.655301951728092617e-04
6.872574624576789594e-04
2.620431722621561436e-04
2.688328603629956811e-04
1.346661897652459445e-04
1.347111100507047195e-04
1.776376366117077873e-04
1.828080153393223301e-04
1.962133757961093323e-04
2.483063361467828848e-04
1.660663901647214729e-04
2.592202645828065662e-04
4.432859318146729704e-04
3.083189246118349294e-04
2.416909525100219183e-04
6.450495377741678315e-04
6.535513604299913451e-04
1.471355195580598303e-03
6.381763329411505167e-04
9.464592970705054285e-04
4.171460122748168174e-04
4.524148588760311092e-04
3.481661397578654504e-04
3.364055392026331338e-04
1.870759994452877951e-04
2.122860451715277122e-04
2.529362635529932776e-04
2.308624545325636053e-04
2.565730962245704782e-04
2.187475125218199176e-04
2.503463032130056254e-04
3.071619138812301539e-04
2.607576769912785448e-04
1.181939327089982095e-04
1.373854714374350022e-04
1.871065734481517913e-04
1.453716180508512080e-04
1.329536423073934153e-04
1.165064547682095663e-04
1.776348892406875957e-04
1.828532004667021227e-04
1.316109611921792303e-04
1.427756313897317721e-04
1.372471943712966008e-04
8.971769965815330804e-05
1.317664985703769442e-04
1.279739390415243923e-04
1.250212043312647525e-04
1.388940448933678067e-04
1.355170906299105150e-04
1.663998643834481092e-04
1.030693969111415797e-04
1.104825227377386376e-04
1.287924597493003123e-04
1.957882604365652069e-04
3.187394722238024456e-04
1.856389760346360211e-04
1.843936014404984867e-04
2.443106337929284284e-04
4.297134713181773816e-04
2.431907690709334100e-04
1.676112107456554290e-04
2.334322339181209543e-04
1.304450722822151547e-04
1.205566359471142127e-04
1.158883302672325880e-04
1.024954960985693432e-04
1.847884612880491199e-04
1.528693010082509611e-04
3.229978732631701068e-04
2.154727125218596558e-04
1.241882238554952681e-04
1.338647415364082097e-04
1.966386783089882253e-04
2.213259596095236241e-04
2.673447396361022365e-04
3.144562514827307031e-04
2.048364082216721387e-04
2.602852955361183835e-04
2.330321250730701607e-04
2.235347140586052995e-04
2.492614594528974104e-04
2.112786515182367593e-04
3.259640575743702777e-04
4.439575968552648424e-04
4.702437150478587773e-04
4.112551726704031683e-04
9.692174053358374591e-04
5.942861987569649559e-04
6.158287708058123120e-04
3.572342837547106483e-04
7.553291950493028857e-04
1.705273955137042146e-03
1.229719811006822457e-03
5.296709065742108728e-04
5.916078091096218204e-04
5.626079489375895469e-04
2.463202770793500914e-04
1.760630090951402884e-04
2.213182985176855033e-04
2.126278434541007344e-04
2.160922418726023001e-04
2.641209263537435629e-04
3.775836115141973726e-04
1.422807306742782704e-04
1.292631666460377748e-04
1.470821809174152844e-04
1.688399939064095406e-04
1.413884911160407341e-04
1.470535932447269328e-04
1.446316638943267931e-04
1.134440752726854034e-04
2.745627150791621210e-04
1.836592384649804531e-04
1.552293560145052303e-04
2.269387956646868481e-04
1.765018678943575602e-04
2.558585695782143754e-04
3.033807693302239964e-04
5.155823211895360116e-04
3.831877477153442326e-04
3.958479987327381193e-04
3.638761714217306079e-04
3.213901597942513556e-04
2.189984952203439866e-04
4.228626298197161603e-04
4.310003604347264041e-04
2.176406987518685781e-04
1.946677315030120111e-04
2.485422367686328910e-04
