4.803790616473629926e-01
2.541365343532275833e-01
1.667124941279606309e-01
1.066416414655124018e-01
1.387796237120713927e-01
3.539930540031391848e-01
3.185269894932483137e-01
7.433672727383876522e-01
1.511147154204546261e+00
2.315571630314515961e+00
2.656871976898495191e+00
2.375295034177618891e+00
2.622700054669067082e+00
2.514239849123346193e+00
2.376412888975749649e+00
2.526447489959772419e+00
2.240851462950141926e+00
2.463711490404575599e+00
2.400787523900000942e+00
2.100744054746031875e+00
1.959805537141118270e+00
2.030682909331453789e+00
1.493269477299599579e+00
1.422430836409620980e+00
1.591353316917969885e+00
1.077781604665217330e+00
1.349587472414989664e+00
9.410006373760040344e-01
1.123020996142912509e+00
1.089609235575359714e+00
1.060875703596892317e+00
1.257234821369980660e+00
1.059525177963086318e+00
1.269059287642808842e+00
1.194330498949530917e+00
1.509691636226283329e+00
1.452912044294025318e+00
9.731633398362823373e-01
1.144340968375194612e+00
1.087217475416395907e+00
9.632921180876495848e-01
1.029218611145605200e+00
8.681211211997167387e-01
7.196254389647300798e-01
8.130252600972671662e-01
8.196833460822217088e-01
6.497945458578429090e-01
6.503678010254204667e-01
5.014563558957380041e-01
6.394812480177365366e-01
6.419136255934076996e-01
5.592901266563604645e-01
4.833114297079066923e-01
5.056763270182766945e-01
4.893967619988502937e-01
4.697043306113536376e-01
5.369332796095476201e-01
5.445728743023761087e-01
4.993779951992011745e-01
5.781744190382539506e-01
5.362440896189775152e-01
5.744007020623510540e-01
5.218158259183822700e-01
5.075973461303081580e-01
5.339187817227928345e-01
5.630731763743439533e-01
5.501666192615781714e-01
4.941786438887689759e-01
5.262779155356158700e-01
5.511294830333877126e-01
4.585501069120754281e-01
5.028379927834502050e-01
4.369443702297983179e-01
4.762833614840142338e-01
5.651104944488999360e-01
5.063113913839886182e-01
4.350774420913620655e-01
4.014117855652388211e-01
4.239677874021666737e-01
4.454423626973698092e-01
4.617047886438235826e-01
4.682696090232312258e-01
5.184490221850391878e-01
4.170431919205551119e-01
4.070640176582218661e-01
4.385169536790272105e-01
4.709540996848179395e-01
5.274231320967970316e-01
4.549658030077103343e-01
4.159793432473249952e-01
3.678362697705643281e-01
3.573967102871656309e-01
3.796606303510189351e-01
3.197614886812013002e-01
3.414684752893570319e-01
3.240538564060875815e-01
3.522404069860197717e-01
3.148576018702007318e-01
3.348394756915922255e-01
3.571217180318067563e-01
3.207777455288001178e-01
3.417224914818267623e-01
2.787278319564243656e-01
2.753924109582237545e-01
2.647647540039841929e-01
2.744810230928048100e-01
2.767014991425839621e-01
2.678074031512742148e-01
2.785857884417536345e-01
2.725324483542501119e-01
2.667416709872455494e-01
2.888269124576792191e-01
2.772745062850935360e-01
2.549561128795855280e-01
2.812535498809388135e-01
2.220748780934241329e-01
2.502058411228489376e-01
2.360161760336281778e-01
2.522340516522763032e-01
2.634843956653407648e-01
2.362743004150762993e-01
2.170172897942370949e-01
2.230303003954328400e-01
2.239860686844422633e-01
2.095806371187447226e-01
2.055019900449280568e-01
2.126259984172214346e-01
1.980092672764565132e-01
2.327727519645912679e-01
2.221198021624499475e-01
1.983924611999582366e-01
1.998059429002597698e-01
1.794973509956649949e-01
2.023918423730170779e-01
2.200644693796326434e-01
1.889259649430970744e-01
2.092869516741617808e-01
2.167478771680945715e-01
1.913827655378958492e-01
1.822272192984025485e-01
2.002261719228837777e-01
1.614184262596801145e-01
1.568900463508450804e-01
1.584727756970865931e-01
1.612406269487107469e-01
1.458390069233268804e-01
1.792041542299137036e-01
1.807233792297036623e-01
1.461035163618285282e-01
1.691480497518478010e-01
1.313089229804468849e-01
1.239444868815280931e-01
1.306394678906147022e-01
1.309172958494927153e-01
1.349715733906252935e-01
1.266748763805640443e-01
1.096149946077526471e-01
1.446990590994417791e-01
1.456403352939079909e-01
1.470085090327876987e-01
1.313761632618444808e-01
9.193413822454192530e-02
1.075613564256369392e-01
9.532277864798489875e-02
1.105840295734846490e-01
1.029339387577825754e-01
1.212511106340090489e-01
9.879559531477753731e-02
1.112404863555581797e-01
8.524303689473525236e-02
1.116310826230561409e-01
1.058746384583903466e-01
9.012614456620597625e-02
8.690376619389282575e-02
8.988471491288295423e-02
9.414192671618559771e-02
7.959556669168253717e-02
8.943909034091776511e-02
9.640235068314513545e-02
8.372272833450646046e-02
1.025564992820415938e-01
7.908959687485309087e-02
7.371788762761624647e-02
8.522322264917109313e-02
8.530887864389261055e-02
1.168588491169029464e-01
1.002691132606356034e-01
1.057227887247305376e-01
1.119420055784823287e-01
9.509683991052862717e-02
7.791375528121578797e-02
7.270207367546412114e-02
7.916278147469268944e-02
8.313342483063622390e-02
7.446134678168361831e-02
6.114763062821249040e-02
5.973792411429380139e-02
7.412441123803271970e-02
8.301600303737705078e-02
7.596804136187852718e-02
7.092571572433714611e-02
6.438406485021631875e-02
7.692392572302594878e-02
8.751973786591035753e-02
9.295940779167019552e-02
1.053320531482563743e-01
9.638621794635771067e-02
1.319358316107211160e-01
8.436571113405766376e-02
1.099295130093679435e-01
7.954881291985034519e-02
6.747919370012450679e-02
5.619835393036061444e-02
8.462696843774092370e-02
6.406203654388141489e-02
8.882233720890932160e-02
7.920984175330365862e-02
7.664796092374658032e-02
6.554113674581289739e-02
6.326503388104974535e-02
4.394785670334443867e-02
5.420617352867213717e-02
8.206105123034806992e-02
7.272192427668200398e-02
6.785918876540414368e-02
6.738159756637908393e-02
4.584717250303812358e-02
6.277170506885415557e-02
8.952072254251074168e-02
8.377632040788002277e-02
7.959027352710999759e-02
4.045393047152302801e-02
5.311007212302885916e-02
6.408998615335814719e-02
5.768045840633569815e-02
5.616487356714838786e-02
7.163497875140599491e-02
5.139832554414536930e-02
5.209575780063536998e-02
3.538892191307446006e-02
4.543658680845211184e-02
5.664319071190853511e-02
4.970426047576470552e-02
6.382234871369109330e-02
5.204780355317917967e-02
5.320069149759475841e-02
4.904413373545947474e-02
4.761986649451534215e-02
4.768476195640296983e-02
5.788658465411685577e-02
6.097919677564465901e-02
5.150945344260427633e-02
5.073288960787211699e-02
5.330313369758667152e-02
4.587603484511609125e-02
3.998748513847918962e-02
6.878765525531159442e-02
7.763543169867299920e-02
9.840362183580034228e-02
1.083028200150596837e-01
9.132475192450810464e-02
4.807897253345491673e-02
4.670358440545401696e-02
5.317467295400413879e-02
9.178155965239151448e-02
5.119712424860364125e-02
4.830963227267186244e-02
5.363412718916874683e-02
6.862053694405442772e-02
5.624142405060245792e-02
5.117515806750150970e-02
3.983095289041168469e-02
4.007426280415023190e-02
4.664896094269447430e-02
4.688792293837040770e-02
7.052474642201039812e-02
7.140931697471447626e-02
1.016353929705754028e-01
8.100417959106218091e-02
8.145370737290852370e-02
1.074382295745823918e-01
7.009301671100344466e-02
1.076588660971364297e-01
6.012030474692740822e-02
4.996641719015141453e-02
6.346883402481083569e-02
9.301464813627682848e-02
4.605499761170560313e-02
6.685903982251030497e-02
1.019462976841182533e-01
1.445645966317113118e-01
1.100297174822021662e-01
5.016825422540457935e-02
4.825452230073058041e-02
4.250289174607099069e-02
2.808993783197684738e-02
3.939499876876077777e-02
3.985922784582751621e-02
3.805102515556605530e-02
3.585245256993874891e-02
3.435592314000340819e-02
3.100752521237581938e-02
4.763185586882233424e-02
4.788815620081916108e-02
7.175264521416213626e-02
3.787726935784950510e-02
6.329578780734093635e-02
5.729284747928549415e-02
4.823998919239885080e-02
3.785936871535443976e-02
2.936164574047019429e-02
3.980966183911690409e-02
4.150083060199161872e-02
4.215544165928823001e-02
3.887614775310983817e-02
4.863383649562352112e-02
3.331484881577379681e-02
6.840299108665656713e-02
9.409423319516151130e-02
3.964434981782413020e-02
3.538799857978309343e-02
4.290617856090539473e-02
9.633525776112275563e-02
8.045462506213052478e-02
5.639630691180701205e-02
5.570405664041418181e-02
4.514556184439665054e-02
4.581153667331973323e-02
4.087373780205866974e-02
4.488881710779075995e-02
5.107372807615827293e-02
4.923582688274656671e-02
3.950415315592049892e-02
3.186764106419671949e-02
2.954557189238779177e-02
3.126294866049696142e-02
4.167738523689955288e-02
3.515984257654317796e-02
6.408681553091707950e-02
5.868028992697260637e-02
5.402386520307814882e-02
5.894019335114976388e-02
2.822379386881849681e-02
3.893060627636468068e-02
4.052039855064260010e-02
2.405799900702244865e-02
2.568667941812993044e-02
3.579163511256391872e-02
3.467850352456691015e-02
2.821529713412939885e-02
3.379862326171021586e-02
5.280570624403543162e-02
7.170843564114334767e-02
3.945589995787747439e-02
3.516355617155448449e-02
5.444414487191744090e-02
7.386485223725586247e-02
7.860981122560822820e-02
6.328441800005628337e-02
8.105927280420256731e-02
9.559703091949764420e-02
9.265671259377915303e-02
3.546097472315402899e-02
7.631150832274438689e-02
8.422635365239955485e-02
1.124881854074701176e-01
9.730933687418824585e-02
9.353001027631344111e-02
8.289497980225743468e-02
8.730157820773978838e-02
5.889364619316025257e-02
9.099898628170036141e-02
1.352062325320739777e-01
5.018338768925386523e-02
4.692466632175528590e-02
6.425555958808239210e-02
4.110461665709920498e-02
5.598491501202518955e-02
3.569053257087013292e-02
3.052929995870441032e-02
3.613115924914738625e-02
4.595948069396649932e-02
3.811418487881397532e-02
5.210557740739259897e-02
3.356487257190211154e-02
3.211039598154431102e-02
2.387756536452145112e-02
2.044519109322116834e-02
2.236731406154742960e-02
2.303292876009812792e-02
2.568822850429151872e-02
3.288051280437293694e-02
2.499447948050225951e-02
3.506750811508447391e-02
2.235537267136010475e-02
4.255834834419128243e-02
3.245084309065779382e-02
3.813944761988057736e-02
4.071221999712547335e-02
3.400847853497061812e-02
3.070809194712338652e-02
7.974030310430683943e-02
8.050467379683347302e-02
7.174855174202404706e-02
1.132124011594398821e-01
1.247365367829088995e-01
7.418795343151227129e-02
4.769388494818681962e-02
4.119856589733621177e-02
5.308396798447437975e-02
6.336485032437448595e-02
7.423810688348880804e-02
4.973244656697857480e-02
3.371830545050313876e-02
3.777342291359156445e-02
4.845893922789957370e-02
5.079614002159279357e-02
2.971793946286692412e-02
2.423001329722056230e-02
3.067977374363695803e-02
4.010837463577362344e-02
5.234835819820859298e-02
6.053546681339268265e-02
5.442099310199643297e-02
4.512212385226713196e-02
4.359982339125805656e-02
3.127258534116911931e-02
5.031459161007418440e-02
1.252388766357507843e-01
9.567575449926792042e-02
1.894683125701898119e-01
1.786803975566468305e-01
3.089297134225429953e-01
1.923823919915765568e-01
8.569619661333095773e-02
7.399139954480937753e-02
6.103782735356869105e-02
4.896802197993970623e-02
6.293911574966840061e-02
6.694227715071175699e-02
2.368532958179869474e-01
1.247816383366047860e-01
7.740668600831911161e-02
5.961261594517039408e-02
7.876648275938943899e-02
8.613426420844874642e-02
3.627046343589430955e-02
3.808334378136277870e-02
3.764064474786705389e-02
4.796429682943777195e-02
2.845237467475121573e-02
2.639910064918171706e-02
2.369989536416964443e-02
2.665508851007009072e-02
1.809697359705544906e-02
1.461715998824449601e-02
1.699613613194869352e-02
1.690198737886897465e-02
2.319674285388860155e-02
2.656408480872392980e-02
1.875162096090212879e-02
2.353677877161181736e-02
1.777537879602947984e-02
3.627630276465175496e-02
5.391433097843579408e-02
4.243075269199567123e-02
4.841329976837119992e-02
5.548301195277008380e-02
4.138167814951176915e-02
1.484863262248041493e-01
4.802390841973442487e-02
4.053252327404361505e-02
1.727722474752968820e-02
2.098317670838409019e-02
1.846441627584411230e-02
1.398050252689123432e-02
3.220123496076771064e-02
4.223240197976381449e-02
4.907357029864170550e-02
5.929869086059106481e-02
4.674821851023310687e-02
3.726684605327043598e-02
2.253131101356304483e-02
3.551658103596034427e-02
2.919888282433729873e-02
5.849054326407172183e-02
4.845175509813337555e-02
4.344574704697760914e-02
3.353310075347869235e-02
4.184735506253595833e-02
3.808223071297030249e-02
2.743059618912135900e-02
1.526846848162456867e-02
2.299560254127850159e-02
1.573751622884869000e-02
1.780571671147917687e-02
2.678031993523632970e-02
2.820410271743082481e-02
1.797318112685001787e-02
1.646073364104794212e-02
1.854066761384969703e-02
1.903269258016856286e-02
2.143553416313837348e-02
2.150124840920659280e-02
1.557957897149969857e-02
3.396812979907693625e-02
2.155547058125593940e-02
2.361338210402839921e-02
2.034051201741220866e-02
1.927267207574384633e-02
4.069619439075530115e-02
4.533619775353314035e-02
7.037738680462596319e-02
5.282231238363824244e-02
8.004000028000900213e-02
4.547791036606980974e-02
5.265623498341450576e-02
4.395778756776103080e-02
2.683655610400708519e-02
2.911453151432761774e-02
2.402823362580895281e-02
2.458672397895934891e-02
1.616632794781807173e-02
1.443185396256793998e-02
1.874233242979702826e-02
2.114723389023994565e-02
2.339053703666180498e-02
1.468958139485798502e-02
1.937463840773704163e-02
2.013742162646871281e-02
1.999556389055132805e-02
3.322621009529476421e-02
5.061898400713419482e-02
2.699582962041390671e-02
2.330810666166951636e-02
4.965270255797360477e-02
4.252169796437400145e-02
3.346232023583727705e-02
1.749266544979299551e-02
1.850135132532644902e-02
2.520264491947502364e-02
3.667221446918501881e-02
6.292277269242095572e-02
8.407714432532055471e-02
3.112685788118699226e-01
2.191328877591539603e-01
5.156978882272987563e-02
2.913714445162496336e-02
3.969767944261230058e-02
8.135606455566299355e-02
1.129710600312927860e-01
5.242678789056480493e-02
6.078616545252132908e-02
5.521662014126534068e-02
4.875281830806147548e-02
2.802819315667930133e-02
1.608206578953284144e-02
2.231473810322328472e-02
1.801287395172775432e-02
3.026770752312163762e-02
3.898536943833592200e-02
2.871682622229106488e-02
3.172324139768666756e-02
4.094232345631170639e-02
1.001567362584855209e-01
7.589579104045536539e-02
4.727511656061499784e-02
4.266676313386312536e-02
2.487869464012567797e-02
2.059590914979363835e-02
1.851797583394501276e-02
1.692834614769309076e-02
1.908433704087537236e-02
2.579139356508463460e-02
2.707105638901741163e-02
3.780009155055429060e-02
2.633454388378170599e-02
2.464219606776119065e-02
1.768751388380106898e-02
1.525324820176541391e-02
1.892970386397261826e-02
3.083519772342943263e-02
1.931512706895804204e-02
3.363518510364237046e-02
3.396078157405077458e-02
3.005330334079416715e-02
3.519057979280238585e-02
3.787286370563104632e-02
2.614735301950693938e-02
2.549134500052261179e-02
2.842135536890902023e-02
2.398471546888259268e-02
4.444891091400803018e-02
4.173231815847951859e-02
3.197536395250411695e-02
2.919632824316629668e-02
3.049438357331516955e-02
7.906126527089538114e-02
6.639679963748100489e-02
4.506935322885893824e-02
5.734284482913577091e-02
7.209904191140741048e-02
3.408684301314852255e-02
1.918407582852754700e-02
1.884498211209280003e-02
1.516852254675366690e-02
1.058962179746347765e-02
2.017343578706209950e-02
3.304970047221312407e-02
2.425724135345086463e-02
3.527769047803762381e-02
4.174612728961562408e-02
5.411359646848206556e-02
6.251892381820403632e-02
8.001934706750558901e-02
5.135447927896585885e-02
5.180465710978059135e-02
3.079604926689228153e-02
2.386609903855787737e-02
3.228014919253001380e-02
1.858970536571622617e-02
2.646537620222414941e-02
1.941953068911334360e-02
2.365832880104762337e-02
2.375228968297019710e-02
4.060180069642267686e-02
8.629301329026356493e-02
5.950077973703396528e-02
4.351147246329878371e-02
4.685603057105490465e-02
1.907543081371194243e-02
1.993332598832229380e-02
2.968925548514909224e-02
5.705103713257304171e-02
6.427963847948682530e-02
3.854458242554037462e-02
1.040114608950689079e-01
7.062023795140544291e-02
1.188001720274033807e-01
1.211328216551858794e-01
1.188047332657882205e-01
9.472623686153298916e-02
3.664076620320746297e-02
5.416712459799969542e-02
5.646145683188013437e-02
3.287799447615240289e-02
2.265238305152623977e-02
2.926957544496126828e-02
2.928260820471224879e-02
2.748126355584744329e-02
3.638629238782311454e-02
6.566170727021335141e-02
2.387439221446793422e-02
2.176372766580639620e-02
2.592868231294143816e-02
1.857546114634265472e-02
1.073429325761723722e-02
9.446626454340047857e-03
1.066633058399061966e-02
1.399537956498428555e-02
1.139217970780078554e-02
8.617645952163197412e-03
1.043032753101745883e-02
1.170470375279855993e-02
1.952016514540812903e-02
2.916632711823219370e-02
1.978944172007087582e-02
1.954723095517629447e-02
2.386390185070069378e-02
2.661588758545854055e-02
2.258652340728893593e-02
2.648979199045932431e-02
5.743268414910332464e-02
4.961540439762512217e-02
1.257644905616698283e-01
8.332292732173571248e-02
1.089463619996159649e-01
7.896999885203619118e-02
4.740173192440006594e-02
3.482812855639654676e-02
2.499418648722651418e-02
1.776678188292417360e-02
1.390175853817989145e-02
2.003465083285890097e-02
2.234763060673046475e-02
3.147377233396495000e-02
3.300471938826425589e-02
2.623952799626210960e-02
2.592565581578998302e-02
1.539735022118143143e-02
1.793781819260768795e-02
1.832548554784698899e-02
2.669278800854031630e-02
1.512352680548293554e-02
1.623513523747587700e-02
1.134686360496414519e-02
1.174917523474212390e-02
9.660538942003631113e-03
9.160990370224306872e-03
1.419053863086826815e-02
1.257254942977805573e-02
1.667080580691273836e-02
1.788394770216172186e-02
1.815970285817306712e-02
1.988386761887944373e-02
3.788463892830518792e-02
1.648511744147390656e-02
2.203121687932039358e-02
1.922235196643862915e-02
2.254981617833648824e-02
4.478713885418841856e-02
3.703219534760220089e-02
2.700673369151203665e-02
1.397719388062678911e-02
2.123014579072015837e-02
1.081506958610448793e-02
8.208627926713046169e-03
1.182893237124377564e-02
2.200947402298793903e-02
2.203267113710297501e-02
3.070775902021943837e-02
3.493581781650326873e-02
2.138170810143846454e-02
2.354867681506826738e-02
3.922726942425606295e-02
3.631545714635702610e-02
2.647180311058187213e-02
1.487672649371017501e-02
2.997058782427957854e-02
4.924566357604039796e-02
5.576732648180618424e-02
5.714475940815755273e-02
5.560631820564700123e-02
6.871972184936744887e-02
7.991760978868310550e-02
2.862123977893316767e-02
4.246647727344422807e-02
2.551059697459486658e-02
2.418794591238876066e-02
2.806167557559989187e-02
3.620127780408692597e-02
3.828530388945840246e-02
3.111441143333046680e-02
4.099752031021818011e-02
2.836977257352607529e-02
1.395235710154127395e-02
1.632905023761429750e-02
2.320651869642626278e-02
3.158389419459595171e-02
2.673569745561087813e-02
2.490024524387565372e-02
2.503282074829284859e-02
3.748058965719276020e-02
1.490611741337984596e-02
1.434233962825237629e-02
2.051394839059451913e-02
1.879018974656666841e-02
2.024830982939845175e-02
2.636419634542455995e-02
3.987375864731439873e-02
6.177061998580821167e-02
4.960313645386248832e-02
8.830349039206948636e-02
7.263031553743366786e-02
6.469299953450757812e-02
8.999520910637914817e-02
5.016754908275567609e-02
4.942680707856819677e-02
5.239452198849824799e-02
3.290748013151355983e-02
7.018823760725903527e-02
4.584590259421657960e-02
3.501428473265513763e-02
3.754790373624860428e-02
2.620415364472331379e-02
2.209504612863843337e-02
3.658689040904292838e-02
4.053621096751576502e-02
2.458128201608591676e-02
1.625671212126925808e-02
1.673587030470355050e-02
1.547023003255050370e-02
1.324988154275080592e-02
2.855602164561207162e-02
2.376130446310996056e-02
2.601177370075924075e-02
1.820991900857761234e-02
1.025042767530308895e-02
8.689850770520254203e-03
1.089589662238161887e-02
1.663254225179318369e-02
1.160316701021496880e-02
1.641957982863910190e-02
1.444631019811967038e-02
7.251070312257858197e-02
9.383907348106577950e-02
3.341130164808791408e-02
2.469979298363992465e-02
1.746104538803650713e-02
2.062673121483577302e-02
1.798677168164511744e-02
1.241851653723190403e-02
8.486029215497254558e-03
9.670396360824508666e-03
8.981725722681679555e-03
1.417803087613199106e-02
1.911620767737544357e-02
9.830289896532009089e-03
1.095700030589099802e-02
1.247045214045248637e-02
2.048088116383476459e-02
2.274947238347689582e-02
1.335503547840112895e-02
3.358424888397719410e-02
4.059997812353212387e-02
2.386051390645813758e-02
2.045420333875049013e-02
2.021135538672487464e-02
1.547540807289132792e-02
2.496839749692591690e-02
3.828985232726424270e-02
4.829227522947647511e-02
2.998075298510357103e-02
2.851995588163239864e-02
2.875652518268370303e-02
2.519181155709692560e-02
2.928582844271241867e-02
3.505085299718596614e-02
3.793069626160656960e-02
5.689820950851643550e-02
2.824361430315900853e-02
2.259145143827658714e-02
6.168171922388973605e-02
6.131566911480457877e-02
3.218424050994060648e-02
6.795854507302116765e-02
3.852757028880864076e-02
4.150500671965141192e-02
3.476364047511078942e-02
3.585544588724254994e-02
5.761141671757066818e-02
3.693080484664473112e-02
3.016515287815792895e-02
4.539775109594557101e-02
2.379884503413387184e-02
1.856151863960917373e-02
1.389503633121221514e-02
1.615072638663436061e-02
2.180740476591258581e-02
7.273490287934206155e-02
9.648914267317197646e-02
1.278180085224787377e-01
1.053463318632356371e-01
5.007235267726627831e-02
1.607445293603411082e-02
3.740888267267203360e-02
5.236225534478780586e-02
1.890328504684057609e-01
8.538056010760351755e-02
6.098435771416983731e-02
5.345731196897907794e-02
1.344733789340191443e-01
7.394541575127126787e-02
3.395432036736028419e-02
1.743642178146082022e-02
7.985240441797575306e-03
1.166181740856494890e-02
1.182706999859292271e-02
1.047316408421396748e-02
1.726054099157171146e-02
3.363268698064411644e-02
2.341841869375102178e-02
1.526410297694814726e-02
7.764747302051447017e-03
6.585363681767970531e-03
1.098947940522986347e-02
8.876717501095315530e-03
1.048249137626078124e-02
6.902181611201764835e-03
9.748221137043194123e-03
1.123358036408826990e-02
1.097346796246808157e-02
1.063663954295291161e-02
6.515893223201245713e-03
1.309938271902569111e-02
1.944504140772244233e-02
3.296753383933025833e-02
5.220347381929021230e-02
6.784368960175476970e-02
3.694810704103770882e-02
4.410514966988453300e-02
3.987070914361994650e-02
1.642527895202181010e-02
1.403682590669141569e-02
1.217652678001218854e-02
1.132691101139896885e-02
1.515724921769061491e-02
2.282680026056548711e-02
1.145238767738873328e-02
3.277112880480814727e-02
5.754593440819756600e-02
6.375457455795199846e-02
2.843076937243241981e-02
1.179472259307888689e-02
1.358396832608783390e-02
1.243280535173547745e-02
4.073048570706848392e-02
6.022329451559427921e-02
4.114936757964294395e-02
6.096945155400183836e-02
2.492605973433361169e-02
2.098785680337352313e-02
1.495062059386024871e-02
2.234819893211822256e-02
2.802934238677537784e-02
1.397771492369598301e-02
1.077054884261032137e-02
8.992107416369566480e-03
8.933305696019806785e-03
1.851859199580463758e-02
1.750173545704594366e-02
3.919478921980613928e-02
1.941129936858164429e-02
4.634026451721767054e-02
3.363589787238967233e-02
3.479037807663010878e-02
2.519242726237276922e-02
3.397387799837388311e-02
5.171737135354091686e-02
4.562630932813278861e-02
8.595031691491980541e-02
5.652424557929658366e-02
5.704666543951725927e-02
5.620520541526027175e-02
4.639760445754152751e-02
2.846897486444062778e-02
2.829982901492747102e-02
3.503140904841359204e-02
2.545414633302088211e-02
4.421226254268455919e-02
3.393528830081998099e-02
2.743988900092555333e-02
2.284836744984702558e-02
4.039479654801481079e-02
3.420480500353045156e-02
5.246493592298485942e-02
4.215255622785792078e-02
4.611293053924211266e-02
2.289790532594787598e-02
1.538779420168833595e-02
1.703789133470538786e-02
2.891415434653426750e-02
4.790618394076458925e-02
3.756645526965082804e-02
5.608244699534954691e-02
4.144241265621949333e-02
7.900479249581698893e-02
4.716672456589962592e-02
3.614497354760656117e-02
2.056679130596933414e-02
5.688736475921119667e-02
7.264947292188693451e-02
3.813158272252076958e-02
2.268701365157027930e-02
1.866055864634567560e-02
1.870272342913209887e-02
1.618797536006005497e-02
8.445645327404709135e-03
1.512911825820130278e-02
4.402048084959270940e-02
1.913108452188749461e-02
2.814154502804850147e-02
1.512744427535143467e-02
1.209313717479700533e-02
1.210504136442697512e-02
1.289866416672553334e-02
9.138156455303284367e-03
9.994112763649139891e-03
1.499050336256027571e-02
1.968234438175403209e-02
1.545052197387223811e-02
1.980861846069998516e-02
1.314633712554649954e-02
1.689371845145597184e-02
2.046669525127054259e-02
1.249774675738787519e-02
2.326580723648173296e-02
1.450458729427136356e-02
1.288467705868816433e-02
1.388793663931505926e-02
1.052117509137019159e-02
8.776749161410952668e-03
1.282072179459315016e-02
1.476373022565433818e-02
1.027772544924408088e-02
1.160256309551721716e-02
1.785635869738596074e-02
1.473851975442277799e-02
2.622181510493478904e-02
8.039900195649567205e-02
1.618127132408324065e-01
1.255861636776031687e-01
1.227333862872803522e-01
2.981204590420498401e-02
3.098108306564370876e-02
4.257817687889239866e-02
2.233416602978791424e-02
4.942608618390890995e-02
4.221454908747900026e-02
2.607709919509158814e-02
2.482396970743132314e-02
2.271902412931542034e-02
1.211658293660481008e-02
1.038209351002042195e-02
7.012785253621403939e-03
1.455122068919242201e-02
1.953816176531555579e-02
1.222574512971581415e-02
8.961500341513103235e-03
9.913666551899803434e-03
1.071131794073441369e-02
1.025470563299310869e-02
8.829852289960544304e-03
7.447921848237934461e-03
1.235716173765926892e-02
1.263371992268168612e-02
1.552714633888338178e-02
1.630841749125579165e-02
1.241300819759583174e-02
1.645806967952216648e-02
4.635106232609687710e-02
6.903195618231615371e-02
1.622464908449080812e-01
1.868412917566232567e-01
9.002334422123246804e-02
8.155365918799771519e-02
6.396577423790020256e-02
3.816411670885366120e-02
6.729908637636722313e-02
2.896215095182006274e-02
2.753503700853908095e-02
3.153489552183266070e-02
5.167240493961077624e-02
3.290557972458055258e-02
3.147897352002244215e-02
7.110150342140048041e-02
4.102357360840126060e-02
3.664154169804574590e-02
2.182746832385479632e-02
1.388378740636658781e-02
1.294220596873666210e-02
7.510635979332777080e-03
1.522925774076477543e-02
5.874360601952278299e-03
1.080532423022013619e-02
8.933507021669897033e-03
6.559350581774233205e-03
9.131647069254324178e-03
6.166262706121774378e-03
7.011238608005282771e-03
8.014024394836812351e-03
1.305705511965550222e-02
8.689494845670732090e-03
7.057783005652845144e-03
5.037790930819538091e-03
5.589144751469567012e-03
7.460724220982434783e-03
6.556193389569123578e-03
7.081057637774188472e-03
6.216431303564038183e-03
7.748011856868784221e-03
1.962477333592421713e-02
2.469179046090312288e-02
5.968733734995301798e-02
3.769913593710808725e-02
2.705304320204086205e-02
3.028520724620254595e-02
3.353019560219029638e-02
5.529434700322104906e-02
7.364456794999180156e-02
2.324480136896161717e-02
2.457005977452130646e-02
2.083475779399782818e-02
1.480653635322689253e-02
1.086537279327654676e-02
1.214755578450012544e-02
1.183513775339804092e-02
1.808610012738891965e-02
2.547073384789210956e-02
2.476265615312205071e-02
3.916348282075322873e-02
2.864295437752904447e-02
1.499727103269785089e-02
1.172592933592322799e-02
1.539981258763715825e-02
1.067642476988298408e-02
9.185098923593025891e-03
1.120421703628678330e-02
1.378720514442674690e-02
1.184696247493112302e-02
2.957726270571109720e-02
1.864651106866293401e-02
2.147114439245343190e-02
2.133421261844338848e-02
1.537558225116973133e-02
1.640199486903738679e-02
1.869782440262907075e-02
1.288509723075500872e-02
1.642241293296260035e-02
1.622230437415271564e-02
1.591245976380933902e-02
3.227654717241772164e-02
5.145583992400686729e-02
5.642059305307586120e-02
4.609940670403744889e-02
3.160704338800095214e-02
5.570859427041344875e-02
3.630083253742131394e-02
2.212643318906027529e-02
2.004706933050631051e-02
1.429592983333950566e-02
1.975220240699974289e-02
8.027943785510947144e-03
7.988397235082510262e-03
1.225431793053881856e-02
1.166762814547717998e-02
4.346657163708256451e-03
6.152458840517271640e-03
4.771092100798123535e-03
7.252218758172602336e-03
6.831815196891817717e-03
9.965438686738400595e-03
1.061177545800870772e-02
1.032609529675540885e-02
8.516997923289082451e-03
7.783974754663511297e-03
1.157035764870506522e-02
2.212801548603513316e-02
1.906965544678045771e-02
1.597830284282197866e-02
6.800318774128066845e-02
4.649432951451967083e-02
3.824719262540368647e-02
5.616818695239644138e-02
4.747642752642363545e-02
4.197309793215700524e-02
1.707259065058102168e-02
3.738177698170970509e-02
7.162473002836268476e-02
4.975471950975112606e-02
1.441666144843091191e-01
1.092911980502729447e-01
1.520458841860455046e-01
1.067714081459074787e-01
7.654436538091781428e-02
2.559341281648169208e-01
1.635190561692708433e-01
4.096144215779939923e-02
5.683149111319742153e-02
3.755936665508406019e-02
3.218627919729517839e-02
4.129937405930709377e-02
3.142099294569024315e-02
2.394856897105813315e-02
1.139814502341403822e-02
8.907468152903590813e-03
7.765844482205315653e-03
5.599064138008333011e-03
4.420480094024769810e-03
5.470684547187940755e-03
7.108240943991178673e-03
7.825866884919064140e-03
6.496968957439262088e-03
7.157596100493006722e-03
7.122071704092944322e-03
7.657018847352711245e-03
1.029111857720147079e-02
8.695792269982429573e-03
7.863107876011916908e-03
6.798925214838798595e-03
7.795676795805573864e-03
7.778064751548310896e-03
6.178961337977142108e-03
7.666072542302772470e-03
1.256343034721498463e-02
9.747338583350660668e-03
2.833620637462785918e-02
3.980758287458684846e-02
2.023376317392315202e-02
1.308279977386215577e-02
8.792779030573903351e-03
6.833602704815348698e-03
5.307069401515233584e-03
1.431513384033121852e-02
1.391489041456370201e-02
8.174117034286349642e-03
7.832807027774281797e-03
1.247793587724966083e-02
9.336372515563341051e-03
9.306488267364090849e-03
1.146997360598501874e-02
2.533904648644334442e-02
1.992901494895488526e-02
1.640498127172163728e-02
1.538124411706910145e-02
2.429309297635323661e-02
1.494465409918218149e-02
1.756498809907291320e-02
1.968452413519511737e-02
2.523580391599261966e-02
2.199107138723425600e-02
2.002852054458034367e-02
3.502119846772587530e-02
4.270889534561876644e-02
6.192287535486444561e-02
3.710756757157567670e-02
2.552986416774242345e-02
3.040598042180617591e-02
2.278604945004542373e-02
1.806299945231944898e-02
1.341543427800715935e-02
1.391809840346934848e-02
2.641016277452462591e-02
1.780599308536227193e-02
2.607126574613325212e-02
1.174981061474700619e-02
2.205815918641008261e-02
3.037062794565567950e-02
6.858372574967422364e-02
9.578243413562693986e-02
4.779295587771920789e-02
4.697529294323045390e-02
2.973825226595456367e-02
1.655044445659918304e-02
1.346500573154939609e-02
1.196125262871840754e-02
1.483593934812134016e-02
6.531003751566003511e-03
2.316879858493418182e-02
3.258903251773401233e-02
3.272203025686642314e-02
1.517125189185048253e-02
7.819739076457516563e-03
1.432462473264370026e-02
1.084986642912863508e-02
1.198579719293440919e-02
1.061601585378200811e-02
8.649528589025999928e-03
1.298685939849752134e-02
1.066642399973346395e-02
1.359795107399927594e-02
2.471988801321902893e-02
4.524973979380658012e-02
6.230566806365366028e-02
7.779529994958057915e-02
2.645398211953617906e-01
4.272422926179570979e-01
2.093761042473511469e-01
4.701786902422554204e-02
4.685431080105928459e-02
6.917923063687517193e-02
8.609384871557770880e-02
6.525709504768653635e-02
4.087668270572755724e-02
2.239600952750242860e-02
1.397483069720231730e-02
5.994557841054972379e-03
7.145133283294493459e-03
5.821060534460487448e-03
6.111245693036199134e-03
8.064633811262088628e-03
5.244622369141401473e-03
7.443285713147763070e-03
6.938853341990924330e-03
5.169579384699183634e-03
5.165535474788370690e-03
4.280017421893913578e-03
4.208151390739050743e-03
3.813687122098197938e-03
6.050094984898287710e-03
6.167494496599372662e-03
8.494600766318114587e-03
8.155586783043794127e-03
4.421527677416588718e-03
4.042810438408739847e-03
6.669896223593822955e-03
5.119633791629668237e-03
5.098717250835777502e-03
5.882935768403611300e-03
4.024562767622923316e-03
4.590719663415294104e-03
7.498658772238674976e-03
7.365877284518934295e-03
9.378354734040868224e-03
6.566999709452931745e-03
5.500280342463317006e-03
6.756468045161932202e-03
5.446306067863926868e-03
8.191120891426168643e-03
8.956853627695797113e-03
6.989698565037518428e-03
8.750220237554768785e-03
8.656008497099987667e-03
2.122181462853900066e-02
1.242024395066084613e-02
7.889566690515175187e-03
6.124080924858812426e-03
7.969136546130317980e-03
1.645319798778062739e-02
2.846679173784657027e-02
2.496418013354505250e-02
4.402156558464043190e-02
7.371979186951299612e-02
1.052776103846723016e-01
1.158519261923928734e-01
6.771776261861470192e-02
7.722399929162780674e-02
9.882468752566496428e-02
2.437701959404127983e-01
1.156637620733425159e-01
1.972691532289097827e-01
9.171927665824716747e-02
5.278928735019062374e-02
5.026311137795941991e-02
3.233348417141949233e-02
1.479091927423361978e-02
4.326188828303932643e-02
3.578744491727847699e-02
3.947016001112712419e-02
1.571772018694328130e-02
9.169932093908324255e-03
1.146632893226679287e-02
8.577722284461897911e-03
8.399772535019934400e-03
1.158358582039090839e-02
1.067086062751017132e-02
6.192128719420370367e-03
5.301468851654867441e-03
6.373550341982174745e-03
8.823726386993453394e-03
6.731535333926555106e-03
5.284879435909411137e-03
4.069372313832688923e-03
5.990850954446771438e-03
5.686787846529279405e-03
4.235593253001461098e-03
4.136306636266052182e-03
4.285543991573077284e-03
4.669785086964742780e-03
4.493820110226852751e-03
4.749084194458700649e-03
4.458660491038910628e-03
6.583239523071780612e-03
6.526779296607241286e-03
9.548940784178521282e-03
9.874186651573194778e-03
1.446558001843027165e-02
1.805965399930278131e-02
1.550744635442685530e-02
1.974576962522633927e-02
2.279003782140683748e-02
1.762686834797083657e-02
4.543840912667033299e-02
8.834211834536162544e-02
4.014040369863976221e-02
2.927926983405515493e-02
1.781148247705099247e-02
1.939648427248405124e-02
1.155706788439964106e-02
1.354537540990716389e-02
9.921179350967479493e-03
1.763630535303962327e-02
1.862244899457726061e-02
1.510267342170989839e-02
2.382064029115750492e-02
2.379902625922351855e-02
2.813427371641103597e-02
2.394420123168755632e-02
1.243879629017556263e-02
2.505723468676216564e-02
1.766454632722461865e-02
2.188346912685540380e-02
2.487651871389087374e-02
1.126633950502645490e-02
1.383797402896911992e-02
6.718885709222115026e-03
4.831679855724801097e-03
1.165918016261942997e-02
1.604051330490949973e-02
1.103998333179360275e-02
1.314899435910678489e-02
1.685509594719594023e-02
2.694679311167609906e-02
1.713094561643323591e-02
9.042215001817786521e-03
6.725415087262947081e-03
6.963098774165337769e-03
4.513980058820501323e-03
3.850161674039806123e-03
5.734939724685823165e-03
5.423181298185563055e-03
5.062112691193206525e-03
7.672898519355023442e-03
1.613150542474863294e-02
2.907931098800035571e-02
3.440885776474100072e-02
6.666158578231502763e-02
2.820690792567366947e-02
1.353954889060207840e-02
2.957084807936832122e-02
6.456625565820230117e-02
8.865548543208781607e-02
5.822730799357664355e-02
2.519088099845698953e-02
2.249206441476243878e-02
7.921485139844831880e-02
9.090770661990042745e-02
4.897096665013035699e-02
7.986287012236446825e-02
4.437146995062379862e-02
2.434332174210756747e-02
2.118425745172467303e-02
1.762187601083449462e-02
3.319598385812282115e-02
2.055344661835030451e-02
1.931223917116517766e-02
2.261451303232583573e-02
1.648047760044794863e-02
9.147312047398600127e-03
1.211607672662520958e-02
8.659722874179933208e-03
1.168069698748303714e-02
1.268898881791798855e-02
2.771330375685228734e-02
9.302507367107314823e-03
8.708161937232889241e-03
1.236544300182985771e-02
9.029558915193362095e-03
3.890163416326801894e-03
3.801842862381849247e-03
4.147341762496239460e-03
1.061269391886637999e-02
1.037084852500052418e-02
6.769454800934384189e-03
4.502572738078646636e-03
5.290844148328152120e-03
7.127686834973723240e-03
5.032569741805135305e-03
1.094355188901337435e-02
2.278663274326694216e-02
1.296474577361363643e-02
8.629265610902315392e-03
8.433343979160500339e-03
8.496564844330199359e-03
7.644566824068613903e-03
6.392957185678684560e-03
6.385762263013867318e-03
5.880458751647231301e-03
7.379988331350515254e-03
1.035564389564284579e-02
1.167656368135505662e-02
8.884899174585085893e-03
1.456207006444502731e-02
1.177516724508879779e-02
1.660851617909192210e-02
1.784202132213066547e-02
9.541699954439543732e-03
4.715136850890956632e-03
1.041733422726774140e-02
1.961250514369801412e-02
2.235114951250288459e-02
1.594602917704914316e-02
4.213321996468341601e-02
2.670238781554040361e-02
1.108811166004378297e-02
1.003460042721726619e-02
1.552200673139325290e-02
2.713400177240509956e-02
2.589499878672331390e-02
3.911488913170986514e-02
3.619189161152252393e-02
2.115839546540554048e-02
1.231543023899639606e-02
1.026285650558757083e-02
1.057786626759344741e-02
1.871978440709542307e-02
1.585242297630251943e-02
1.166471809422723119e-02
1.430360278823080908e-02
1.584721688322132671e-02
2.645576175388969151e-02
1.180501828852596920e-02
7.327888879650364985e-03
6.507856590926609959e-03
6.133400688252979571e-03
9.566731913066896589e-03
9.618669302775106900e-03
7.701312854287905262e-03
4.909657201787869657e-02
3.627581058489773996e-02
3.734201369894205730e-02
1.337080458106981555e-02
2.212990885924565401e-02
2.207443470828552093e-02
4.021666688289467217e-02
1.052405229305293788e-01
4.415236411384878407e-02
5.203159180491506025e-02
4.209090386969830538e-02
4.751165592110041802e-02
4.529211503032663788e-02
3.028390613625071143e-02
2.600552597933240839e-02
1.780422867562731284e-02
1.376658217370983414e-02
1.139174797103788619e-02
2.958256886443723366e-02
2.543526884271478383e-02
2.181451450827374614e-02
2.223995215438177853e-02
2.125754550402405435e-02
3.980949359146594702e-02
2.415692998974496020e-02
2.568060380258230940e-02
4.073927705095604923e-02
2.327656264731090344e-02
1.619810014404902965e-02
2.362480457779203916e-02
3.065438747292982546e-02
4.410256341768199750e-02
4.201295056227316582e-02
2.309636539824741139e-02
1.841491985020791630e-02
3.072600890130520318e-02
2.502485569981778568e-02
1.701447595111982986e-02
1.969519868446567568e-02
1.760856953384432391e-02
1.320585628039818056e-02
9.578399085650694464e-03
1.198239112387367890e-02
1.009111385551534658e-02
8.826587766620947600e-03
7.215386760181366488e-03
1.578302386413794542e-02
1.376055912513318019e-02
1.775467944481354601e-02
1.112570899179407720e-02
1.335803918011535529e-02
1.195581645847799794e-02
7.335174653559198808e-03
8.290189046039113385e-03
9.894770506379425151e-03
1.047824488876425778e-02
7.673324991964573447e-03
8.368452846798709460e-03
1.299314150278929256e-02
6.135879632396042983e-03
9.331891208133748228e-03
8.001270576706541460e-03
1.133361496300894222e-02
2.067157074743134967e-02
1.026618829205550899e-02
1.901777876635440956e-02
4.123498396072566158e-02
1.685100186787140963e-01
1.024118360748477036e-01
1.293502297723938821e-01
2.862266670720400308e-01
1.965794246352959018e-01
7.907408926223212509e-02
5.091242721067308630e-02
2.961331805931357100e-02
1.250345673985245494e-02
2.523620005403257385e-02
2.121461115197668945e-02
1.078001350345720796e-02
7.501586776974266367e-03
8.114105481363874037e-03
2.030775850140916286e-02
6.854657699999272200e-03
7.393016369510974420e-03
1.039344965802719428e-02
4.777265501769418707e-03
6.226029321419212538e-03
5.318718952298248995e-03
6.618468897164367717e-03
5.631996876482520467e-03
5.824515319242141130e-03
7.898445234714916371e-03
5.472149635369864297e-03
4.519639664276024586e-03
6.860421361756619679e-03
1.294025749557455376e-02
1.217436360782217855e-02
1.656192079001201842e-02
1.217759380078467860e-02
1.113833292742417817e-02
8.276427109647925551e-03
7.155936096401689477e-03
9.759922629549845283e-03
1.254477013229266663e-02
9.137287381220871724e-03
6.920605465817341109e-03
1.012903797096777886e-02
7.982941720120387274e-03
9.349242153512148101e-03
5.369469500700782896e-03
1.461604275310702042e-02
1.953206403194353291e-02
1.611994720441196557e-02
1.341635006311324083e-02
1.568695817817621074e-02
2.389932396046504787e-02
1.285769116119064165e-02
1.245327090400075859e-02
1.171240097678035233e-02
1.349368309406286277e-02
1.796267551918443242e-02
2.599984904103780012e-02
1.847640089040097910e-02
1.201222044945146790e-02
9.210898462164447686e-03
1.822411797157993604e-02
1.365125802551013685e-02
4.338752209789827063e-02
5.028202115112242326e-02
2.738479632548937101e-02
1.154383593991062211e-02
1.590295971724070903e-02
2.230162567467302778e-02
2.965950441568492024e-02
1.762832950616370631e-02
1.582200743524911357e-02
3.426128553899989576e-02
2.896366160048685287e-02
6.755358828541463412e-02
3.176845529432822945e-02
1.462933258692306233e-02
2.919561189462984915e-02
1.803767169510982205e-02
1.501546356688698673e-02
1.726970218687311903e-02
1.243492072962457118e-02
1.573369312073730208e-02
1.753230923283439005e-02
1.704042766926270464e-02
4.172439751098640931e-02
5.481098399017924477e-02
4.496446513252205096e-02
6.057846392011954906e-02
5.536814132911116459e-02
4.889608059947940510e-02
1.983813860272063551e-02
2.423582357330936535e-02
2.079751830013098352e-02
1.278502567043250833e-02
1.018293227821292189e-02
6.989793040094889436e-03
5.261324699544897218e-03
1.072461350844663812e-02
4.968592567010461994e-03
8.120662975662062272e-03
1.801209893842960208e-02
2.449800106411266845e-02
9.048357502753491544e-03
1.113082946982045865e-02
9.591014069097977476e-03
9.017363608127692762e-03
1.118834424033966594e-02
6.110096208338221431e-03
6.432385735347960140e-03
6.269690715882098031e-03
6.992457676379204047e-03
9.073102034191347226e-03
1.173056839240874463e-02
4.102869294227405594e-02
5.632812094088383154e-02
5.468985694696183036e-02
1.277876935147737592e-01
9.067850698996003656e-02
1.184353318751764639e-01
7.499210277143332493e-02
4.102697874512088727e-02
3.245162760213630287e-02
1.749170934467168814e-02
1.732945834675988714e-02
1.778007918227040088e-02
1.537181662049672166e-02
1.954986159818744573e-02
1.193336444583804196e-02
1.065671160574031308e-02
1.374337889134569571e-02
8.913269110929034761e-03
5.992649118747087750e-03
9.695766166425137320e-03
7.831471977581454594e-03
1.075272987669396822e-02
1.886575179454662993e-02
8.818171776419008595e-03
4.991511364832368000e-03
3.440797747205643926e-03
5.991906401824066176e-03
6.343736259749460649e-03
6.717597182633401089e-03
7.125595390184429230e-03
8.541205342656814012e-03
9.108623083954513200e-03
1.798288377984583533e-02
1.342851497485737268e-02
1.217286972328617510e-02
2.166573395635973398e-02
2.466289078758782463e-02
1.868537290823417060e-02
1.194744712503430922e-02
1.982185958122965191e-02
1.586799353115514802e-02
1.441135700077659718e-02
1.606691700724307420e-02
1.711928198773315229e-02
1.415748101775622485e-02
1.482836590484951783e-02
1.646161506252363793e-02
2.007442579787720865e-02
1.554534586180080294e-02
2.310795029657421173e-02
2.839377396839573228e-02
1.386801177335298188e-02
7.179528027708785044e-03
8.348206792821361022e-03
6.268108389672093737e-03
1.801122174576656049e-02
1.092268270488358332e-02
1.193050287170903910e-02
1.518067881547180420e-02
7.942783233741550555e-03
6.127369296658399800e-03
1.606089536459768055e-02
1.145209679789410337e-02
1.315103048103856767e-02
9.652589710531121400e-03
1.220467200913752555e-02
1.371786003873855762e-02
2.484517665321226212e-02
3.917614844254756201e-02
9.147959820869602798e-02
1.585937073565132638e-01
1.617362032770692515e-01
2.147448031319390549e-01
1.938843482629151460e-01
8.898517969491909207e-02
5.614724091643530368e-02
5.517124480915629181e-02
3.196711034701237714e-02
2.135708883636221883e-02
3.099759900126269202e-02
1.812728031602173911e-02
8.974143502344929940e-03
1.073860864158900433e-02
1.040803163051789645e-02
5.517015036836400363e-03
4.657656146252865323e-03
6.207827305560392056e-03
6.970590492493608861e-03
1.473272319941229362e-02
1.338927728116469200e-02
9.652120462510052970e-03
7.262512413005283232e-03
5.202252913142731659e-03
5.729136180593980866e-03
3.638203986751705962e-03
4.503108527516451985e-03
5.500934630592493012e-03
4.318738538714755881e-03
5.028281592240488318e-03
5.634667329668894935e-03
4.958202925253984636e-03
4.213250833440929100e-03
3.765579029197304098e-03
3.446539525467497405e-03
3.573320734319027948e-03
5.823406683169912723e-03
5.867051577736915463e-03
5.438435838941229131e-03
4.762080008145757638e-03
4.546208036258637085e-03
6.222429425763578714e-03
5.581022565683088632e-03
4.393769976062706847e-03
5.497951531920302129e-03
1.101697716347250534e-02
2.204502827375709115e-02
1.604644619155111418e-02
1.731734329487864127e-02
1.408336145516397679e-02
2.504574360341612835e-02
2.793792327009886334e-02
1.802603920946563992e-02
4.282696392114204720e-02
1.108208044197223630e-01
1.149659788098373880e-01
5.685111711027938247e-02
1.492378213609363638e-02
1.324757585425432108e-02
1.414937163769629767e-02
1.493970393863058507e-02
1.431031973493416924e-02
8.345545370379630831e-03
8.715195810476156907e-03
6.071599301688462846e-03
8.332632316958228300e-03
6.418069459361516044e-03
6.733120098164809171e-03
8.402797788115331720e-03
6.829543280268210101e-03
1.383895137954016183e-02
1.407433049250660442e-02
3.685506233634090051e-02
5.179474452801651613e-02
2.601192130671512587e-02
1.608321269937261142e-02
1.883970829802466412e-02
2.235044337443253815e-02
1.231925570327057837e-02
1.440280786229006932e-02
2.318731337194808798e-02
3.908033275563287806e-02
3.177105310242173131e-02
1.305699791798306530e-02
1.167772646450320091e-02
9.869334875189379741e-03
1.414920097436903751e-02
1.112013462048794601e-02
9.972536826511866487e-03
7.434858178374063702e-03
8.769715018896249992e-03
5.829468623356268489e-03
7.159045318764449030e-03
7.189230288922724733e-03
6.232085920924327303e-03
3.607414492118615149e-03
5.231312197251669974e-03
1.103232272681775941e-02
8.204773356397335529e-03
6.925028057609140288e-03
4.981132141443246099e-03
4.331310896448393490e-03
7.566808426451993030e-03
6.238653102647041294e-03
6.557637000025952172e-03
6.927696147695815328e-03
2.081030802765026708e-02
3.121926438250325481e-02
2.502719959225515114e-02
4.896004078206905169e-02
5.715771897057190382e-02
4.323601990703354603e-02
3.020294123396272817e-02
1.746576278776511282e-02
1.051402867668951163e-02
8.138534759509782543e-03
4.119529316494856611e-03
5.015194572265752743e-03
1.164968457374579262e-02
1.117652844825139241e-02
5.624641103698082775e-03
6.495363137757749310e-03
1.168493602850783318e-02
2.019715375410632147e-02
1.785618595194594579e-02
2.839286576680961904e-02
3.959596916241293202e-02
3.090241759767147628e-02
2.612272804870864606e-02
2.147704133187103986e-02
1.777859507495007166e-02
2.412434319946419117e-02
2.267899750326491173e-02
1.772654079759288306e-02
7.630615175054759197e-03
1.948252521196192424e-02
2.874371756465184807e-02
2.383767731121528427e-02
6.344281546545206540e-02
4.841181772395596050e-02
4.105323091512620010e-02
1.938562876891956888e-02
1.402920116530884456e-02
1.275750284017517985e-02
1.041523540749756185e-02
2.002879264238556500e-02
2.629662895686178323e-02
3.389089722411519484e-02
1.088327529498855223e-01
6.949987691913599164e-02
8.004050029541669165e-02
6.487305447603003428e-02
7.734907762290187117e-02
7.377082983564860197e-02
1.032536684430635093e-01
7.563307847351097291e-02
2.579162085127904847e-02
3.423083944331382911e-02
2.841993174687518567e-02
2.483979586667468820e-02
3.042159941402992201e-02
3.883672478367956177e-02
3.153098450645730466e-02
3.067169880141344673e-02
2.364572853174408754e-02
1.672295216221449110e-02
1.727426438557896210e-02
7.880619481152468728e-03
5.693415533263597623e-03
5.282260148814079542e-03
4.205584125638085931e-03
6.253054456070147003e-03
3.912295275588130103e-03
6.306351524892537391e-03
5.685543990210045404e-03
3.235508544204498526e-03
2.605136582172894611e-03
2.801873102771103123e-03
3.493161301422485331e-03
2.988846096463693668e-03
6.250076802922750231e-03
5.347104971172310199e-03
6.101718093640193588e-03
6.630991826220017024e-03
1.072329597784926584e-02
9.329402644071137229e-03
8.986837956657290835e-03
1.103004254277317395e-02
1.078741402689748635e-02
1.378818595811518929e-02
1.206771341472579265e-02
1.940513336824317009e-02
3.627947845359585227e-02
1.133182711978259274e-02
6.946406913566371445e-03
1.531329910912280351e-02
4.149642086773726313e-02
1.453884792597859299e-02
1.174976260937172362e-02
8.297955836601589308e-03
1.271739960425435217e-02
6.424940108060054472e-03
9.184447775471121442e-03
7.782382084662152304e-03
8.885006097409430328e-03
1.784467537486379707e-02
3.490445708459796736e-02
1.363923633414699729e-02
9.240785094495187341e-03
1.973044548177695784e-02
1.851559901131993174e-02
4.745944356885856141e-02
5.075370026275037583e-02
5.662787064201431353e-02
8.636167703411903873e-02
7.654338204515295785e-02
3.982355793856629661e-02
2.827250022059001749e-02
3.416043572736614936e-02
2.331447553608296044e-02
1.298932778732432396e-02
8.568729685082895550e-03
1.081076292106655443e-02
1.474921921274695118e-02
2.018305557722978316e-02
8.884131680714037194e-03
1.004335207353122643e-02
1.166700546699525783e-02
2.196634667964706203e-02
8.683660466190250629e-03
4.161217372572357555e-03
4.847312075930926799e-03
6.169810829872526131e-03
4.574506012408833394e-03
3.531012354982999632e-03
4.103871662291206507e-03
5.756077936559655418e-03
8.726393676717465742e-03
7.647513508581203073e-03
1.015242961333548410e-02
1.018133004299457030e-02
6.991044053985462012e-03
9.299642449221403456e-03
1.245389661257900911e-02
1.239166381927429492e-02
1.103058326535187247e-02
1.621857246992607082e-02
3.584936768083434033e-02
2.555916026070558997e-02
1.666711248774230270e-02
2.626882933483863647e-02
1.253682287617484056e-02
1.388717708235396447e-02
2.023061258123243916e-02
1.110362907378726130e-02
7.569418729687647611e-03
6.938115025201570772e-03
4.955106881665064661e-03
7.386249172851223031e-03
8.114961423596890600e-03
8.118186236880599663e-03
2.462488574675100045e-02
2.363814013083579205e-02
2.357205906352988906e-02
2.165052993318759139e-02
1.397804323699571374e-02
8.970749539793711549e-03
1.137559814029374776e-02
1.302136029043868271e-02
5.361154913721692845e-03
5.010280799640227066e-03
6.749945221930725783e-03
3.687619118501244894e-03
5.587539556870691794e-03
3.900324127559930652e-03
3.599892884782407432e-03
2.658229206291420378e-03
3.243064730800283499e-03
8.768758385436996317e-03
1.437925997063545930e-02
1.420785854721087760e-02
1.841770887092277625e-02
3.042610237448840210e-02
2.592735216033338966e-02
2.064870631450415467e-02
4.308940959488773148e-02
2.511910465344559598e-02
3.231245760804690031e-02
2.692433440433035507e-02
1.668689066591437509e-02
1.662741565262424587e-02
1.364227827433913548e-02
1.093886202704701625e-02
1.798665423843065492e-02
8.754182517325535817e-03
7.531778235970439626e-03
6.419237764658982347e-03
4.428936397819443690e-03
4.606438489540809825e-03
3.673687496500492762e-03
9.231252566588639408e-03
1.569155793372693092e-02
1.665374730011928012e-02
3.639510540488139628e-02
4.016152439183115486e-02
3.920062142184417564e-02
5.852977246004227585e-02
6.933989897462138063e-02
1.733272903435892354e-02
2.047528597335906628e-02
2.151983574788028653e-02
1.886369315049793091e-02
3.044633902300471207e-02
3.057385868794978284e-02
1.997607826904692144e-02
1.886274657058212637e-02
1.590662283467466839e-02
7.310687353103162769e-03
7.269155044324727283e-03
1.363025239743602748e-02
9.180676855178050363e-03
9.941319628368668407e-03
1.031577836792000637e-02
9.906859866204254655e-03
8.891217827334462961e-03
5.333020420398145930e-03
4.402265745889324955e-03
6.489535544408050159e-03
7.371532208127144076e-03
3.937090745429751640e-03
5.506593914658137155e-03
5.308911110660087355e-03
5.588236002177763076e-03
7.874593742280654521e-03
7.299800391264293052e-03
5.475451864082723011e-03
6.761374563131999048e-03
6.272164119890643631e-03
7.167597374096945639e-03
1.860131270813421972e-02
2.024536802435043803e-02
1.047269867546486363e-02
1.282141661301470364e-02
1.072526532770593996e-02
2.042361298620947938e-02
2.692145473746038187e-02
2.392306407050779141e-02
5.146742645002721356e-02
3.542223384444301293e-02
2.840499578400172698e-02
4.154528592978985052e-02
3.109365668267979194e-02
5.047200393035992938e-02
1.533794963170130032e-01
7.260921917303139739e-02
4.695603329221027800e-02
3.386797130239343340e-02
2.596972903311420972e-02
2.947091108759884379e-02
2.292168917296598038e-02
5.923118752976937532e-03
4.100297789251353651e-03
3.898984279596034563e-03
4.785549711472674231e-03
7.581266628949713191e-03
8.876821736377573518e-03
7.386055082697037463e-03
3.840153530565127218e-03
3.471365248656202961e-03
3.738092268281811414e-03
4.069654082027588521e-03
4.047659574047227614e-03
5.235803172164476063e-03
4.272579114778526400e-03
3.100592839134130342e-03
4.082030329522869441e-03
5.021788857347522089e-03
4.137342291269961725e-03
3.508226218998463167e-03
4.629101957486654248e-03
3.604206028067322761e-03
4.437580444892902896e-03
5.219064475392828223e-03
6.056728268949485884e-03
5.691978671965024737e-03
4.880150086467526481e-03
3.467187283043407769e-03
5.323916596021617195e-03
2.213806497562608583e-02
6.946821811912107236e-02
9.442358812398331247e-02
5.544397216568423825e-02
1.831243241103750197e-01
7.393577882230965848e-02
1.005201462726925538e-01
1.524162128606479649e-01
5.889718704452184123e-02
3.585459981667422913e-02
4.085149035018079133e-02
1.541451372608640749e-02
1.387938912977121353e-02
6.342862999101991570e-03
4.910827045857691329e-03
5.808053905070940590e-03
4.938018127997005971e-03
3.338072621885351029e-03
2.970869293802849351e-03
3.344070106850706436e-03
3.989031701087243469e-03
2.522740288471763282e-03
2.680462928985662477e-03
3.428290127673436563e-03
3.767608418828233795e-03
3.401192370311286340e-03
2.997608105647812677e-03
4.296181680306098392e-03
3.967554946552350262e-03
3.108591051300000230e-03
2.775165550464169916e-03
3.086698652988697101e-03
5.086509237831927238e-03
4.987899370875891261e-03
4.898059878262186681e-03
4.006358890811727996e-03
2.409426991601226146e-03
4.310939536172086507e-03
4.396706590925248195e-03
5.010642981615318590e-03
6.743494196139801500e-03
5.669649600207110271e-03
9.737467229922426235e-03
6.723576323821079531e-03
5.549590891518009668e-03
5.700459031606307583e-03
6.773942024642982777e-03
7.420556890007925024e-03
5.340652664043659889e-03
7.375819708137757238e-03
5.410509711952929748e-03
4.123021953640683933e-03
3.152576774407407807e-03
2.798985798553720473e-03
4.250821544250329813e-03
2.547444827457993454e-03
3.679490460284638199e-03
4.695263368712246366e-03
4.069535100680649574e-03
4.730544172047539998e-03
6.794186176468145454e-03
4.684948395226552417e-03
4.094815384231468604e-03
6.723333917444396235e-03
8.727525711769695133e-03
8.467384056448989255e-03
1.377942399050630096e-02
1.657426170537691645e-02
6.901522862145169704e-03
6.495318492853481042e-03
1.299385836059008259e-02
3.929741870016966593e-02
6.227454384064548543e-02
8.647150202471419467e-02
1.190907272536562561e-01
8.690893672782465385e-02
3.305778014363618816e-02
3.319114692650526610e-02
3.382072639578201367e-02
5.147269146166421477e-02
5.678727587423511303e-02
4.473317414435447337e-02
6.588008790236762890e-02
5.308730635064481257e-02
5.016800366815116902e-02
3.258981140760090073e-02
3.639802664748591210e-02
5.652221634061756206e-02
2.333255599918418119e-02
4.131926736095015845e-02
2.810732818898744115e-02
2.048677975643042534e-02
2.053841739126180052e-02
1.075039147700447908e-02
8.977565047909748935e-03
8.046865809699165623e-03
1.210847444121588776e-02
9.208453635852788949e-03
9.118942616902929454e-03
1.290788443097467923e-02
9.092798794553770894e-03
1.070234030539973444e-02
7.185524922510360193e-03
6.071249008546700590e-03
3.928511495930279464e-03
4.754373859716860308e-03
9.171201289733222142e-03
1.040362587051027118e-02
1.369821527052917515e-02
2.568202312839227078e-02
2.005974883108243775e-02
2.183059743152647447e-02
8.937230798723593342e-03
1.288745762583809289e-02
2.268608061854251318e-02
1.181145057028672868e-02
5.223197557569237912e-03
7.181441936993928840e-03
1.080782469216185100e-02
1.077588274537432354e-02
7.878375457528532383e-03
8.883023232011011405e-03
8.340280345377983420e-03
5.361636312187049135e-03
5.259687467120769885e-03
9.700071218105423693e-03
4.608403779172282749e-03
3.462143254381759572e-03
2.586814675848521025e-03
3.762178082277794523e-03
6.114412425833274517e-03
7.028982182760006373e-03
6.754370175385372016e-03
4.752140187280805630e-03
4.939417545308569767e-03
4.462642167438485991e-03
5.877711092647507594e-03
4.261752759232021598e-03
3.384607203089496155e-03
4.544158820106691289e-03
6.059945429174559348e-03
5.948591436931944219e-03
1.342330058586997839e-02
1.120874857277355356e-02
2.768805123048083405e-02
1.938659564250501399e-02
4.617663008151121767e-02
1.815187384732555934e-02
3.089238341215361228e-02
2.290263456682296861e-02
3.397522145909869645e-02
9.515922536181221913e-02
6.211516732142680769e-02
4.602849639717570412e-02
3.490953614793681353e-02
2.605196686133356282e-02
1.433472721310964995e-02
9.172312584947200226e-03
7.289875462737270724e-03
1.071698072035276103e-02
1.512090615617930206e-02
1.719062667298605282e-02
2.287242223794804657e-02
4.833886429104368443e-02
7.608627032852038896e-02
1.020212261361804901e-01
8.633836456795815351e-02
3.683821121284703431e-02
2.492834425646363664e-02
1.525712571017922084e-02
3.637320990494143091e-02
1.796401595375158797e-02
1.292489359288593459e-02
6.189408834512456076e-03
4.057007185777047019e-03
5.127368929572813025e-03
5.584260616497250564e-03
4.079395540043810435e-03
5.912097141186682843e-03
5.839013356620200920e-03
7.502609911333255749e-03
1.046994932494315321e-02
1.428635598556826994e-02
1.585268401317376299e-02
1.324039662474358475e-02
5.617928005553789531e-03
5.846933158348721626e-03
1.095462121389615719e-02
1.088367436031966937e-02
7.651374558925958316e-03
1.494993994917599364e-02
2.179070873028201780e-02
1.264435166642563155e-02
1.086065076605026609e-02
8.407558358828032263e-03
4.566764251306225028e-03
3.182898856770748509e-03
3.440107711487348178e-03
3.395863288325070249e-03
5.013343320572234522e-03
8.442974051205354852e-03
1.693157062055227619e-02
3.203206846121870593e-02
4.116439032223036254e-02
3.026206884050535936e-02
7.242587320116995742e-02
5.974918389222389631e-02
1.748483046624323134e-01
1.282930820380332460e-01
1.318721990705365721e-01
7.126585724806414057e-02
8.792429266321889758e-02
4.333282118825466933e-02
2.202625516121955659e-02
2.185647898201144995e-02
2.218952509599130679e-02
6.238644988365267888e-03
5.403289978345835257e-03
4.922942697424836228e-03
4.449255981969314939e-03
3.589792322134125434e-03
3.736482309281953084e-03
3.305320111180153238e-03
2.628396113791843861e-03
3.125902548009723819e-03
3.371973430525980215e-03
3.713532635006205462e-03
5.595150348115890404e-03
4.638906971136214780e-03
4.273088891845989827e-03
6.076801760277273159e-03
4.191487955177399666e-03
8.401687046323307734e-03
5.012659678612655691e-03
5.076685045158495918e-03
7.092421037816550901e-03
4.576064189464665657e-03
2.502714371463638995e-03
1.837808355215195385e-03
2.623578308654240295e-03
2.261397289854673743e-03
2.577301969163339583e-03
2.592837321067690843e-03
3.192085031651393200e-03
2.566574925719246336e-03
3.154219894808538670e-03
3.187142612973733850e-03
2.835072147639290663e-03
2.649989828720039804e-03
3.168736082876234209e-03
3.574281068432811400e-03
1.098433983408646578e-02
1.049441200923060570e-02
2.943432966099462922e-02
2.647920324411419390e-02
1.981945746539855863e-02
1.774303281494084630e-02
1.263517108601417034e-02
5.893516035667350703e-03
8.359670460681825621e-03
7.470835123682064913e-03
9.466427665406033573e-03
5.015313765387282609e-03
5.353388842321846544e-03
5.136063061118347969e-03
5.354101399590064161e-03
3.792602458625130880e-03
3.341492116535425567e-03
6.485366482844114738e-03
4.850102294093349732e-03
5.589841027202801550e-03
1.643279462424924314e-02
2.778859475207348315e-02
2.259175890112248564e-02
3.170416471576874284e-02
1.975602503523195622e-02
3.294716197777017297e-02
6.738664771211160150e-03
1.230934622181307364e-02
1.787413155074139490e-02
1.997171422207774313e-02
5.376659772867879716e-02
4.920193555310047734e-02
5.103167942200571155e-02
2.523537803578628988e-02
1.957158758788875644e-02
2.838527162835264087e-02
2.734673184063686480e-02
2.599157523022613964e-02
2.627854768001312499e-02
1.479682798429463736e-02
7.523026805887404918e-03
6.612086057132774732e-03
6.944683854298654493e-03
7.105773089429378089e-03
8.733660991955917441e-03
3.482569677411604270e-03
3.720594027529245621e-03
4.107581161621241470e-03
4.584672672560719496e-03
6.850129545301556454e-03
9.157387339464230502e-03
6.270277444395249214e-03
1.441769372022167622e-02
1.894775014725510326e-02
1.573560420826895095e-02
3.186516894946327116e-02
3.671807754499390591e-02
4.019635756415988748e-02
1.885301863852282059e-02
1.815650188277923363e-02
8.313927256162786938e-02
5.615533679715921378e-02
3.739900751187687916e-02
2.369497651114684661e-02
1.819273906273795316e-02
1.592414440951052737e-02
1.068658557530711289e-02
6.784820202732088495e-03
1.525046482761118448e-02
2.981833141361441356e-02
1.298981242380381484e-02
6.488934415836484192e-03
8.560587319844241080e-03
4.873075497742610299e-03
3.349646616675099400e-03
2.955185688563123116e-03
6.086562156353152869e-03
5.369845107367474113e-03
3.955766226815754863e-03
4.760001632044935302e-03
5.831308572641182193e-03
7.801955840083937485e-03
4.069312156038432451e-03
3.616588239250857414e-03
3.574812055047490566e-03
5.124437761850698762e-03
6.257855456590703282e-03
4.658857751933220305e-03
4.877466697534471596e-03
4.438809419646879903e-03
8.305714718184807263e-03
7.312775785838463403e-03
1.972422957611776745e-02
9.084677716978864503e-03
4.908333869168270309e-03
6.857184887009976429e-03
5.640143850335723082e-03
3.490842951110445687e-03
8.728292152962934328e-03
1.504005100760155873e-02
2.676157220059558264e-02
4.403956618950985447e-02
5.224743494994799758e-02
6.914565591222313068e-02
3.703979589093726182e-02
3.156020703699052160e-02
6.220838173925447717e-02
1.281669696092374577e-01
8.888350540284226109e-02
4.043178513237733612e-02
3.351725253676427624e-02
3.411128013786897395e-02
1.752914136875475051e-02
2.409398071528798951e-02
2.699441642930893587e-02
1.918299010638543564e-02
1.357403906030455777e-02
7.961029808222589224e-03
1.080446515325149230e-02
1.196140209651666564e-02
8.195647534287076735e-03
1.378591978363812726e-02
1.094768810865711338e-02
8.053977280071469846e-03
2.815394226126045115e-03
4.203444594089738098e-03
2.871750641914956256e-03
2.536260844114612226e-03
2.778370215776707324e-03
3.757089317751420576e-03
4.839785743641500035e-03
6.794739498143914300e-03
6.309984177282280254e-03
6.234718963068480203e-03
3.240210083549750764e-03
5.044889148625815098e-03
6.397287816547243648e-03
3.386573256500664819e-03
3.577543350569434896e-03
3.778111476442646850e-03
2.761954746185043934e-03
3.126867744976740641e-03
7.338329793369200403e-03
1.196257580625466506e-02
5.827358817295343746e-03
4.162912753312221145e-03
3.557662909455039553e-03
3.041866346478057891e-03
2.366920764350259089e-03
3.358365530270230378e-03
3.057157152691875653e-03
3.630395878895087153e-03
3.200634299091648961e-03
3.850696290245024869e-03
2.963641313329925739e-03
5.614400360150957961e-03
7.761200738169129337e-03
5.399997518033807821e-03
1.020093107043906593e-02
4.138196640216382227e-02
3.149235196302455075e-02
3.566116338968873534e-02
5.511002342020489275e-02
4.795133754974881257e-02
1.445115483607227469e-01
1.027006886090298943e-01
6.014453477747915000e-02
4.190414487104122954e-02
2.693925148182690910e-02
1.204575257937522646e-02
1.103231665476064188e-02
4.439975370760951973e-03
7.265701616806581782e-03
4.120111637388306283e-03
2.982327699663774295e-03
3.731957233275145017e-03
4.620818482735536067e-03
4.375752866124458726e-03
4.792470588330963004e-03
4.825986328207775185e-03
6.965910189689102604e-03
8.958341670889529568e-03
7.665066056423553223e-03
4.484884195921844466e-03
5.657398926970565525e-03
5.241546334445261121e-03
4.861498997129173189e-03
4.655391034023987663e-03
2.038396543815325715e-03
3.572995420700871526e-03
3.893468234631947741e-03
4.808987730772013025e-03
4.895415198059209841e-03
3.640441448845592974e-03
4.868261671446167359e-03
3.926001030122408184e-03
8.143866170618617797e-03
1.187596163426752824e-02
1.315985847514020146e-02
2.286502696387618730e-02
2.124493525383481379e-02
3.928172832985019070e-02
8.100927822661341260e-02
5.563506818072865012e-02
4.307363505278105631e-02
2.144709884501400099e-02
6.182874442898801670e-02
1.893897472818953723e-02
7.824404179762408165e-03
1.699493878992004714e-02
9.665005294527266241e-03
9.286721622359996389e-03
5.001593861489446978e-03
7.332594396183896891e-03
5.391893787998357571e-03
7.203018680746514114e-03
6.384341710033640364e-03
6.563826069392899448e-03
4.923954574366446249e-03
6.835698788160157226e-03
6.244291470470184416e-03
1.250572248446511249e-02
1.891854730787193364e-02
2.501727645753704099e-02
2.220935264520725733e-02
3.518427603204821175e-02
2.584737161852913162e-02
9.113934679880112896e-03
9.266250139826272270e-03
6.101990722327464180e-03
9.517867446317088490e-03
1.587416797684577940e-02
6.701070073358759982e-02
1.351770435154618366e-01
5.428810629647894126e-02
2.810221501843188432e-02
2.911961359472215599e-02
2.085307350175140059e-02
3.956181695365371120e-02
5.350237414679886311e-02
1.690532694924123600e-02
1.051459003441467151e-02
1.181066733894163730e-02
1.718134176163629151e-02
1.515213170603144262e-02
6.809495531103096008e-03
5.732773628992498746e-03
6.528379398436793928e-03
7.752877268751895770e-03
1.452260195017769824e-02
2.646610085859618655e-02
1.081567958271007629e-02
1.408452225743325043e-02
1.025562349184078528e-02
1.485385808989817848e-02
1.044155408543124934e-02
1.800464686105338746e-02
1.300837622651679348e-02
1.333586723580676078e-02
1.211970137185915813e-02
2.113477817992115773e-02
5.351290526123814867e-02
1.510717620516209211e-02
7.408410237548928266e-03
6.369586718328974426e-03
6.174150666263519827e-03
5.426851104596929973e-03
5.399167486994458504e-03
2.643658295603002265e-03
2.885610588070241633e-03
3.290095060567790625e-03
4.034556302938143227e-03
8.889565088665233455e-03
5.871623246450508732e-03
7.396981454867244087e-03
9.913414112076301965e-03
6.065173291098750231e-03
6.654848258101477357e-03
6.150594899756508561e-03
9.028023802636640782e-03
7.368150235810819182e-03
6.674170549128496249e-03
5.817249352713803508e-03
9.005214634299265122e-03
6.859448525210854603e-03
7.613280608874404935e-03
9.733766751454590860e-03
1.785821611354306698e-02
2.617806810839291842e-02
2.718631561431066740e-02
3.048933233996914752e-02
1.428560938736181569e-02
3.967235153636444051e-02
4.149798995607967278e-02
4.431830658118856431e-02
4.022020459972704132e-02
5.687136859852130744e-02
2.949297918267837840e-02
3.727932883052953450e-02
2.809138053441449095e-02
3.245152113253420290e-02
5.016077656003183061e-02
5.504895248109794442e-02
6.187349345748675150e-02
3.722886970744788970e-02
2.979556725439668971e-02
1.964926916829986756e-02
2.084512674342975033e-02
7.634730062664078949e-03
6.683631847760603678e-03
7.495003537359391441e-03
5.922044616628165635e-03
6.524157827902762885e-03
7.323603081197962994e-03
5.546169608905082704e-03
5.102072063553874000e-03
9.129340082902632353e-03
9.601953622050485651e-03
6.888369754816874892e-03
5.246905779817155786e-03
5.004954247808430720e-03
4.054135090811254727e-03
4.377049974936779789e-03
5.638051792130522460e-03
4.539564204430846656e-03
5.588133896020185468e-03
1.343237782761428842e-02
1.258590404273873635e-02
1.157667612012851753e-02
6.258394686307696894e-03
3.252587935580648470e-03
3.659728027654907123e-03
8.258252161873588099e-03
1.161265615049881898e-02
8.657543684677361864e-03
6.370020820841778772e-03
7.098640041363872208e-03
1.389210895321804293e-02
2.938340430743147103e-02
2.562116133951007277e-02
3.193578241588199140e-02
2.774215285667414738e-02
6.867839504215726698e-02
5.631074973794736316e-02
6.460043797296509405e-02
8.558058215613142949e-02
4.051089975525108688e-02
2.503049473570439359e-02
2.077648616807320145e-02
9.724518255966067490e-03
1.173583506467984310e-02
9.968842133945259726e-03
1.292084296727456609e-02
1.541431447183504687e-02
1.666196619107734520e-02
2.899001787733279656e-02
2.744706899010044068e-02
2.027948949467546849e-02
1.560743912456090052e-02
1.543480113648803068e-02
1.055392998516246558e-02
6.977454230055195501e-03
3.534775449004608650e-03
3.718010332001729819e-03
3.826106626521062586e-03
4.983012933968493895e-03
4.610089937653914088e-03
7.747709487326938545e-03
6.355195704873841701e-03
1.095577555664309019e-02
1.065742062716709682e-02
1.211576129889054172e-02
1.275398225842824806e-02
2.808938294184202059e-02
7.101297082878472999e-02
4.840722999189307069e-02
3.614211847499459312e-02
3.586140233760656826e-02
2.404216875394704286e-02
1.838697197748437664e-02
1.384324479421961997e-02
1.191974036553198474e-02
7.534148170204763538e-03
7.328698527254307732e-03
7.956067509796140025e-03
6.877253679356975027e-03
4.150642953366028877e-03
7.795916016212683930e-03
2.126627165235341760e-02
1.491523797629998142e-02
4.645085902644409057e-03
5.536024833127996779e-03
6.219266467325789381e-03
4.076368455901264141e-03
3.830582305660625193e-03
3.814835744288735606e-03
3.403496130992093686e-03
3.527027277926124242e-03
3.735538462160075887e-03
2.184076012435363576e-03
2.772640513167806253e-03
2.571504876481553632e-03
2.591082428130549436e-03
4.213080989115175305e-03
5.710888350676212796e-03
3.733705637994668737e-03
5.927485894360229671e-03
4.355667102850282676e-03
3.759059962791036491e-03
3.855740027875654771e-03
4.274550610962678243e-03
5.041901341596286522e-03
8.980180731903479596e-03
7.873324047528877656e-03
7.207867795598287518e-03
8.467295201290648762e-03
1.100007293458039360e-02
1.200203864271935476e-02
6.569620535188840267e-03
8.827328697775338115e-03
9.476894410690384074e-03
9.800145411578514015e-03
5.498321166068334022e-03
3.474083589231867931e-03
2.959558531753506399e-03
5.463462974990669456e-03
9.608262112010585929e-03
1.229482179759028987e-02
7.803739044499861770e-03
3.934218764044304130e-03
4.795629226338861753e-03
6.959641990118847071e-03
7.075169330147185708e-03
1.840582319875453884e-02
1.825825102606089961e-02
9.796005918430585047e-03
1.882959061182431365e-02
1.329813487436317526e-02
1.036323312097755904e-02
1.028896893176518314e-02
1.176625381601894074e-02
2.703618265607896781e-02
4.474185572027915975e-02
4.692748942837252080e-02
9.205768520460853865e-02
5.668291749434152538e-02
2.970553128500019388e-02
1.451452988423161325e-02
1.978301268001569566e-02
6.000679941689172209e-02
7.445234129335596973e-02
6.649057163393193304e-02
1.854030240779336661e-02
1.395599934073976991e-02
1.240747816498639217e-02
9.142715096695239532e-03
6.111560743907650146e-03
5.752059916157427170e-03
1.191820901744560304e-02
7.098056018862453423e-03
5.226453904906737911e-03
1.260870675500485802e-02
6.681972339781860198e-03
5.273420678012915794e-03
3.728762392890913862e-03
3.680788547838236523e-03
6.883161126114912404e-03
7.300529464700232334e-03
3.904315390907272480e-03
5.680029202718680018e-03
9.041457655825764494e-03
7.106679127425981519e-03
3.088951674821258705e-03
4.463607014556997613e-03
4.764385025217976466e-03
7.687634719784521529e-03
1.492025399781326048e-02
1.617135355522366855e-02
1.461709723715992788e-02
2.701936680048967754e-02
3.334830558727260724e-02
1.837765179784887556e-02
2.293067854436534742e-02
2.537642011619880428e-02
1.345656095880496013e-02
5.674007802148522961e-03
1.035262392878444349e-02
1.072171632987874504e-02
