1.802637528504328884e+03
1.789683596903362286e+03
1.787308738576031374e+03
1.758256507528812335e+03
1.775763716528985015e+03
1.746719203613723494e+03
1.617326009777841136e+03
1.406933242606739896e+03
1.237713628786746767e+03
1.044520202015948371e+03
9.299514136592640625e+02
8.419139164125743946e+02
7.684832985167411152e+02
7.106495656475061651e+02
7.036376961493247109e+02
6.186105168283058902e+02
5.579423617831303090e+02
5.229111116555459375e+02
4.650252429947177006e+02
4.308349441580458574e+02
3.767629037559670451e+02
3.052131699642012563e+02
2.579890241318811945e+02
2.159408701299336428e+02
1.744109294758161184e+02
1.512891587307148029e+02
1.220165954165394027e+02
1.032051623996318739e+02
9.369415379919510656e+01
8.649820174638321646e+01
7.975593138916552505e+01
6.915852220957589225e+01
6.387405240879907353e+01
5.891611611294116813e+01
5.433683640298891504e+01
4.826957878639218791e+01
4.669056292991201218e+01
4.381327121355097631e+01
4.063687062097719149e+01
3.922131854914354676e+01
3.719978424825862362e+01
3.403164439247360917e+01
3.500732112525845707e+01
3.206129356985810830e+01
3.250806020214541547e+01
2.938963393787025780e+01
2.622235427176828182e+01
2.488560573394591557e+01
2.586438363908068538e+01
2.239735381090319777e+01
2.209792113015421222e+01
2.067358748994119821e+01
2.005476894430842805e+01
1.930407921381232228e+01
1.836485227745847482e+01
1.791237428250221342e+01
1.687100731958830480e+01
1.570507027342260820e+01
1.555788413504081547e+01
1.517518528932007271e+01
1.421501110780883614e+01
1.355368310312775471e+01
1.279138757901322698e+01
1.347950483386207132e+01
1.201613982011181569e+01
1.225128683269170793e+01
1.334381852931063683e+01
1.277512366381379572e+01
1.158037028964263726e+01
1.052234515913270840e+01
9.576338669629056000e+00
9.892056605307130823e+00
9.288857799891253819e+00
8.947100696502301886e+00
1.026135710170841087e+01
8.728598326222520853e+00
8.081754774764091209e+00
7.263572119340671485e+00
7.259507127780977065e+00
7.467589703566689607e+00
8.272573346436297825e+00
7.840555263658081309e+00
7.525268828414395372e+00
6.122375240540302244e+00
6.037113646398366562e+00
6.222677467828853004e+00
6.183719292968447689e+00
5.732974031378930135e+00
5.737620078450111016e+00
5.273892489921558457e+00
4.725311511183663882e+00
4.477591278770995054e+00
4.336983828126573570e+00
4.163058011511343359e+00
4.280934209624557951e+00
4.166004208362427796e+00
3.869039200098518982e+00
3.910297657253634540e+00
3.935006164975759724e+00
3.865302464817399031e+00
3.735615901776680126e+00
3.379178887093306383e+00
3.180901150395704757e+00
3.395683116473658281e+00
3.138918279023317659e+00
3.269512296471589696e+00
2.801474668527485168e+00
2.874058550276678226e+00
2.701472656661005889e+00
2.691470325248285445e+00
2.696616273728472901e+00
2.772612544862634643e+00
2.568253428420596673e+00
2.335949048492771407e+00
2.248990700703909607e+00
2.435987129176432564e+00
2.370350246704638231e+00
2.125209359029622380e+00
2.121156005658765498e+00
2.028093477035445069e+00
1.902675048414514514e+00
2.001575260186081451e+00
1.919496747674470205e+00
1.824987032675158272e+00
1.810157561389965419e+00
1.726275617378218552e+00
1.843732896848063962e+00
1.833264130157197913e+00
1.860736987164988587e+00
1.676389855886893709e+00
1.870180934721069832e+00
1.632887108481024141e+00
1.661595428491460469e+00
1.440315105251488426e+00
1.455297038688165845e+00
1.446839856032492211e+00
1.380006747803651956e+00
1.537915524869476913e+00
1.334398020539250496e+00
1.247311566383211945e+00
1.221241337708713237e+00
1.191332416979680398e+00
1.244876817330966778e+00
1.393021918402082671e+00
1.300705777301654820e+00
1.237558136319904190e+00
1.233492044415076538e+00
1.100441918690442389e+00
1.004250735543727568e+00
1.156783503773919808e+00
1.001387333054101880e+00
9.505043196070175338e-01
1.154091888582850611e+00
9.761768670526888014e-01
1.008489807797799953e+00
9.306791300442062154e-01
8.593932672723583188e-01
8.860220665228936143e-01
9.796540360730326968e-01
8.699124019619977055e-01
8.668540205808150656e-01
8.967722341730272051e-01
9.207067941323074933e-01
7.268425464583114781e-01
7.752809866182821530e-01
7.143193940182500645e-01
8.453131017209991604e-01
8.453525535579113903e-01
6.862251348105401494e-01
8.328504774215802486e-01
6.435343320479761653e-01
7.807767431983901885e-01
8.104124341065446213e-01
6.976463825236275396e-01
7.621017869205252149e-01
7.104492871488671257e-01
6.479960343567235936e-01
5.937252243712040078e-01
6.575768732544872153e-01
7.011337019719452446e-01
7.199544426881020476e-01
6.365377055167089626e-01
6.254426592583144373e-01
7.176646948862898112e-01
6.621846666055285491e-01
7.604111669932339668e-01
6.347110233092055909e-01
5.985583077593354950e-01
5.551850184332810523e-01
5.752591717842153729e-01
4.843835829720241071e-01
4.758867118963499010e-01
5.228663571596314785e-01
5.084269355449418937e-01
4.582401336252736046e-01
4.977026277837795498e-01
4.777143968731601409e-01
6.467796164280883442e-01
5.835014184527612668e-01
5.085326940941741203e-01
4.449894160330758464e-01
4.690679987701691922e-01
6.007262764133658450e-01
5.562273791952981883e-01
5.419192062837475676e-01
5.656950331542156540e-01
5.026025682437956776e-01
5.071370886813366674e-01
5.352229586992407473e-01
5.572164576875232589e-01
5.035008951723792814e-01
4.135696870583934759e-01
3.776279492779797686e-01
4.602416128340581225e-01
4.321030944559041687e-01
4.043171805697399201e-01
4.863859905593272415e-01
5.540905549776289352e-01
5.369914592013477206e-01
4.076316878942255473e-01
3.968682904890525331e-01
4.026874309277203023e-01
4.424179301368917350e-01
4.595145562941481132e-01
3.404210424932453405e-01
3.468746196524791214e-01
4.183757375161824554e-01
4.881690091245044494e-01
5.740092999027975873e-01
4.534982984459022815e-01
3.783904967269926534e-01
3.709291776354839976e-01
3.149281739634931521e-01
4.020964381199049753e-01
3.042951285696972041e-01
3.345855784282343870e-01
3.679741748941697255e-01
3.231750168965885073e-01
3.301282738353771284e-01
3.279061550099972022e-01
3.463805670739628084e-01
4.311128434956975619e-01
4.133329871708471548e-01
3.965960778731000835e-01
4.200233875844662235e-01
4.400772585527025216e-01
3.110011686724293845e-01
2.924768818178848373e-01
3.452123437213575619e-01
2.859990908171410884e-01
3.155890584513930675e-01
4.206452493563518358e-01
3.688743686674108568e-01
3.063229706812712339e-01
3.355628153911731082e-01
4.250693736481132579e-01
4.949986373288138286e-01
4.021257553178415600e-01
4.452377069199983661e-01
3.601599881403662606e-01
3.546992833308967308e-01
3.090374232664301890e-01
4.759717452856801478e-01
5.885267326755031503e-01
3.122959568207241410e-01
4.342049301438462572e-01
3.740100598083259675e-01
4.532029143555336148e-01
4.157246629672876614e-01
4.147503995990994285e-01
2.968883267224867728e-01
3.016782947690765937e-01
3.811172828551765979e-01
4.920858488585722612e-01
5.897948515889940291e-01
6.825450303151152642e-01
4.124074285287530062e-01
3.667310285202373121e-01
2.980905930782351554e-01
5.688030361183318284e-01
6.174723196727163188e-01
6.658832410362907073e-01
5.284443322261169751e-01
3.803571286887374447e-01
2.968843531276634251e-01
2.726074654501257633e-01
2.816200615704455568e-01
1.943140199287061165e-01
3.227581035139844290e-01
2.292614752239772458e-01
2.226044168939925738e-01
3.664696469409197688e-01
2.808205228549114918e-01
2.458273575061608596e-01
2.002710575677158489e-01
2.158183879625104329e-01
1.971441532716641243e-01
2.475380561151284686e-01
2.515325628538106484e-01
2.597497700035781287e-01
2.522801320191755403e-01
2.227012313172420654e-01
2.661030335640438005e-01
2.468360879133068009e-01
2.463264616729506085e-01
2.419123743251370418e-01
2.922591236971655571e-01
2.604533575000022028e-01
2.617932958704386470e-01
3.432301949339330305e-01
2.211048249292777712e-01
2.274950809330632540e-01
2.671868758615378869e-01
2.389301292710649949e-01
1.923386044262429262e-01
1.964293568793846478e-01
4.251881472423825192e-01
6.077799449465428605e-01
4.922661201977647782e-01
3.860129802800443821e-01
3.501145660554770833e-01
8.116818079630179206e-01
4.695680146683053335e-01
2.418295375119786650e-01
2.829176364998557958e-01
1.625579581415375341e-01
1.946364558781699672e-01
1.770741362165304256e-01
1.822669793151409923e-01
2.453031697953307888e-01
2.503943055586485555e-01
1.974553295561092825e-01
2.235007596752307535e-01
2.127105756486950550e-01
1.771957114218160878e-01
1.453526649753315858e-01
2.558837786079900534e-01
2.707797439214155721e-01
3.833286344482630392e-01
2.976772712552092082e-01
3.199050002223510769e-01
1.524672583674659965e-01
2.236640919910562741e-01
1.887877048590987372e-01
1.887259226929221823e-01
1.643371132403507739e-01
1.645344950861550581e-01
2.374564186493001439e-01
1.807990377987304664e-01
2.654141184876216975e-01
2.340623708203457276e-01
3.177353124175895660e-01
2.826837703593068629e-01
2.079696130381462060e-01
2.571418185673617351e-01
4.409535968356236291e-01
3.274740204568548085e-01
2.382786749079482402e-01
2.527137385099148537e-01
3.862101166218430137e-01
3.149890878289506868e-01
3.455021024599671531e-01
4.202403838123603963e-01
7.196477061681061382e-01
8.131344626132525066e-01
6.214266505216398118e-01
7.613539260972169709e-01
3.859129488711383060e-01
4.426029087319079403e-01
1.083586982156560019e+00
5.665753347453703626e-01
3.965002881929465262e-01
3.917367619496567865e-01
2.175485450635387119e-01
2.239492059095083143e-01
3.509052694877719536e-01
2.704363581557706064e-01
3.733192674807990219e-01
2.119854618008334413e-01
2.354440961779453723e-01
3.225185091608412380e-01
1.696466857713863352e-01
1.450244457697376921e-01
1.178392423514242893e-01
1.475657822678965170e-01
1.370341882458352145e-01
1.219297872037278657e-01
1.860731363340838995e-01
1.812658776799548344e-01
1.356818718530781731e-01
2.040348016239988960e-01
2.240577398296778877e-01
2.280110409780267133e-01
1.801035121763817914e-01
1.461109419058589376e-01
1.583191123270923650e-01
1.592254332543104056e-01
1.770225151538563357e-01
1.474809089757723457e-01
2.067333182593511509e-01
4.013695288443670517e-01
3.300526324260199540e-01
4.389167391647157412e-01
4.729829688700990520e-01
5.569107215183820569e-01
4.316511299417013503e-01
2.289281236746849579e-01
3.813488278875476478e-01
4.695400728864551065e-01
4.187516834514336539e-01
5.218242459402844258e-01
2.189702292512963056e-01
2.683778342470077294e-01
2.920391526181151387e-01
4.725097628352332157e-01
2.693775263557773858e-01
1.968437882984868104e-01
2.791952976541203779e-01
4.108866724080404986e-01
2.652714179970588892e-01
2.548142384122205062e-01
2.839681519402128540e-01
2.786269500520514031e-01
2.902680112427731274e-01
2.287887998611070339e-01
5.178159051021918868e-01
6.955517662520532829e-01
7.365808858628309919e-01
1.019874074843768463e+00
1.420231530007408427e+00
1.996018928648200852e+00
7.716701313309793919e-01
6.461897342444813397e-01
7.739085970619504762e-01
8.290806789270898092e-01
5.831707957138989595e-01
6.409440476697985112e-01
7.890641180316418923e-01
1.577828140719000682e+00
2.497403764363877787e+00
3.284184591111768192e+00
1.954928381941883231e+00
1.914078897822637959e+00
1.197630453977762022e+00
7.166359406686483302e-01
4.576873172800489664e-01
2.443808976460591642e-01
3.661684763917295582e-01
2.169843199497987485e-01
1.667651574009149096e-01
9.883656673562503381e-02
1.279509073130239982e-01
1.481403402158289195e-01
1.367502065998792427e-01
1.162445388201529678e-01
1.087362877722623244e-01
8.386916930984908425e-02
8.074883716255701338e-02
7.394346150367106518e-02
9.263705419362218418e-02
1.319262254410444035e-01
1.116744296974315209e-01
1.539611448799434457e-01
1.744548437865917345e-01
2.340537353830662581e-01
2.340246942157649390e-01
1.648268680270051079e-01
1.843057340624575935e-01
1.791469920504321633e-01
1.568053216132461458e-01
1.260667285595511999e-01
1.171279050573284936e-01
1.049154330584119860e-01
9.770680168812426181e-02
1.070818825595524076e-01
1.521332279172666058e-01
1.924868056925945481e-01
2.496180856993115149e-01
3.609419517792644694e-01
2.653460221583597289e-01
2.158453745084474851e-01
2.418984545716821588e-01
2.798427561814685882e-01
2.831662690848169017e-01
2.163568937300972550e-01
3.935920535896293426e-01
8.423772468007462155e-01
3.777802591732042359e-01
3.117860494264327875e-01
2.514685326692198131e-01
2.283078507322260919e-01
1.845208461681412393e-01
1.821761385747000805e-01
1.243477427662222912e-01
1.185707516567587744e-01
9.502437118199723309e-02
1.586322899549230114e-01
1.230698373885951991e-01
9.096753325030949855e-02
1.011361275595680509e-01
1.515390109994855239e-01
1.390456754484467039e-01
1.428265405776581454e-01
1.926741674534123150e-01
1.988753528746582400e-01
3.178066185658406928e-01
2.079029977281926234e-01
1.821822275542324399e-01
1.695155329572374803e-01
1.662141204800814398e-01
1.614081150327691672e-01
3.734929826053109969e-01
3.872576252357577409e-01
3.470353670503288912e-01
2.708075538303941210e-01
2.891041447285596644e-01
2.102588603638539666e-01
3.120729048965337760e-01
3.274283752930170488e-01
3.594745301339625221e-01
1.940582944790617548e-01
1.598250526216351552e-01
1.176063635884607994e-01
8.986032119216227909e-02
1.257401791464032859e-01
1.405796632040380301e-01
1.418205529508087259e-01
1.360718317961730484e-01
1.848672596032107096e-01
9.508147915037143405e-02
1.639414173011553011e-01
2.010546946396129520e-01
1.528776288578136966e-01
1.674545732487683625e-01
1.704581411703664784e-01
1.917357231252272975e-01
1.233229778390242115e-01
9.237107723062595865e-02
1.693301010921810790e-01
2.071503063856993954e-01
5.139238927367841825e-01
3.193795280124481772e-01
6.354696988077742636e-01
7.040976522042702301e-01
4.628152749787732834e-01
3.436388294269775434e-01
2.380587957280326517e-01
1.618345351247336972e-01
2.547104039775311968e-01
8.760274749216431234e-01
4.397235742890816534e-01
6.022543349232134524e-01
7.357090367528430486e-01
5.890273263954848293e-01
2.275077933745494330e-01
1.478909645688902541e-01
1.042745132865769281e-01
2.890851522004773688e-01
2.791295478179404155e-01
2.397901895029893315e-01
3.225400535856182693e-01
3.883989510024656866e-01
2.777366705178972439e-01
4.603507039489934671e-01
7.113875057678286096e-01
5.454734531189542324e-01
4.293586320746643481e-01
2.290826870121362713e-01
1.959809236994361215e-01
1.353073989223278761e-01
1.500636905206796934e-01
2.217352400460196049e-01
2.897759110718374220e-01
3.112467426455464148e-01
3.404552098407139793e-01
3.206923127240032811e-01
2.096038536745038205e-01
1.320101080683825090e-01
1.244245169771132364e-01
1.511563342156293233e-01
2.064234543458650928e-01
2.292285344934959224e-01
2.270581278545818205e-01
3.812775615201608459e-01
3.412634756466988994e-01
3.637279388417428705e-01
2.341477470253578719e-01
2.268095856702554980e-01
3.285506083083918893e-01
3.435727369777025197e-01
3.661612671374588901e-01
3.451311780367501969e-01
2.893572798342448626e-01
2.117922045751443605e-01
1.804725055905091191e-01
1.798134011072211325e-01
2.717918273349129721e-01
4.158455485899310577e-01
4.946744676755313597e-01
5.525418068002863059e-01
2.543622108369041346e-01
1.940056551538505980e-01
1.079787547506721179e-01
1.269043042517611353e-01
1.562605735178530797e-01
1.470824132174624599e-01
1.202641602698676648e-01
2.437016173756101634e-01
3.638832798303107130e-01
5.727168309307830718e-01
6.379054579795917501e-01
7.332003204932077134e-01
8.252096864978569757e-01
9.388797418656069649e-01
6.749210939132473941e-01
4.867192235900761332e-01
3.931450188643234589e-01
2.077299946818840226e-01
1.486001846930266879e-01
2.884889434674705599e-01
3.604258323874832692e-01
1.831271952797552949e-01
1.896356761073660635e-01
2.128315100318424746e-01
4.455664224536967644e-01
4.339344304093500360e-01
3.402975166104814653e-01
2.493670925326000043e-01
4.836362199645881654e-01
3.785629856259072334e-01
2.362150558894131891e-01
4.183882483138887109e-01
5.504822256635656386e-01
4.571721368493008031e-01
4.670412577387492714e-01
5.713877306964326719e-01
5.097950038026088926e-01
9.716381492102564854e-01
8.806945903357215055e-01
1.036370699733341727e+00
6.832726863690786745e-01
1.136972889120728469e+00
1.310946039877880498e+00
4.533399822929032874e-01
3.372662320233107414e-01
1.933726112418270027e-01
2.005119132730063813e-01
2.455319271528759451e-01
1.854573256884230470e-01
1.741808410048754086e-01
2.285326042306201344e-01
1.011034174265509761e-01
9.133747750720003222e-02
1.454547511647115432e-01
1.100256483767195204e-01
1.053819300121646291e-01
7.733833271088820516e-02
5.922443354880634059e-02
6.253489341471354934e-02
7.842850373478396642e-02
7.588006734696781108e-02
4.217739888254038588e-02
4.282580416161052561e-02
3.770685155217280704e-02
6.066628921905169863e-02
8.109821265779706967e-02
1.036042363838289987e-01
1.532722393074542888e-01
1.871555360644288901e-01
2.436858613161793086e-01
3.212850876621228813e-01
5.570802438185797900e-01
8.503542158479417967e-01
8.147089444531896429e-01
1.108416023184462862e+00
6.584138040400490111e-01
5.642363806429312456e-01
5.770958989067003220e-01
2.336843491004712836e-01
2.214945868413537855e-01
1.058636364759135418e-01
8.809774559238402192e-02
8.046567728831366395e-02
1.588290469137228211e-01
1.704803271440591961e-01
1.808075876788513836e-01
1.676284117177722355e-01
1.050653071137371553e-01
7.586397776914487190e-02
1.163983016131297232e-01
1.872548759695190634e-01
1.420105864835691234e-01
1.410789216730777007e-01
8.255498672501485058e-02
6.078071994028946823e-02
6.362697465013580911e-02
7.419613235226209247e-02
6.808453715547201079e-02
5.487146649555522254e-02
3.325684403355076701e-02
4.660722983669452618e-02
3.966675918308636833e-02
5.922798482374030254e-02
1.340039694953969185e-01
2.063647343581485882e-01
1.614949490629158935e-01
2.360996903781389100e-01
2.804260147024680849e-01
1.725655937108296345e-01
1.229869837504582453e-01
1.499112794402048254e-01
1.784578332434392789e-01
1.496709006467913383e-01
1.513621972683667216e-01
1.561242422978136313e-01
1.037898296635861306e-01
1.368380722426396079e-01
1.674325987780463376e-01
1.815050048734643817e-01
2.411315525737146026e-01
3.000284509635006147e-01
2.891689497202706294e-01
1.772912444966370793e-01
1.366951372275660992e-01
2.991313763896307765e-01
4.241469768224918058e-01
2.693999513389837563e-01
1.984556007198471361e-01
3.762595203692999934e-01
1.334534303946659284e+00
7.996479708946290232e-01
4.854721986400897249e-01
4.988047302678182415e-01
3.160177741793638306e-01
2.441202754505890915e-01
3.118326416566766235e-01
2.470252978631630181e-01
2.203693306881570890e-01
1.859642390554440139e-01
1.807901896601080138e-01
2.036015440273808708e-01
1.809302526190402216e-01
1.357628354938404669e-01
1.065648830914901618e-01
6.237467641342194641e-02
9.251740504911119822e-02
1.653581944083477862e-01
2.275899271117791389e-01
2.143434002110313763e-01
2.424467703514107952e-01
1.867462040159625358e-01
1.824652666576304372e-01
1.718299544470681117e-01
1.967878625943572657e-01
2.344637066268058512e-01
2.694654683398772788e-01
1.288724446562798664e-01
1.019066233419269468e-01
2.069279740111392707e-01
6.818672523001076957e-01
6.484500726462113507e-01
3.344649720876535226e-01
4.090821525734392727e-01
5.592850558943394113e-01
4.072420681920458363e-01
5.866627438266187600e-01
5.904041371386722359e-01
3.906602559957609300e-01
2.191190672709910359e-01
2.758253499447453350e-01
7.387894703997101020e-01
1.101376007629010667e+00
4.300102054092480586e-01
2.264857065235185984e-01
1.474031921566474335e-01
1.586025866622997049e-01
3.070711596181376346e-01
2.978247589511335280e-01
1.822426076793046690e-01
1.640440568921035513e-01
1.283101470663939869e-01
1.311455958884700790e-01
2.862733841198754625e-01
3.257050188899018872e-01
3.136510251217238809e-01
1.563681560923673997e-01
1.587305722783223794e-01
1.358892599754306096e-01
9.055199103333284871e-02
9.969362996290993817e-02
1.035966485533735409e-01
1.031823464287125736e-01
9.083293244176113279e-02
8.867131377982070961e-02
3.668643491741754303e-01
2.858256187787228120e-01
2.650576223046311464e-01
1.372574090093716115e-01
9.647967011113037228e-02
1.004047403702298807e-01
8.146822517427490529e-02
1.164109014075046383e-01
1.473208395167059093e-01
8.015367162844855287e-02
9.879165100806944211e-02
1.496686040008329277e-01
9.625971556961540609e-02
8.615296599924161802e-02
1.872239890407117191e-01
3.414374835367003924e-01
1.491855968390300158e-01
1.330532645631884447e-01
2.618936739728476848e-01
3.076341182165371335e-01
2.826422315452652434e-01
2.883866964320098703e-01
2.716938533579354997e-01
2.508664933305029821e-01
1.974076062676164145e-01
2.626531472209822637e-01
2.548741114968989252e-01
1.815427191476053914e-01
2.256496348629403736e-01
3.720089417195898140e-01
3.127584217035401237e-01
2.334456011959425981e-01
1.630822453835397423e-01
3.102974337693932272e-01
3.060677489812280161e-01
1.885968836067208609e-01
1.636779619435282662e-01
3.017417283136628603e-01
5.287520968503505170e-01
3.033916397489715422e-01
6.101338052153096880e-01
4.143603347016415750e-01
2.918632734500584691e-01
2.291273960239851859e-01
2.166351562503156802e-01
3.296064726231564546e-01
1.927819207168459947e-01
2.602010288955177719e-01
2.132549855972824815e-01
1.846653976746583936e-01
1.699093911361218012e-01
1.336920154370162261e-01
2.716943768571532525e-01
3.674521665326591080e-01
3.467773989404643320e-01
1.123760035723927464e+00
1.444145136682590813e+00
1.360959036738890626e+00
7.908296645119657908e-01
3.419908332085672686e-01
2.295322233637366593e-01
4.553360694231129435e-01
1.522151289217607006e+00
2.772088534057824294e+00
1.678419143065760233e+00
1.029025042397717637e+00
4.939800356454751573e-01
4.285275691841786694e-01
2.809823405176997135e-01
2.291054768504393879e-01
1.199610605234207317e-01
1.026041469555360325e-01
7.410009030630973492e-02
6.865124994418661530e-02
9.006732934972259963e-02
1.213931034273847270e-01
1.579099729816606790e-01
1.250522195978320539e-01
5.807277354257048968e-02
4.006593292118403038e-02
3.822673230846374004e-02
3.043122749542324576e-02
4.055327182360683735e-02
8.180437436427351328e-02
7.637731168796166314e-02
9.645895390386718948e-02
7.809593549795962319e-02
1.173764412731914536e-01
6.498278256421079202e-02
1.147434705871135940e-01
1.188509854946463579e-01
2.739629577537444072e-01
5.552628112672661764e-01
3.092355289127116658e-01
3.716479108243205820e-01
3.867439252356387192e-01
3.574936119920781863e-01
1.804907732227866157e-01
1.721054413559268415e-01
1.293623160895517044e-01
1.507629013885716518e-01
1.885115631379725432e-01
9.833859062640405713e-02
1.060815363926208843e-01
1.747093175934701370e-01
1.997300132190964195e-01
1.517557274429074399e-01
1.342103485642862637e-01
1.238859127934015536e-01
1.060117266830641614e-01
9.689953722794777957e-02
1.268074035209201533e-01
3.834355575641391622e-01
3.995900531864700067e-01
3.750985291392311960e-01
2.964500846133129586e-01
2.101249597140624759e-01
2.594550752769793633e-01
2.077164641064856432e-01
1.959971569962550564e-01
2.336799281562989272e-01
1.387871870914078321e-01
1.177358523030743315e-01
8.285671300149649587e-02
1.011307893197191388e-01
1.464410337695238595e-01
2.717383271463016392e-01
2.856799343790213941e-01
4.722713614596244502e-01
5.893213068856125725e-01
5.185915693143925420e-01
3.245853705497299679e-01
2.212983248222513410e-01
4.165245043553713611e-01
3.392438681633617170e-01
5.066792335459049390e-01
3.803263152844177930e-01
2.520776785914460860e-01
3.540029152683706881e-01
3.304451424207969779e-01
2.076151618240779928e-01
3.169393872224988140e-01
1.793609726081246136e-01
1.450690712768682444e-01
1.331415837847470252e-01
2.035481607740181609e-01
2.028697207965215743e-01
1.214863623821262756e-01
2.164848362960384021e-01
3.204979557090539277e-01
5.360671035423791864e-01
2.855649152404269864e-01
3.840286694027161274e-01
2.892166924865061106e-01
1.016909419022955646e-01
1.626616435946573180e-01
3.409390748367969182e-01
6.284960797490497519e-01
9.675669099447123944e-01
6.069561369840964504e-01
8.883735458478151381e-01
8.046239066706790677e-01
6.182605127686110480e-01
3.827900332728442212e-01
4.935457529873185645e-01
1.034960162707465159e+00
6.750302676479210673e-01
7.427492449246807515e-01
3.992505392924163288e-01
2.190030883516403959e-01
1.233844360186340389e-01
1.444346938738166330e-01
1.894030055793551326e-01
1.355203654450724549e-01
1.986714890798552124e-01
2.557567382594694294e-01
1.062821207397651180e-01
8.019623049545428206e-02
9.535517828428120846e-02
1.161905596569719618e-01
1.174006855686235695e-01
1.530996133977177709e-01
1.495655688648956372e-01
1.392458731503900815e-01
1.157861584098663771e-01
1.697965784734944694e-01
1.578255736312837998e-01
8.324414557272255544e-02
1.003315721818604511e-01
1.645380246809564073e-01
1.070292281069687435e-01
5.990518428284036939e-02
5.847924247254584346e-02
5.771530027790681971e-02
1.168778732491327632e-01
1.812742787684616386e-01
9.143731815273258012e-02
1.007250758577521582e-01
9.477976830798569285e-02
9.525590985185131143e-02
7.628743646240786214e-02
9.638535480245841169e-02
1.912505536878476575e-01
1.854808812373887339e-01
4.224775309886573127e-01
2.223767259331092205e+00
1.211666506700052048e+00
7.781794621359202635e-01
7.844386403048898559e-01
6.178725932477152627e-01
2.725333340027425444e-01
3.036191131297866219e-01
2.585373617457542017e-01
2.341127772831697318e-01
1.294748698195659631e-01
2.268142576614976813e-01
1.706597936448610020e-01
1.291860316024673883e-01
1.009096895119508674e-01
1.022346987266896101e-01
1.248716247573580240e-01
1.438010526568335723e-01
1.617622155316527921e-01
6.066462471802665929e-02
5.140377306737006075e-02
5.796450498224894887e-02
9.206615254611857924e-02
6.278461504372262469e-02
4.102352983520741320e-02
6.160337213985716404e-02
1.374059332139491163e-01
1.340091720705177680e-01
8.722266389955765642e-02
7.689038354055714730e-02
1.969099048968921128e-01
4.007667528378278110e-01
1.004480869609793769e+00
2.668176896529424802e+00
2.929912108013774663e+00
1.721366236749492629e+00
6.916052502385237055e-01
2.801110849690877647e-01
3.095998415418178551e-01
6.205559989803018928e-01
5.181481860425084518e-01
4.577805593047121757e-01
4.348678727370993702e-01
6.384486397053856788e-01
5.005306890173879530e-01
5.309881478977955815e-01
4.469718252464782160e-01
3.428686279276436655e-01
4.629775532801871929e-01
3.543927204029193589e-01
2.547264216848381668e-01
1.157528763929723536e-01
6.789335662768183899e-02
7.112993498893743771e-02
5.655161411179320669e-02
4.887314990947249499e-02
6.877729444887721588e-02
4.852970001200582195e-02
4.402928291236651165e-02
4.439585822539608706e-02
2.854239115168247590e-02
3.768943440654250188e-02
6.336337720762331982e-02
5.789063198168394042e-02
5.888829277966357856e-02
5.702700442887725235e-02
4.214441855402925596e-02
2.378914188764160234e-02
3.090778504196754761e-02
2.796375425608516041e-02
3.078499693858120778e-02
6.663419631370001706e-02
1.298006695528025334e-01
1.309098345008755104e-01
2.338244079474242065e-01
3.145299890772786378e-01
3.532689106501071818e-01
2.468625049826565498e-01
2.263422354165637029e-01
1.948232984822176328e-01
1.155268595594396708e-01
1.237738857255272634e-01
1.944114665143893417e-01
2.127177570442330967e-01
2.101001150471357992e-01
1.100176311642717952e-01
1.046071662436800359e-01
6.766322080899370150e-02
5.939587658425804495e-02
5.864284987431907237e-02
5.963951312194677723e-02
8.643794330154695726e-02
1.010294043994693497e-01
1.258066483426667770e-01
7.604831214396708117e-02
5.081717618776814688e-02
4.566743818761014734e-02
4.069171330949739041e-02
5.376227265942284256e-02
1.845512052848171936e-01
2.478010058565733309e-01
2.604528173220007070e-01
1.881198907602470993e-01
2.830985169040426963e-01
3.011244712251316957e-01
1.915736817242333634e-01
1.304896442207198748e-01
1.474826760744918086e-01
1.831195645071675704e-01
2.280023614376034402e-01
2.545953542125149460e-01
2.024791757963616545e-01
3.161520715184639174e-01
4.781984812117813233e-01
2.954356014268341157e-01
1.803171902890695621e-01
2.055597415192707278e-01
3.174268797810156917e-01
2.207095681218749772e-01
2.229197952566362440e-01
1.471448256102832475e-01
1.101767673190403446e-01
1.128682956472388532e-01
9.436720349567798150e-02
6.000461056158447326e-02
3.833706815404302332e-02
4.133357938761911959e-02
3.779832483510782437e-02
2.971687473599998741e-02
3.569481462762846835e-02
5.393479787780822848e-02
6.008082532272608633e-02
6.047718353503594296e-02
5.359010245541730166e-02
4.612684581666825351e-02
5.886270748665112934e-02
4.147996831281662578e-02
6.470901926729430431e-02
1.647741999738603635e-01
3.454198461611778237e-01
4.078254119922545273e-01
4.309983629788452508e-01
2.800742916720710407e-01
1.801378680879007765e-01
3.337764543309384435e-01
2.745148215271321912e-01
2.538279835044391364e-01
2.352698372718738939e-01
4.109580144429255677e-01
9.617487299434738235e-01
1.089168050169498247e+00
1.690833291881928213e+00
3.366748093146522347e+00
3.340399259982111069e+00
2.167388138512586160e+00
1.703943881870233268e+00
2.374243740729876873e+00
1.799588831601575567e+00
1.042571531343394753e+00
4.653488681729881504e-01
6.515502730048642333e-01
4.472164372525734288e-01
2.728623055171126577e-01
1.914648298062185949e-01
1.544327405615572857e-01
1.004510982906479388e-01
7.538019852942581811e-02
6.403029292339583456e-02
5.895147795948525726e-02
3.576795616721764604e-02
3.792950396322213036e-02
4.535235039841300358e-02
3.714089120783415493e-02
3.092533467909014400e-02
3.290347059796046997e-02
3.663488341360779388e-02
2.923046594825032610e-02
2.899740039849336287e-02
3.971267434779857108e-02
3.232394856085343826e-02
2.990656165467161023e-02
3.910406051913127567e-02
3.035339777039381542e-02
4.784001788954594936e-02
4.583314699626079430e-02
3.481275537265778042e-02
5.179743479543180013e-02
9.706358194988387589e-02
2.042527953640076166e-01
2.299235758298962262e-01
1.463555913609172476e-01
8.488658229692599977e-02
5.484470454586647808e-02
5.283610505249618228e-02
7.019339398280138864e-02
8.731040445599627664e-02
9.491010202380173455e-02
1.062486743060435529e-01
6.818013925477903192e-02
7.219138514051190447e-02
5.646481227182808399e-02
6.311210539652932494e-02
9.327776762793928145e-02
8.237843702212360730e-02
9.817881973375387761e-02
1.476521845288337464e-01
1.097322597401174382e-01
1.060200640419637352e-01
1.124295984701173395e-01
2.400410499356636362e-01
3.140858029439513865e-01
2.123300992180513491e-01
1.683410597332911929e-01
1.570913064647574686e-01
1.729517519710824791e-01
2.460926586876709399e-01
3.299726944618788793e-01
2.877935160216872346e-01
1.843198559766417444e-01
1.188367591548155217e-01
6.406606496732344946e-02
7.500397677362755089e-02
2.192486526361754895e-01
3.744854692771872329e-01
2.361630270775136320e-01
1.493759024344535891e-01
1.037211431016704100e-01
8.859131100406746062e-02
2.388738438119386021e-01
2.565421853511800077e-01
2.527159422912065856e-01
2.773004618227193352e-01
2.811755228406444540e-01
2.944104781192121156e-01
1.905708715620144100e-01
1.355798749163610872e-01
9.772328904737520583e-02
1.933068548951982213e-01
1.801667105033653571e-01
1.225632376786042754e-01
2.153947444969016300e-01
3.349985643554716508e-01
2.356380689749963120e-01
1.135830246012835415e-01
1.150707941724139621e-01
6.703951758802005612e-02
4.463862181292062303e-02
9.840535753432549937e-02
1.023766834834745343e-01
7.914087227264957058e-02
5.693214036335987605e-02
9.555027190769443957e-02
8.726575360071991971e-02
3.280398747275746207e-01
1.089273411174757955e+00
9.604364335583929213e-01
2.448389191290152311e+00
4.653105559966951077e+00
2.421918569013423728e+00
1.408295790225907673e+00
8.339384443013493353e-01
4.213177031772019632e-01
5.053384838715073712e-01
2.163417653625964721e-01
1.556863036087549057e-01
2.099461064006176159e-01
1.759056480308137105e-01
7.268631806538256024e-02
5.672014120464460157e-02
4.960518884006327039e-02
2.996467037782282392e-02
3.007887372871502485e-02
2.837027410347545825e-02
3.158043338145194445e-02
6.245944448379130154e-02
6.350299845533471932e-02
6.463625126678072819e-02
4.425082016595139472e-02
3.621299973351628509e-02
3.929461110043385580e-02
6.217725668018184854e-02
1.216721832095831873e-01
1.026981948068625139e-01
1.364543922898114603e-01
6.703661085985793133e-02
6.343486517827096050e-02
4.146195154887767631e-02
5.925218596226003442e-02
5.138003680256450489e-02
3.069434624798655226e-02
3.705849583920711732e-02
3.472622220962368056e-02
3.031374574221421328e-02
4.680535490467174070e-02
5.833446636994206458e-02
4.800915065969006690e-02
5.545218598992018855e-02
6.490203319925252901e-02
1.050369093610040439e-01
1.432670067278431214e-01
1.959586028173134209e-01
1.269742366426317437e-01
9.372355674273227799e-02
6.606199015651284534e-02
7.140408309069351533e-02
5.278047920654307945e-02
7.420296525902123075e-02
7.703800500561880371e-02
7.181222611545041989e-02
9.950396626926581722e-02
1.604437221258483703e-01
4.957845940945260765e-01
1.957054360208938526e+00
1.033713971098831674e+00
5.629074221429517522e-01
5.008771106664263728e-01
3.347372642101885676e-01
6.320678733180659092e-01
5.724272741169422751e-01
3.544021661527087197e+00
5.035681572418848617e+00
5.752202273231426410e+00
2.758139281888106087e+00
1.654421877338218216e+00
6.532211771803161371e-01
4.346149794032193592e-01
2.389792835721651909e-01
3.121720236088819656e-01
2.108338103468990199e-01
1.885709218270135989e-01
1.478740799398445271e-01
1.457134829661291819e-01
1.300861543687535093e-01
1.235641913650962209e-01
1.201921681856360641e-01
1.282274326379305718e-01
9.887636781289949051e-02
9.839649407950151749e-02
1.317279333354231252e-01
8.556856644833438219e-02
6.922021847189786803e-02
6.164030896196876635e-02
7.194328606021339889e-02
6.058385759707154983e-02
5.916626555248676034e-02
5.593746215178373865e-02
5.446987674213311925e-02
5.474952764464546123e-02
7.460516432378769269e-02
5.385380538982387222e-02
4.729717115284231416e-02
4.759306227523522198e-02
5.522452252500033298e-02
3.861437891674868172e-02
5.388861992156893793e-02
8.711246029913342903e-02
9.367547555052750663e-02
1.496691721964275579e-01
1.837243460725231647e-01
1.815104034675940892e-01
2.001602647709782301e-01
2.121797556213892155e-01
1.470140651267351772e-01
2.626149618373208039e-01
7.479553142962410694e-01
5.265688563651532705e-01
4.347933501059444983e-01
2.799060662737860028e-01
1.795474562213480174e-01
1.099648442783263819e-01
1.280077095114443009e-01
1.561248277155025677e-01
2.122658854701915676e-01
1.842128101937956230e-01
1.562179984460632387e-01
2.489519201440760776e-01
5.624911287823805006e-01
3.818408435840454085e-01
2.071205438574151847e-01
1.842126164709661229e-01
1.906448651097886748e-01
9.147009454823382124e-02
7.409618672984516485e-02
1.125432876963907980e-01
8.761833150259244751e-02
5.887316082045506577e-02
7.035596307500119329e-02
8.784391179336605016e-02
7.944840789022949989e-02
8.804059763240237868e-02
6.886184970699904540e-02
6.245640892799694116e-02
7.266468158007279021e-02
8.614219711686475767e-02
7.296707702392141170e-02
4.470320486292513051e-02
4.752914358278077095e-02
5.260644978039508840e-02
4.587046614103559156e-02
4.878585414195332065e-02
3.440992084683235086e-02
3.518316960291979073e-02
4.694179934631915324e-02
4.256947511270141316e-02
1.101567740109063859e-01
1.312505003322404218e-01
2.917280412216202157e-01
4.547466353136501160e-01
4.385518523409910885e-01
2.968570632303736412e-01
5.205006623696322166e-01
1.036034041750875101e+00
1.507992729367702678e+00
8.242842296566725846e-01
4.562755929304227465e-01
3.558960370970707943e-01
5.456351884710672895e-01
8.672714027065240305e-01
6.743817818630967187e-01
7.968836073522541641e-01
5.580849531580848177e-01
3.580392597878496730e-01
7.423122401545969584e-01
5.493061602340566507e-01
3.675288144572322890e-01
2.175287226402309593e-01
1.920630593592235480e-01
1.693036648192994265e-01
1.558513554609176344e-01
1.538941136208132610e-01
1.021405440756465166e-01
9.723141259183641638e-02
7.077750354311490577e-02
5.472085648222336368e-02
8.856220462432481955e-02
6.249938004039735928e-02
7.895347333556236580e-02
7.372149631565887151e-02
4.620913903181742000e-02
5.219353522321561190e-02
3.127734884770805995e-02
2.988666491984309434e-02
4.495667650343185273e-02
4.380676630191852189e-02
5.447740405171722089e-02
3.650044503310467814e-02
3.503189624173518035e-02
4.844676080175060184e-02
6.362036553355113200e-02
6.827319064951246907e-02
7.819873789395659358e-02
7.673569408432492911e-02
9.369676082990066601e-02
8.550351815968765257e-02
9.773728839211882902e-02
8.856314886341401516e-02
7.694523639563712047e-02
7.032699562735165999e-02
6.205466932488385573e-02
9.130984622959628649e-02
9.210191860845785838e-02
1.151472523918793539e-01
8.961389894523523469e-02
6.082575448555613273e-02
5.998848664946140885e-02
1.090117629659859838e-01
1.341905771406295689e-01
1.021981968582676981e-01
5.827119450884516577e-02
8.204683887842471879e-02
2.374634211654867433e-01
1.637329292491160326e-01
1.278899823709179484e-01
8.414917365171320496e-02
1.515438892498194856e-01
1.746973177024177537e-01
1.521294474122685814e-01
3.034569977510538918e-01
2.461315861718620102e-01
1.321059056714041224e-01
3.183330339147536492e-01
2.384337359957766356e-01
2.052867805593709682e-01
1.370274386401257871e-01
9.153367167231651891e-02
9.619419557467839832e-02
1.305828932758339722e-01
1.764137368805245576e-01
1.791032275033703214e-01
1.123721663778711882e-01
7.974344312696629578e-02
1.146175054404068028e-01
1.360680512467929149e-01
6.972771151587892069e-02
5.915651158018005173e-02
8.635859924715950930e-02
4.743146658279121658e-02
8.839292340706779438e-02
1.103925202484952323e-01
2.248232139985839040e-01
6.662162934341885334e-01
6.190861670957374940e-01
3.956519799538814608e-01
3.132239612616236624e-01
3.648676430226197032e-01
3.380393288372439686e-01
4.254384853155237511e-01
5.808890300952931351e-01
5.318947719095882265e-01
3.492470457824631280e-01
3.017765935182203929e-01
2.429857781979485598e-01
1.841064694571207527e-01
1.532744036521067332e-01
1.534026972322156401e-01
1.025432555951632796e-01
1.138001139499014019e-01
1.868786307211131870e-01
2.845374634519251544e-01
2.562910835549953581e-01
2.639971935164655559e-01
2.311503823562455762e-01
2.135268219647541710e-01
3.542550932469241687e-01
3.706825457934215251e-01
2.049592324513628827e-01
1.717812716057257605e-01
2.372673628866484585e-01
3.684591434545036459e-01
4.484479806903320376e-01
3.684708567989544714e-01
4.960642847365558383e-01
5.043528633811062978e-01
3.806532248120735873e-01
3.777054870160636568e-01
3.212892405853787214e-01
2.159580276527457987e-01
1.579649151038210741e-01
1.310330250418939857e-01
9.596421975140397020e-02
1.270753253374354019e-01
1.854334664686062006e-01
1.802470187161985260e-01
1.476772830162811079e-01
1.440231074029156288e-01
1.711651038501537936e-01
1.796734717755073540e-01
1.253000913547360207e-01
1.109046464402042853e-01
2.223509158698950827e-01
1.512773548693089054e-01
1.508220539808011185e-01
1.380135482461357921e-01
8.327021281078691994e-02
7.857641884041001445e-02
1.077529327500656720e-01
8.364492745314103250e-02
1.389400727130491453e-01
9.919992228644382293e-02
8.700660648247873774e-02
1.010485225956530286e-01
6.289480525261857691e-02
8.264673837347709384e-02
5.466332303865894388e-02
2.080725205969126690e-01
2.766821815624632697e-01
2.446889621145278859e+00
3.219335074215533776e+00
2.888690533824355366e+00
4.370576065096652307e+00
3.170335344334508587e+00
1.201414615061198399e+00
4.512830563656159422e-01
2.445748838164436278e-01
2.185540252967310415e-01
2.842759488352540886e-01
1.889874517353999084e-01
8.326693377071994751e-02
5.536936476457102879e-02
9.008120270425362675e-02
1.006168444693307101e-01
1.012412098372312136e-01
8.800016714506936344e-02
6.317642558849266565e-02
6.110947982225688191e-02
4.119009089799133272e-02
2.974690571887944959e-02
3.457448756689353309e-02
3.549063983840742426e-02
3.564910845822499841e-02
4.314335766302628689e-02
4.972511939965492539e-02
4.544275457791648043e-02
6.197643778068948062e-02
6.282721840528707191e-02
5.197430125631614245e-02
6.675815520132069580e-02
4.781325362275106600e-02
6.463874880625231079e-02
5.338909955658181772e-02
5.353612584216792258e-02
8.469136963278578456e-02
1.423993187413742922e-01
1.203990859812531511e-01
6.333239634242279759e-02
5.344969862061892119e-02
5.443125633597191426e-02
9.254085758273861151e-02
5.961587437632132752e-02
4.907740828435036562e-02
5.237521352254904949e-02
4.615122075080602820e-02
6.083500952842284260e-02
1.033059896273756384e-01
1.434402060389235178e-01
9.078892125958983039e-02
6.368200148113836723e-02
5.556687014736146069e-02
6.783129747375950258e-02
5.385462228935966600e-02
8.696107332316524441e-02
7.733198874696027569e-02
6.449628185462259744e-02
1.041462819199222151e-01
1.400971341513142510e-01
9.164870813883714551e-02
1.523112965855857037e-01
2.329499903868894606e-01
2.885756209983110221e-01
1.605259228148047113e-01
1.207291144186582593e-01
1.665213017923282413e-01
2.614326080317017631e-01
1.501050897874455781e-01
2.459141466620684835e-01
3.763680413082933218e-01
6.043254153502359838e-01
4.975970413029819905e-01
4.208309052172053422e-01
4.663144694793235345e-01
5.843613205694960788e-01
3.380308435445474324e-01
2.310652855421050367e-01
1.404461672284968432e-01
9.807695972603666656e-02
1.134524371683616889e-01
2.082073753493993429e-01
4.723017341135671843e-01
5.164529856526529628e-01
6.311761837984428691e-01
1.223090387456678307e+00
7.491651152403450142e-01
6.816313276262246923e-01
4.316588737294872469e-01
1.894647587040884928e-01
2.660706301429163201e-01
2.408664022437489727e-01
3.623706863676229850e-01
2.337217995392099901e-01
1.572676120122079024e-01
8.231820315636401153e-02
1.051902578474604166e-01
1.594566270463012025e-01
8.600593560178694530e-02
6.513888675121554117e-02
2.233115154177864325e-01
1.510482064736664021e-01
7.195685659696914038e-02
7.033858656638292128e-02
7.586157833314886856e-02
1.047848541538698164e-01
5.724585703586838187e-02
7.500483815073202831e-02
1.095804132312138690e-01
9.633534934208301537e-02
1.168386060610547283e-01
1.081093855765074552e-01
2.254464127034149779e-01
7.883392367172233905e-01
9.598743939470879560e-01
1.609698360424595354e+00
1.606853519234595185e+00
7.463367559664089157e-01
8.965495002245891243e-01
4.723288205468945122e-01
5.634771423954247904e-01
3.641864767660154545e-01
1.616335256656495634e-01
1.762911566407492359e-01
1.664062413630942316e-01
1.274454170045841717e-01
1.379318291085230019e-01
1.234085093155121160e-01
1.127339858882425022e-01
8.225849671644772099e-02
9.628453881903774325e-02
7.674427967432001507e-02
9.987026202861656876e-02
8.847372672521734704e-02
1.229616324264810601e-01
6.468823535157276761e-02
3.191902027626600941e-02
2.883158297056590338e-02
4.459522637543456708e-02
5.668118109116634246e-02
4.507236335235145774e-02
6.838486961698414524e-02
1.084527713254146708e-01
1.350004831648448367e-01
1.129399866615313913e-01
1.268441317260280143e-01
8.112963952155463621e-02
1.120261321380261327e-01
8.296600060179686043e-02
8.534081320408425098e-02
1.261221510226518960e-01
9.583032930732525434e-02
1.317176672406659144e-01
1.900246109249842386e-01
1.961350393933253833e-01
2.420467062834802119e-01
1.494381716163348806e-01
1.086224600920502326e-01
9.501631866058980747e-02
1.331020333594314653e-01
6.472324870013991538e-02
1.039368537412287824e-01
9.343264633119409412e-02
9.365790085254424580e-02
9.064898642179584909e-02
7.139716000377754890e-02
6.968041347461380319e-02
1.194394138050770410e-01
2.192356428188291795e-01
2.002306657023280867e-01
1.244198795916537925e-01
8.426742706671343230e-02
7.667297063531516854e-02
1.006927782885734257e-01
1.046799283412477577e-01
2.138838842227984149e-01
2.267264352681404582e-01
1.844629688624885577e-01
2.673331168433307203e-01
4.058112151590335115e-01
5.241853708298275238e-01
1.329733751480031589e+00
1.974649165832125686e+00
2.266163560508453578e+00
2.292056794328288571e+00
2.673015063553463300e+00
1.549139428133899932e+00
8.989763199383614678e-01
5.406606513968698069e-01
3.858057399515163466e-01
2.006385467146427071e-01
1.762897197439525221e-01
1.278194723381164688e-01
7.958902232764507312e-02
9.161751289189494496e-02
8.797443712182058395e-02
9.819141769792870400e-02
1.004959219888982846e-01
7.431005801760266760e-02
9.370333083667087282e-02
1.541288953360743508e-01
1.361630496944155888e-01
1.059697853643229853e-01
1.096660034430451264e-01
8.399708998519975212e-02
7.988413892052788345e-02
4.362209517763410843e-02
3.909171426369801444e-02
3.885476861507233814e-02
3.779058381986040438e-02
8.413969415484798264e-02
6.008262499949637570e-02
5.252831478564694290e-02
2.959587989473460787e-02
3.978504490628101409e-02
4.182505204613996136e-02
3.245486550777118562e-02
2.912968289176385076e-02
4.431102404639315762e-02
7.437903476706177186e-02
6.562301548093670001e-02
6.278335564090160859e-02
4.645665574018186667e-02
4.031415770462046938e-02
3.836155751723421825e-02
2.907559393558156041e-02
4.343001477920650083e-02
6.320037255875422810e-02
1.706268351935724681e-01
1.678368897378034741e-01
9.838955337659106848e-02
1.072288812026434973e-01
7.764688705164204952e-02
8.216367928819842681e-02
1.125623358053012557e-01
1.887951990061863261e-01
2.640517597932495741e-01
2.691939446413764703e-01
2.809906219561987828e-01
2.461731166251830971e-01
2.020261735232057598e-01
1.718905491597876867e-01
1.361003154217641509e-01
1.135580666616822082e-01
8.777656024380325883e-02
9.693222661286797492e-02
6.393584702281952803e-02
5.668507981184430639e-02
7.914095908447234262e-02
1.142743435243780553e-01
1.241311509646309402e-01
1.134734491966265107e-01
1.178987998199422793e-01
1.986155585540501922e-01
4.341227532268750466e-01
6.341111231069544996e-01
4.993694886380904974e-01
2.879872157918276221e-01
4.017439047643645011e-01
4.311866966680806268e-01
4.992774078871029531e-01
5.717518796825401539e-01
1.071985218015892638e+00
9.328327088801816602e-01
3.276793403719138187e-01
1.457803857383731527e-01
1.172367948861166576e-01
1.879243249343402200e-01
1.165322129093642189e-01
1.389108972519010055e-01
9.104004553162424462e-02
8.345333151720131515e-02
7.178637505978793798e-02
4.131489748269401296e-02
4.260335917792305860e-02
3.694627963196729648e-02
5.203751572228288574e-02
4.445523117584539163e-02
5.825101387592823005e-02
6.889939304503002460e-02
1.017332474775016760e-01
5.619971697667704158e-02
7.091459607190021830e-02
6.318125761595007328e-02
6.181338217594151835e-02
6.336756795226831940e-02
1.097708837201368387e-01
2.342889743182290097e-01
5.044123648985088249e-01
5.711195939449893455e-01
7.028653635957960999e-01
5.162868693450968216e-01
2.388662419373454859e-01
1.590189703328574455e-01
1.072209424361015573e-01
1.522768760799477206e-01
1.085349014184483762e-01
5.550265890629704768e-02
4.824717277295393486e-02
9.635073259389453915e-02
1.751914435806763148e-01
1.250560095016112205e-01
1.152096601992449176e-01
2.330776030957847356e-01
2.855459386958241752e-01
2.721554386168851258e-01
2.901065695810597922e-01
3.805191650218262556e-01
2.499585433984122529e-01
1.606045467083537237e-01
2.587627232626865115e-01
2.229776852095912143e-01
1.523805227181138366e-01
1.404182649473751099e-01
1.396520622805375589e-01
8.052247202660020586e-02
1.373307505358618841e-01
2.304980875176497745e-01
2.147923326898323604e-01
4.280206442480907203e-01
2.374279604852395087e-01
1.746928806465528616e-01
1.706578503784088319e-01
1.537869921401212037e-01
1.049640809637634453e-01
1.518124074271072210e-01
2.947334771531014419e-01
2.534229138736981413e-01
3.658121018203909780e-01
8.695989687871852336e-01
8.747605746352717926e-01
6.998191881743048848e-01
8.479400635851715995e-01
1.171535100936793805e+00
1.428624996751933773e+00
1.322684521769274202e+00
1.370709543112998308e+00
8.783609576044175693e-01
5.018810560471839155e-01
4.412416065427209877e-01
5.099127132051995970e-01
4.373335552399608139e-01
5.113887997721173750e-01
4.401778270858216491e-01
2.679441906425607534e-01
1.253186005855228824e-01
1.134037720411702616e-01
1.322242125250477074e-01
8.306095985905570522e-02
6.739834328597807400e-02
5.701595237794383070e-02
5.488994334290294569e-02
6.133233883318562479e-02
7.246392769097914632e-02
6.361625172861574973e-02
3.481307917392557905e-02
2.937865302612789262e-02
2.745943018406625177e-02
3.149737004960620479e-02
2.059937681109980795e-02
1.126636337022382875e-02
1.451976561412133930e-02
3.921068342774403082e-02
4.834941533956532006e-02
1.222788373647064331e-01
1.337346043807364215e-01
1.810683822493753814e-01
1.331381260451289517e-01
1.974067670680019759e-01
1.056535826067364764e-01
1.049499950665516435e-01
7.252499689188116050e-02
1.358819111512586386e-01
3.316889660873137968e-01
2.803955949048153595e-01
1.569661000257506767e-01
1.214487752741986032e-01
1.450529698990885019e-01
1.118637199899846224e-01
1.235906422125378490e-01
8.071949700375671832e-02
9.473897150799465150e-02
7.690179261918851650e-02
7.587740943057651177e-02
8.160671681394647548e-02
1.467270091475518790e-01
1.732906957781925328e-01
2.527816758605078151e-01
1.958035310274240937e-01
1.435024026497549177e-01
1.230884626374666585e-01
2.493252461659868080e-01
4.050637635655734980e-01
7.259603901824719374e-01
9.724739038087272247e-01
1.265237393571579272e+00
2.076000364906668505e+00
1.624167342791728919e+00
7.868777257748071907e-01
5.135090420994349314e-01
2.514825807924991330e-01
1.649765374958087338e-01
1.500189954570662065e-01
1.095219288067916658e-01
1.066850054553386273e-01
1.048736600171632227e-01
1.484056038867198613e-01
1.802622131752483203e-01
5.126345780913987848e-01
4.551145774499331664e-01
2.317419762111795623e-01
6.284116064140037039e-02
5.875768951703222442e-02
4.983383415071565570e-02
3.862878804658987503e-02
3.261617091128540813e-02
2.840439688603677709e-02
4.219219168939355308e-02
4.510209833446147260e-02
4.716851676487448380e-02
6.731186527070795456e-02
1.166357129434827389e-01
9.053748799631416988e-02
6.391509966613398430e-02
6.935155385741761935e-02
6.303259391466310702e-02
7.928609196755280475e-02
1.151045725266500314e-01
1.592662986396898572e-01
1.442363646738315519e-01
2.070480450349485024e-01
2.413788653766652248e-01
3.029258270724595192e-01
2.852914565521847967e-01
2.818544435776176305e-01
1.617973094034504400e-01
1.685563455255656151e-01
1.033278520668434036e-01
8.031146462669472297e-02
9.496695905716910635e-02
6.945685701082594810e-02
8.768575597791251897e-02
9.469771510202021347e-02
8.342611880830842763e-02
1.747985080442570338e-01
1.523844968939214728e-01
1.144636688330217672e-01
7.898394241194776899e-02
3.709827362623848573e-02
3.630744990744737277e-02
3.342109004106201542e-02
2.137184463423831907e-02
2.700432263053860818e-02
3.414151703385214648e-02
5.605758167214919957e-02
8.410909907384978013e-02
6.271735479701710803e-02
4.227789503319868275e-02
4.040237231457592670e-02
5.440648869456120307e-02
1.236858418719858216e-01
2.090152625738355141e-01
1.292912877338334987e-01
1.910807472380377792e-01
9.265457220543000805e-01
6.770495424061986345e-01
5.644639329876769418e-01
4.258510640454963303e-01
3.562636009327149744e-01
3.614654336827485270e-01
4.285015368939569802e-01
1.750226575607377599e-01
1.208304601003225287e-01
2.559566943321479604e-01
1.538056269211001692e-01
1.308100064176778154e-01
9.111513755165952244e-02
4.764268271381554010e-02
2.953242365442748305e-02
3.269707680707246295e-02
4.071642083203896173e-02
6.044156437602137000e-02
8.759513642286530233e-02
2.254980788915888212e-01
6.023531702775517527e-01
7.191393358286295445e-01
5.061616306526075526e-01
4.188829228782607883e-01
6.923226190040216999e-01
4.858506652009435545e-01
2.895541800462577142e-01
1.918575385111196963e-01
1.301295287760801944e-01
1.229458419108694911e-01
1.948983470208771607e-01
1.576089208649449069e-01
1.787065443622861960e-01
1.950879615961075841e-01
1.487505547841327658e-01
1.111720397226108048e-01
1.099480112240677765e-01
1.035562490520185730e-01
9.177134292006314253e-02
1.013563374174734910e-01
2.058673042069297798e-01
1.001051236726017424e-01
5.514936885096369951e-02
4.909911314792936299e-02
6.597512794102709799e-02
6.548879834696610946e-02
6.709639560910890532e-02
6.080657432688147540e-02
3.879142411174411886e-02
3.721928710386563505e-02
6.924820645192313051e-02
6.659610467685105062e-02
5.674293209210993366e-02
5.628941879282840788e-02
5.459240135991775406e-02
1.014406158096831240e-01
9.789212879544641199e-02
1.974163510546754208e-01
2.652026693360625687e-01
1.799931185334794903e-01
1.160078229230503272e-01
2.315358193853118973e-01
3.858946935153965141e-01
5.527101518052125462e-01
4.507065844939299737e-01
5.766120423864760092e-01
6.369008283348611688e-01
4.189483633975600307e-01
4.645234741296689895e-01
4.537434967947406861e-01
2.126182880199842806e+00
1.255242342716365700e+00
7.436924120135129934e-01
4.820939483297713157e-01
4.191603453600357687e-01
3.293929455829394670e-01
1.524191997097751328e-01
6.981887440268427780e-02
6.052494169019274201e-02
3.485325635418058676e-02
3.814881808047795864e-02
4.368992570668144004e-02
1.099994512115163026e-01
8.844219532514664694e-02
4.559135304806911926e-02
2.502260956456471910e-02
4.152435924083704849e-02
5.490586453668071243e-02
2.334326531549979489e-02
2.812645017018034627e-02
2.381064274528255781e-02
3.158222132523239717e-02
2.873054046383204801e-02
3.462827214623154931e-02
4.086878795969834527e-02
2.544558894449500466e-02
3.026686175984966490e-02
3.126812862520266662e-02
4.187170348155367511e-02
3.320440029020273881e-02
3.012308517139413236e-02
3.273275087846402864e-02
2.178823948713578054e-02
2.293987623005171866e-02
3.067444230501389230e-02
7.763573262290957011e-02
4.219380525763253287e-01
4.709405505528685421e-01
1.381029067471845284e+00
2.500423660604696785e+00
3.028399143457329856e+00
2.128988649021120505e+00
1.494515438365628057e+00
9.415650716744023985e-01
5.785802065470042610e-01
4.600156196049486890e-01
3.692408604817816187e-01
1.451774565331938049e-01
8.867676083471474902e-02
5.481053839357474117e-02
3.753086552340805654e-02
3.317058954850549829e-02
1.821607869064484006e-02
2.112828379311256638e-02
3.045542306522795381e-02
3.870158924425862873e-02
2.955040133361257204e-02
2.689924591449347271e-02
2.657738014426325873e-02
3.127625947192901046e-02
2.187470866119174684e-02
2.223545493364770254e-02
1.987273521179629132e-02
2.865441619249575744e-02
1.715403265451483777e-02
1.541500487462301242e-02
2.032786097985770507e-02
2.637359309014980849e-02
1.610840051888066601e-02
2.147601800723132615e-02
3.251824593520823148e-02
2.248333022078228410e-02
2.380017556731576708e-02
2.463087696780100894e-02
5.043675279897660152e-02
1.458485673033116659e-01
6.981475286232198540e-02
7.043479667095230157e-02
5.958606993480616149e-02
3.814130048751214475e-02
6.338418081421025307e-02
4.571094986767484936e-02
4.547396573459510510e-02
3.091763506335313758e-02
5.030962687692615981e-02
2.807237667702710757e-02
2.057501216265820651e-02
1.795630929293065559e-02
2.225601785199704183e-02
2.569898340175891596e-02
2.729013203052693334e-02
2.898431439950056865e-02
2.434191049420984451e-02
2.310604086356621983e-02
2.121417772050363665e-02
2.520399728731709948e-02
3.347059076738759936e-02
2.712540192193278396e-02
2.800835504190123809e-02
3.792073185935558588e-02
6.284136088084867067e-02
1.243392621100595508e-01
1.549959308143423475e-01
1.435941176484433202e-01
1.212342793784423889e-01
6.584935096761458662e-02
1.987885754370130598e-01
7.778650728026621497e-01
5.636056341460228269e-01
4.172729740029839651e-01
3.163031318206688813e-01
5.285735458942489862e-01
2.868389663988636373e-01
2.622873429188262717e-01
6.115138018166341727e-01
7.390686039416212161e-01
6.648213456410599909e-01
6.783048054580008701e-01
2.968435894464038216e-01
2.832128894128563834e-01
3.388823345589643821e-01
3.591296654555126699e-01
2.969921055904015672e-01
9.931561954313873342e-01
7.500265051637204916e-01
4.895719149417571692e-01
2.915692429636326799e-01
2.670907996823448372e-01
2.030589092836569409e-01
1.232323290486908862e-01
1.450683037951080168e-01
1.368044878696981492e-01
1.680734150010865791e-01
1.459208278786383872e-01
7.501871858501890644e-02
6.741711423762147826e-02
9.534805624906177168e-02
7.178505486858935414e-02
5.945985462611962785e-02
4.742956122817159476e-02
4.331564898720897949e-02
5.438614861435707437e-02
9.327230162270949698e-02
1.391089040405902311e-01
2.074644695102400294e-01
2.588801191588254724e-01
2.440737787952190485e-01
2.507202570892018700e-01
2.158038628111905721e-01
5.110696947143921198e-01
2.491898669285498580e-01
1.447698226557601608e-01
1.539741398334919242e-01
3.268694455021252665e-01
1.933968906798338161e-01
1.596635515889288093e-01
2.755936057587698995e-01
1.317513018315078221e-01
8.507366809911111327e-02
5.708080735114672011e-02
8.618871225872830333e-02
3.942774099027845924e-02
3.101706368347301526e-02
2.616399198003470372e-02
2.701054894427396685e-02
2.685590035191809735e-02
2.671772782862374268e-02
2.619620207905471246e-02
2.961363305589984757e-02
2.746824958271736061e-02
3.925956194572344238e-02
2.907040510541883047e-02
2.768772817152255830e-02
2.584234371141636358e-02
3.275076436307474553e-02
5.705310008118513743e-02
1.121217864918332002e-01
1.118826715209242373e-01
1.033802831347658269e-01
8.392765416835433478e-02
8.434915691489733303e-02
2.839198610656288313e-01
2.692422957978647946e-01
2.199182145315804471e-01
3.580452883496525462e-01
3.450353784190621775e-01
3.474590925940063135e-01
6.105189058426315762e-01
3.512490957038763573e-01
3.069066992460168786e-01
2.210480294717622474e-01
1.542606647700696387e-01
1.642453137450214373e-01
2.435795428414180563e-01
2.847838180710978717e-01
2.663909804227652112e-01
2.505034020067428702e-01
1.791658712600763537e-01
3.285826113944765869e-01
1.671833452534578601e+00
2.029237179534568281e+00
1.926133163741306387e+00
1.189456894049842672e+00
5.431217732123341246e-01
3.473683586188086592e-01
2.227066628096882606e-01
1.562524500496990099e-01
7.472877836893190850e-02
8.376449998376368777e-02
4.516618253650394460e-02
5.834817044503405603e-02
5.375175268346877450e-02
6.428560567033629602e-02
4.156792594417364067e-02
1.043602665976954835e-01
1.389045210012926079e-01
8.385423442739159405e-02
1.139362115133819020e-01
7.237265492125813382e-02
4.808667467999493128e-02
3.785339366511898673e-02
6.138371331278965476e-02
4.361081727936967634e-02
6.825048350186721513e-02
1.188197532899229192e-01
2.113436266845764022e-01
1.424525838605766037e-01
1.519554389877267320e-01
1.170523638343494016e-01
1.003012809999681287e-01
5.632847466812069409e-02
5.145425055020325100e-02
5.975458331241766119e-02
5.526421480653590651e-02
6.872026451359405930e-02
7.331334631310738870e-02
1.645173892974757246e-01
2.800937900596691121e-01
1.609103845195343496e-01
2.233113575807770812e-01
1.620672017907031082e+00
2.058514867460266018e+00
2.290279629155896668e+00
2.316968806783040957e+00
3.797042211529253031e+00
1.955736772647484800e+00
1.236272253820549505e+00
1.259497451557267889e+00
8.179293316395731539e-01
4.570300587435663919e-01
4.082449880354242500e-01
1.841406920161216265e-01
9.210788813218899473e-02
5.549144840722278205e-02
3.955376890173527976e-02
3.802560362918905312e-02
3.117705945012776841e-02
4.154555257347015279e-02
2.933174105632306572e-02
3.338964299031906002e-02
3.868864398452723230e-02
3.361735606445408892e-02
4.228646997081890457e-02
8.374490766865981539e-02
8.583230249011891688e-02
7.394378043598784367e-02
7.909367416185301980e-02
6.398813933361893747e-02
6.333855021936808660e-02
6.415794119524122208e-02
4.092677659536230611e-02
3.780049594881653569e-02
2.643145168615210552e-02
1.543028650461988199e-02
1.337364160778116082e-02
1.534114554932054092e-02
1.974845033319726217e-02
1.806400731724478945e-02
2.403635410607963402e-02
3.197765857624920716e-02
2.315212227522595381e-02
2.666858929536553360e-02
3.675569750041900174e-02
6.878835049076714725e-02
3.590492170106169417e-02
2.892979430209240838e-02
4.276677319119759346e-02
1.127543685597672263e-01
2.785628339643781981e-01
1.897558477370979158e-01
1.621995818116735988e-01
1.925859064889090533e-01
1.274524688097041780e-01
1.043053225119850574e-01
9.710955111198563139e-02
4.964558048899014864e-02
5.779529549495031338e-02
5.789063766723237525e-02
6.827595131623123703e-02
5.292837990490618233e-02
5.023533546778364417e-02
4.878797909073028655e-02
5.224709794182053751e-02
1.096020648810250991e-01
6.946517453581502188e-02
8.545435036904412696e-02
1.575709194943722691e-01
3.644446258476109479e-01
1.871332639025601319e-01
4.340165659755121919e-01
4.825818438668750820e-01
4.597575465187358490e-01
1.918831178283988692e-01
1.992290895792118710e-01
2.132149011698687424e-01
2.619105917818104756e-01
4.955405407897532921e-01
6.086936390440678135e-01
6.371524300382337413e-01
5.277746815947413905e-01
4.381181864269597659e-01
2.164967977585690317e-01
2.479484935492608233e-01
2.857792289716860057e-01
3.421825401966185898e-01
2.668321960561674810e-01
1.539348900203525439e-01
8.499581692649885167e-02
7.406341918275378966e-02
7.256437412108246443e-02
4.811422194426917542e-02
4.284945121948917357e-02
4.275939326433640664e-02
4.205592344858453957e-02
5.298799510199051627e-02
6.494495022066223977e-02
5.420269496239203677e-02
4.973914646936313660e-02
8.504262236451033685e-02
2.760249549474663722e-01
2.740288932991067350e-01
3.404517893006676066e-01
6.117348685740714442e-01
6.536974540391790045e-01
4.207319654165249667e-01
3.096546456434875472e-01
3.209509849679842430e-01
6.126852261007895706e-01
4.263837670248055711e-01
6.254538149157492510e-01
4.127554497703990188e-01
2.308310596364825384e-01
2.076965655474017347e-01
1.083499117102032644e-01
1.279850770311779518e-01
1.486327331616787428e-01
9.802808166143567314e-02
4.845699825217102824e-02
5.826124461930470844e-02
4.309571100453161302e-02
2.852552180436310897e-02
3.245373587259943460e-02
3.750774049106478381e-02
4.634888919598397633e-02
5.712022756442076965e-02
5.688455999713697142e-02
5.911323860857459894e-02
6.171338030413569403e-02
5.478656666902485123e-02
5.317753972487408720e-02
3.704469876257350525e-02
4.589059936482124680e-02
5.367683687135674925e-02
7.325055031498903246e-02
2.809104421402186524e-02
2.947635182872012163e-02
2.337313158703307331e-02
4.269662378738069142e-02
3.280241915381530010e-02
2.711232492026399363e-02
4.086976672520915843e-02
5.553843570429606996e-02
3.485763456417623196e-02
3.971782584354144330e-02
1.199739331646594021e-01
1.629373827772146455e-01
3.266932320559238767e-01
3.516485716053192601e-01
2.703886751536664912e-01
7.322982063832106370e-01
9.001195232226723020e-01
6.405290815190928244e-01
7.624855877627604306e-01
1.504918047536372816e+00
1.819250570543996748e+00
1.175984722525937221e+00
7.279256936707234615e-01
1.092956580779019582e+00
3.539400050062421199e-01
2.702895524703488039e-01
2.368959549894217309e-01
2.001913553903640619e-01
1.906516811941177669e-01
1.087692677034749200e-01
6.516957415021118472e-02
6.851881981107291186e-02
4.923773246826275429e-02
6.805375902491000994e-02
7.913951470367827645e-02
7.253213397168180310e-02
4.742370665425919840e-02
4.494356737395672347e-02
2.793637382642962658e-02
3.813035589788912882e-02
3.660307556435866277e-02
3.553575487210761108e-02
4.711349709452848644e-02
5.857716410184345135e-02
8.800869843829570160e-02
5.466976586014966888e-02
3.844034568008342784e-02
4.398703587477976323e-02
3.811520705387089897e-02
2.970391668223766601e-02
3.552759835161687502e-02
5.635175090503753703e-02
4.047961157453994208e-02
2.203311808396420102e-02
4.055474106740630802e-02
5.793201753961180894e-02
4.410816440707009817e-02
4.514126164410186409e-02
2.519748982079681246e-02
2.089860959215251307e-02
2.218352939130594989e-02
2.114485214694793169e-02
1.956207307524419556e-02
2.983595466398469148e-02
4.740657013825323035e-02
2.998896783301090857e-02
3.970371174524475744e-02
4.601173646774080195e-02
3.527995888336398628e-02
4.628589491722109178e-02
6.679808984174312458e-02
2.536204328295214583e-01
3.268018339263288885e-01
7.414438837072018229e-01
7.255227618404480605e-01
1.015280478090391458e+00
1.849159946965693857e+00
8.774105343441274130e-01
5.544259157212102496e-01
3.507946579139293863e-01
2.730679426836932211e-01
2.039047614672763742e-01
1.006690889265140221e-01
7.812846869746127576e-02
3.845757280855612026e-02
4.245618243393091407e-02
2.297748693061794911e-02
3.066133692540581185e-02
3.838481673289149965e-02
3.259951000706349383e-02
3.002533603475201693e-02
3.029493724518341272e-02
6.794722715285053671e-02
1.019317584218310119e-01
8.308885683478368922e-02
8.262331936790755227e-02
4.701101952321635330e-02
7.409223283256122228e-02
8.177350816950260115e-02
5.966966826320662526e-02
3.115052367681271986e-02
3.938321892102403243e-02
6.517656179137965022e-02
7.557724065905334354e-02
6.432480810771948332e-02
4.869207770371771632e-02
4.041356710252032303e-02
6.391357073986701776e-02
4.436778167440115495e-02
1.124840792214742979e-01
2.414795039409114163e-01
2.774493425611824771e-01
1.885350627370790955e-01
1.759773415372487271e-01
5.248371856821206771e-01
4.682309368919448933e-01
6.039341223339508291e-01
7.046268003846702932e-01
6.072742651954435855e-01
4.675530366740999755e-01
2.635415743348862860e-01
1.408958922581782791e-01
1.317286700266591670e-01
6.927428115112263529e-02
5.191169956563512766e-02
5.181969697461340230e-02
4.420753693625510683e-02
1.024389186413652009e-01
6.052906700070039003e-02
5.176235078439610227e-02
8.507398879452063301e-02
3.879046790462256644e-02
3.950926866938166138e-02
5.130594097774649615e-02
1.285749204558122583e-01
2.788952083857852982e-01
2.866721326271041703e-01
1.757606561136891288e-01
1.417729421283218660e-01
7.199932565240946269e-02
1.425155206723449086e-01
1.626366093693113468e-01
1.470920609447732286e-01
2.470261173864073956e-01
7.921314658282072596e-01
5.929181553011770855e-01
3.955354899576981054e-01
3.778522075836469041e-01
8.766753174063993681e-01
5.458306413546463176e-01
3.480951622403478662e-01
3.430112903577601791e-01
3.161053091165392237e-01
2.072518716890034696e-01
2.612210923772328441e-01
1.514266763438792407e-01
1.019857917592753016e-01
6.886934568992816863e-02
1.152781868773217061e-01
1.391497762427140183e-01
1.676344602594053712e-01
3.050708335372750435e-01
4.628155360299224252e-01
3.262312984962701945e-01
1.749464080946437350e-01
1.686547576452820107e-01
1.791464968445505290e-01
3.236026487002652829e-01
2.262578717129191397e-01
1.723008123409223713e-01
1.224880924559896556e-01
7.656615871322636213e-02
9.934616745110437519e-02
9.246024214965876953e-02
1.132017289567405632e-01
6.452286100231499621e-02
4.939631723429487031e-02
3.684116461399956910e-02
2.446845533020118590e-02
2.671326062188334599e-02
3.160489025356742754e-02
2.719856211558091541e-02
2.333051363526005006e-02
5.077167437724738192e-02
4.217444862594889321e-02
8.032527654706453357e-02
5.172196468877015424e-02
4.367749226840610816e-02
6.065503550183518749e-02
9.850020952873207725e-02
7.215889195632471664e-02
7.092428236110584483e-02
7.983742406781711709e-02
6.110620882279929611e-02
6.683189487322163669e-02
1.508999381026547848e-01
1.568627303843149468e-01
1.454664942959041085e-01
2.121990566341151463e-01
1.227415552977728919e-01
2.602651968749175593e-01
5.814357228865063565e-01
3.632578027305694568e-01
1.534039787342195149e-01
2.882230636134168189e-01
2.801987167969427484e-01
2.550176018860972338e-01
3.384286453977167208e-01
6.103779313364342540e-01
4.958896345636749081e-01
8.209123983835640015e-01
9.607201465808604679e-01
1.111839478580043172e+00
1.167911528226119433e+00
1.229122539477116138e+00
1.181619609726871412e+00
6.515628207176242803e-01
5.705361135721749299e-01
2.264750266658475675e-01
3.640594648364456343e-01
2.083906591467631630e-01
1.784890718802903120e-01
9.944986552886413145e-02
6.266830325811328928e-02
7.012269257140126000e-02
7.574717488154468492e-02
7.871755814067124546e-02
5.933324118868879560e-02
7.109106989089035433e-02
1.040622063346244436e-01
8.983122746989623264e-02
5.634316603151136305e-02
2.485665075187430337e-02
2.987962224809617012e-02
3.169902695798584163e-02
4.135603874922973155e-02
3.891744126997203485e-02
3.212787475154931655e-02
5.031834292917292117e-02
5.585875489446024550e-02
6.301562622672587932e-02
6.996824773024273858e-02
4.603776006510435642e-02
3.950904903187407030e-02
8.500252617017747814e-02
1.017339342159282317e-01
5.850565213124925279e-02
1.024862738914851801e-01
1.017300833059610471e-01
2.171167432795543806e-01
2.353640070222818015e-01
1.767198931667740558e-01
1.825480134995586534e-01
2.380422396218921377e-01
2.976618927968511241e-01
2.557670527078040323e-01
2.241743439340454502e-01
6.526050347935380413e-01
6.685830500399780885e-01
3.715275406104291411e-01
2.953453616233276957e-01
2.512103667240664917e-01
2.332092967179837661e-01
2.771094898614089863e-01
4.107504782886100547e-01
2.967302540730403226e-01
3.398710759680125260e-01
3.422764678341650990e-01
2.493459747111325953e-01
4.519407194615912005e-01
4.314372729610599366e-01
1.875230718461354806e-01
1.492060617390306709e-01
6.355458168754915538e-02
7.779318472566212894e-02
5.609641758367368142e-02
6.137500973669253457e-02
1.004262855019783796e-01
1.287634181062638494e-01
8.052878314988119735e-02
1.105210943965066472e-01
1.593634234476634937e-01
1.988449016637511835e-01
2.319808146990343933e-01
3.221237783768227114e-01
4.657466267285413908e-01
1.248655981213165012e+00
1.403536739140236911e+00
5.364469609351028012e-01
4.037389791464324196e-01
3.566290983208326160e-01
4.481056090222458321e-01
3.156559053895043876e-01
2.564192459179711059e-01
1.891083668402530893e-01
2.680961446626579092e-01
2.169564852772622454e-01
1.947782843627507421e-01
8.728945191876197329e-02
5.672008709280802752e-02
3.901938795955433442e-02
6.440458981112591463e-02
3.456068729238295084e-02
2.838584780295436844e-02
3.066251789458217247e-02
3.525200097136362010e-02
3.260194782144638231e-02
2.698688439765624392e-02
2.773311614180952456e-02
4.013811286770838094e-02
4.738290182415166168e-02
4.199037553945786372e-02
4.124297339251645211e-02
4.011389726544675738e-02
3.374658969529697322e-02
4.712464744617868989e-02
4.030404307402191827e-02
5.068617609726900480e-02
5.204110333224044177e-02
8.211600303296215375e-02
6.236584430206881802e-02
5.965165199934722301e-02
4.299513644961917846e-02
1.153524112601867907e-01
1.162822064939219441e-01
9.497088838681090606e-02
8.386426456964080067e-02
1.673544768890531942e-01
1.928199446425248320e-01
1.187230360387808159e-01
1.491823710797847702e-01
9.090315610733858132e-02
6.537233891826557675e-02
6.270165932023399891e-02
4.973607372176040708e-02
5.397038793478904639e-02
3.810207403978787405e-02
6.180195207275445551e-02
6.070217254770911286e-02
9.056032695414846512e-02
8.058084756230998735e-02
7.111617344002206520e-02
5.320134501064535670e-02
8.807931311768989191e-02
1.194683101569563310e-01
1.764090358931729163e-01
3.784044267449643839e-01
2.571502249313666333e-01
1.138341653733459247e-01
9.007648621110661558e-02
1.026337420238969678e-01
1.648298053899319160e-01
2.324220714098595153e-01
4.755323831821695046e-01
3.895703967747917162e-01
2.402684651047375108e-01
2.866393555595262432e-01
6.302913819511443139e-01
5.604094517438574785e-01
4.073949588070863159e-01
3.664961708329730339e-01
5.179721553020905089e-01
6.301718400909681606e-01
5.400276973263397062e-01
4.904480772132978061e-01
5.395324235744719532e-01
3.247278104169667445e-01
2.283079696597972719e-01
1.995578046768956282e-01
1.288916512092806443e-01
9.690481018660235257e-02
1.380716030242140624e-01
1.852989149011299852e-01
2.054643243177455281e-01
1.327118895896042539e-01
8.819045157911543920e-02
5.070798593296380746e-02
5.803484431217516282e-02
3.318469976271891386e-02
5.068810202443373158e-02
2.599507268973054105e-02
4.021825738548952950e-02
6.533748807674163994e-02
8.004276301349159961e-02
6.584385504819062485e-02
8.109889339913729789e-02
9.282458724337956657e-02
8.226871399685113662e-02
1.710329401105101232e-01
1.938236114181132730e-01
1.910249292580205038e-01
1.462738515090344915e-01
2.045151514903803258e-01
2.566594561143022424e-01
2.344562177837258843e-01
2.866142228624153909e-01
1.513563886419863891e-01
1.294753324648345583e-01
2.718219724152337591e-01
2.058760484522202949e-01
1.597533640177416503e-01
