1.592990209151423919e-01
3.193911833791496790e-01
3.411408887848876303e-01
1.922727548136765885e-01
1.017204714733268289e-01
8.288016104296952458e-02
7.019602487228325527e-02
2.405808480886183209e-01
4.540712578785167652e-01
1.149007820137357250e+00
1.596113128734633069e+00
1.459055899183279825e+00
1.281387997625199171e+00
1.146868182477766007e+00
1.132211344157622257e+00
1.055760629154997021e+00
8.241141986601564495e-01
9.645602325508835229e-01
9.056307666262348732e-01
6.659263515138078571e-01
5.970843319888934353e-01
5.597527314829625622e-01
4.634209264742327194e-01
4.787641059696449153e-01
7.098213889756114225e-01
1.111412592491964002e+00
1.598262077277290416e+00
1.791064467532866189e+00
2.122754994660788874e+00
2.147389885193964343e+00
2.052739161522603606e+00
1.992367328406705385e+00
1.913758512334519768e+00
1.904721163635989090e+00
1.862546191941978568e+00
1.789051435799044576e+00
1.869197216765690950e+00
1.679490435607553289e+00
1.589135278264621753e+00
1.614522260217601035e+00
1.482779862544544747e+00
1.407730677420642396e+00
1.477838829560122358e+00
1.234970839797744357e+00
1.248932572019502141e+00
1.005608839871543037e+00
9.969106729355216023e-01
9.164329166162263896e-01
8.636340331027069217e-01
8.596695849029701852e-01
7.784374539935103865e-01
7.364535675821964888e-01
7.570559609073529428e-01
6.752933222774804012e-01
6.086603154947703986e-01
5.947313292035754095e-01
6.031818116489329196e-01
5.646521331961887880e-01
5.895979645375064582e-01
5.100659085316803232e-01
5.621867250386810566e-01
4.981858061063778043e-01
6.044323302949270449e-01
5.070798991473429718e-01
4.990001320868283630e-01
5.837805846410484278e-01
4.909057509568718336e-01
4.825272486297110253e-01
4.715991579939861622e-01
4.526364802016956679e-01
4.418387560260790825e-01
4.073817975130684110e-01
4.592012540426839706e-01
4.231315858329015578e-01
4.731637365538829965e-01
4.105639248241781947e-01
4.048219749174477022e-01
4.247611162418183373e-01
3.912667323342228221e-01
3.923916301306372700e-01
4.195607567744363275e-01
4.079017132888652086e-01
3.907195131332578675e-01
3.836103354629352702e-01
3.704027544846558717e-01
4.096626644591142563e-01
3.560960116129824327e-01
3.595213322851247839e-01
4.063606049881972049e-01
3.435570963348804074e-01
3.377421226958353118e-01
3.263158618933857391e-01
3.575621743884854764e-01
3.153404588004073972e-01
3.323729012957435947e-01
3.149518126855110345e-01
3.196394109952471196e-01
3.630476211703794198e-01
3.211983354906809418e-01
3.131786924176290232e-01
3.076663445803427543e-01
2.867750795550714771e-01
2.956671516778937026e-01
2.903362343602013396e-01
2.670227945019575388e-01
2.802071385015435512e-01
2.620131985346893511e-01
2.594840032762761317e-01
2.477174886964089162e-01
2.359325557219119629e-01
2.292356899479828791e-01
2.362227127503920832e-01
2.453465407050069991e-01
2.669697317663024538e-01
2.315481740267841260e-01
2.271455771510510480e-01
2.139342585433755273e-01
2.138673178172462996e-01
2.164803445024167383e-01
1.995717956733969733e-01
1.993547095709274075e-01
1.832310251075397467e-01
1.838773881031077473e-01
1.867217557561731134e-01
1.784093478912800734e-01
1.803036217813265840e-01
1.719075343751558238e-01
1.670450260382553842e-01
1.628378834451346124e-01
1.551435403924961987e-01
1.615616684595399810e-01
1.621265792281663676e-01
1.683490772989418571e-01
1.420901832793520225e-01
1.499418341357557638e-01
1.570024519200516055e-01
1.443745774394573356e-01
1.533843305533331702e-01
1.522599151821992514e-01
1.309952096362829721e-01
1.420339199295642119e-01
1.469438162739622744e-01
1.335910011251709439e-01
1.185541250753266024e-01
1.219575952003022212e-01
1.314594710005122513e-01
1.153311775118903981e-01
1.316639684528468912e-01
1.073005547384508207e-01
1.127539799758874861e-01
1.096568338836128864e-01
1.085338461248532282e-01
1.065829330170844219e-01
1.147723438111446642e-01
1.022488530323132777e-01
1.016025529414211342e-01
1.007383406984836277e-01
1.043581613982732387e-01
1.030424641073587055e-01
1.183459173820976956e-01
1.055038712888537317e-01
9.219946889693653169e-02
9.488718481153121664e-02
8.226502696302416540e-02
8.253579505578709230e-02
8.728454393814574774e-02
8.695695473280426468e-02
8.411839300506726569e-02
8.488545392035619364e-02
8.253148127588788574e-02
8.881862795872150218e-02
7.656630083824009225e-02
7.325728503777882705e-02
7.321213724730293859e-02
6.869025695785463403e-02
7.112466860990186712e-02
7.248411349346303711e-02
6.635296796945354403e-02
6.816342795369291496e-02
7.349943729485274024e-02
6.361722617683579495e-02
6.856942180101983919e-02
6.567529825787307707e-02
6.651028196649572122e-02
5.659698249786123542e-02
5.739333923041924079e-02
6.891222893022153073e-02
6.090331596468618464e-02
5.881307411591141232e-02
5.179916386087034252e-02
5.303523234948259724e-02
5.554037707403996355e-02
5.225416314785525512e-02
5.077166829825807692e-02
4.762940365839837126e-02
5.117104157207381238e-02
5.855477136324328813e-02
4.644617859149702266e-02
5.235133270405330219e-02
4.636736799074432647e-02
4.864704589257261985e-02
4.841427397417574080e-02
4.852996231154282913e-02
4.164010873052882700e-02
4.695035744678199147e-02
5.010404107209281283e-02
4.447898644261819717e-02
4.728313147854620868e-02
4.017071763508513194e-02
5.284838580328687224e-02
5.101561925154034921e-02
4.264240022938411284e-02
4.025892102475546463e-02
3.745475549513910957e-02
4.026476087094089940e-02
4.127653229271729951e-02
3.419524875685255039e-02
3.658518334955777884e-02
3.958032306538271372e-02
3.512132812807532145e-02
3.479836432745240377e-02
3.285244091943106265e-02
3.347539820061461169e-02
3.939118687558161580e-02
3.782887643761807112e-02
3.001697579309602071e-02
3.416406893973207570e-02
3.345513277294334675e-02
3.384411923495873192e-02
4.199255688550476706e-02
4.007236290611863871e-02
2.977828161483980079e-02
2.803303391517813353e-02
3.136476555849888187e-02
3.045326721313843660e-02
3.038048255993302735e-02
2.602712185434716968e-02
3.073430179782426705e-02
3.018821777059039341e-02
2.632256665681276947e-02
2.950306247975983259e-02
2.395305846456890347e-02
2.698702504213546655e-02
2.792024970493755393e-02
2.878464234617081688e-02
2.548669660131195822e-02
2.551871206703767644e-02
2.354737273608122072e-02
2.761624735962650914e-02
2.561456190360098320e-02
2.656046365248894425e-02
2.749730949203350872e-02
2.407163981777580772e-02
2.291131659969148499e-02
2.209336931093212192e-02
2.359499912445952099e-02
2.620609716975386486e-02
2.385704287331048140e-02
2.479304643084589976e-02
2.214439518704441195e-02
2.431286530101478202e-02
2.517488271084685966e-02
2.355678193470764001e-02
2.222968477940403392e-02
2.985170983615230422e-02
2.547995268220642345e-02
2.416416823266439792e-02
2.234208438927647034e-02
2.286513490382841365e-02
2.291385457545333862e-02
2.026873765062031998e-02
1.935485094221969446e-02
2.036939661535680166e-02
2.002821469302474428e-02
3.056856008153477702e-02
3.031938159029306384e-02
2.037385789621650942e-02
2.097519800761651551e-02
2.109265155991759538e-02
2.511515990668803169e-02
3.093560468701588018e-02
2.316862535434726852e-02
1.862187643710202720e-02
2.057944023725058816e-02
1.917298689352477103e-02
2.547237834666904108e-02
2.093889942485204977e-02
2.110965128366652441e-02
1.761617132546159162e-02
1.885837862551767788e-02
1.952235395283367578e-02
1.936888896105927460e-02
1.670107526721378854e-02
2.043224558125070894e-02
2.305245518867057516e-02
2.050080677511777194e-02
1.832816935855794208e-02
1.718234807061913907e-02
1.613850371762447569e-02
1.674028235086130398e-02
2.035782890708551923e-02
1.709458484229487568e-02
1.821804424910518361e-02
1.637737064405913809e-02
2.024366402049744898e-02
2.284838425321315467e-02
1.592648590548238763e-02
1.733081197889830422e-02
1.853975022053615251e-02
1.857677956375669223e-02
1.939853170733998183e-02
1.859772641398545548e-02
1.649441186088575553e-02
1.581028433966737146e-02
1.761277286816938931e-02
1.725032923605611390e-02
1.790077766615418703e-02
2.325770624556664293e-02
2.170343614666019050e-02
2.155423078954850705e-02
1.703979500383100837e-02
1.850592598214016726e-02
2.323560205894317082e-02
2.483055360220531166e-02
1.809559185530508138e-02
1.683014757270887354e-02
1.582894830992000873e-02
1.981553102319763213e-02
1.820611425415008880e-02
1.940593115379981790e-02
1.559406363808928803e-02
1.651993006803360170e-02
1.399872370485387603e-02
1.502317931080304064e-02
1.604707597465950680e-02
1.596164028048029787e-02
1.440900340257026020e-02
1.502882081408363907e-02
1.734929017448866989e-02
2.252213261634744210e-02
2.225687182418727150e-02
2.282570983830821063e-02
1.776101482787205421e-02
1.615569524305929608e-02
1.402397328913412670e-02
1.483859944945881831e-02
1.442032905839367787e-02
1.800840239774312637e-02
1.600115386154987024e-02
1.341803405490053260e-02
1.490942419808806776e-02
1.394090446083003608e-02
1.752731488317037234e-02
1.402396382486488166e-02
1.533714517020315360e-02
1.755439647862992031e-02
1.693430559635624583e-02
1.568661170057999987e-02
1.694672441993580816e-02
1.500809521290680931e-02
2.045904128443655837e-02
1.762236524051544184e-02
1.366639870532621211e-02
1.642682321039140234e-02
1.472534174827194904e-02
1.548971864364871200e-02
1.746906200557310843e-02
1.814536767020443961e-02
1.523652666621064591e-02
1.670779440962491189e-02
2.236186976039471197e-02
2.235096070643866409e-02
2.113888118484908568e-02
2.571346034202196332e-02
1.588382369927185747e-02
1.513111242551319451e-02
1.401696915275485109e-02
1.460831344305043959e-02
1.331388901818376588e-02
1.429366256956642565e-02
1.407737365404969528e-02
1.339958187411264753e-02
1.412858358102460875e-02
1.377379947110995290e-02
1.304220554081787602e-02
1.487784888775265518e-02
1.546790660831029625e-02
1.349693685402397758e-02
1.453445474310561744e-02
1.298148739570146627e-02
1.442166459491413429e-02
1.326226134193246760e-02
1.433916693535582446e-02
1.216901370242438538e-02
1.167218568402548368e-02
1.160465587606791631e-02
1.264796277613482352e-02
1.355650097829617408e-02
1.247460572293203514e-02
1.260662234189869647e-02
1.509691991200758782e-02
1.799922638957025117e-02
1.436835247331502523e-02
1.534019538205283299e-02
2.432341362397243828e-02
1.877002070156314276e-02
1.681278016165283634e-02
1.748245892154267483e-02
1.445373507383124201e-02
1.414729239968301466e-02
1.582157941499442305e-02
1.748084705596415767e-02
1.363674587432970112e-02
1.187017342060701225e-02
1.388804656608578526e-02
1.371775140314732480e-02
1.325423483509189683e-02
1.210057605735352128e-02
1.141517933669661602e-02
1.349109848354155573e-02
1.310501458465895656e-02
1.784905956727579970e-02
1.519076670536914989e-02
1.334194827596947922e-02
1.413104247804199652e-02
1.321703578221150414e-02
1.196742964945706617e-02
1.336962685608902163e-02
1.479927612672053520e-02
1.953556981539287390e-02
2.470866484809697630e-02
2.779161378190701456e-02
2.048061901104630475e-02
1.973582830726924517e-02
2.316096714950004881e-02
1.539491211992802255e-02
1.575326571573051199e-02
1.729590700052334451e-02
1.472897833239556788e-02
1.525024545170620277e-02
1.916311849483947130e-02
2.549427208004210327e-02
2.451261406631780396e-02
2.846332718309787027e-02
4.294450638823615191e-02
2.339519485939255128e-02
1.682835124227324147e-02
1.038793110247011701e-02
1.209384713698720241e-02
1.286291100030399065e-02
1.172767851107057481e-02
1.300529511300538461e-02
1.179728502479758696e-02
1.158583217824763617e-02
1.050787206510119150e-02
1.121517185739825603e-02
1.076819512285643980e-02
1.089333800972240932e-02
1.003668927003398444e-02
1.205806363874373233e-02
1.074109808962548165e-02
1.011407749383980148e-02
1.095263118062653890e-02
1.114806870066025607e-02
1.095275621891371974e-02
1.114825261283395458e-02
1.181688942367101376e-02
1.270832870808862557e-02
1.283418822102674883e-02
1.254760385125574043e-02
1.266941438439898350e-02
1.172472220951790815e-02
9.747124651348745145e-03
9.887472284290597588e-03
1.057424468959325056e-02
1.057873770832303342e-02
1.278959677920275297e-02
1.100343158866083117e-02
1.165598080006048295e-02
1.332796187121640559e-02
1.085002046283538128e-02
1.123894809275666901e-02
1.048675419252761976e-02
1.140806438524500852e-02
1.050437868555584124e-02
1.162835392257111078e-02
1.383808833169295795e-02
1.108965729087331951e-02
1.029918702654072579e-02
1.379493407593347480e-02
1.231332477672095367e-02
1.179966506079031634e-02
1.034279516962004382e-02
1.042486378138009553e-02
1.043322862611191851e-02
1.098383629449359994e-02
9.713384656256708952e-03
1.030798746451430312e-02
9.182962759293257851e-03
1.097483577690952679e-02
9.630577408414480595e-03
9.556994096025018745e-03
9.225762066408212461e-03
1.190237469805001738e-02
1.080319712580903382e-02
1.018247778588107777e-02
9.722974477020166970e-03
1.020627070507507811e-02
1.048926820339052268e-02
1.051524510250721398e-02
9.859978314858254198e-03
1.497745909828235647e-02
1.308850713075153209e-02
1.361063396293837706e-02
1.247962545866325955e-02
1.239801719986355008e-02
1.220449632074616444e-02
1.107345243555993113e-02
9.770717363141777009e-03
1.147858120039758553e-02
9.826186466174561401e-03
1.208298911493181291e-02
1.119262703518728377e-02
1.021414886504472611e-02
1.189599963336969955e-02
1.102158398570124605e-02
1.207052761432338660e-02
1.159902184206926257e-02
9.012080672597557948e-03
9.350931110463606838e-03
1.102875486809736308e-02
1.026680297793368911e-02
1.060750323027928772e-02
1.106638869635362225e-02
1.270112817975555843e-02
1.075791398620739268e-02
9.672625449875644349e-03
1.113344890162913832e-02
9.799017493471926660e-03
9.439518395357497649e-03
1.074122600966340157e-02
1.051575131243549267e-02
9.804406550383308258e-03
1.597658637684021277e-02
1.576090601868707780e-02
1.510372001881008126e-02
1.760905380269458392e-02
1.601352590503758028e-02
1.064186522416020984e-02
1.339020758348880881e-02
1.541647890989253714e-02
1.697069468904077033e-02
1.804870677042241106e-02
1.959823678555929274e-02
2.038745534037268714e-02
1.358856140292535181e-02
9.520681928131879967e-03
9.271478049289360451e-03
1.100722488315018094e-02
8.955263338788797128e-03
1.008532968535622888e-02
1.121974040496603181e-02
1.122259338045611225e-02
1.132422319947942388e-02
1.444354465169667492e-02
1.515018055777251141e-02
1.346197251158758740e-02
1.448302421752807427e-02
1.187790225747008960e-02
8.795129349323534129e-03
8.636964081999796289e-03
8.917726099044329113e-03
9.191350276698101104e-03
9.797776989961525310e-03
9.515916228496366924e-03
8.414764300445458367e-03
1.007391735146437491e-02
9.412974208509259505e-03
9.093909500485938130e-03
9.706332976232294463e-03
1.018339878179788660e-02
1.086370104865501743e-02
9.765275169383670628e-03
7.684053850560852370e-03
9.531641025227613820e-03
1.099815565941325742e-02
9.614629184747900542e-03
1.272822531454236537e-02
1.084849186677287573e-02
1.100117735504902231e-02
1.177961149649744271e-02
8.509135327129496371e-03
1.126586543032426051e-02
1.015762127549082149e-02
1.274455664871805734e-02
8.881965405670533970e-03
8.766080894737302356e-03
1.131437624135540540e-02
1.138817128059789983e-02
9.869704759224964125e-03
9.644519484121474515e-03
9.856918347773137648e-03
1.158712369282235630e-02
8.212438919793249234e-03
8.122176577540569237e-03
7.962244414912353005e-03
7.917790076582283121e-03
9.097179409594586055e-03
1.048788099948369350e-02
9.026228329707140785e-03
9.796406830855884651e-03
9.771901220464580123e-03
8.508438527986715225e-03
1.215006861485215701e-02
9.092085736936796059e-03
1.142542514562078053e-02
1.117563304074255942e-02
1.286832926463423073e-02
8.520195577671311332e-03
9.405187564950588663e-03
8.208183390316099726e-03
8.163100558840192394e-03
8.808850945214424105e-03
6.943130566440781047e-03
1.000531220150600170e-02
9.410105166151610037e-03
9.192527154043084528e-03
1.080804221303641177e-02
1.002718641684667046e-02
8.343386008198904608e-03
9.150615001723627281e-03
9.339983686606108393e-03
7.811930256728944443e-03
1.134095738644313144e-02
1.002073497744043404e-02
1.014664594757691551e-02
1.093435040556405349e-02
1.205747040948068789e-02
1.294747700488043350e-02
1.343966594624464855e-02
1.492742890954628851e-02
1.351314547567028859e-02
1.320321121758139676e-02
1.110366551173169042e-02
1.154667683940713979e-02
8.559251017318983412e-03
9.217981824799503093e-03
7.468799375507781911e-03
8.491400379703093262e-03
8.951002997619287097e-03
9.903213121584550707e-03
1.297017395652664065e-02
7.536655291894458000e-03
8.152482613008065274e-03
8.253201241751273454e-03
7.527277328194299615e-03
8.377083167153027976e-03
6.869871248279460843e-03
7.269815136420314933e-03
6.597602996010744521e-03
6.589265987401649559e-03
6.705813142678229179e-03
7.436555394907355156e-03
7.762083560247789484e-03
7.273638096456713081e-03
7.326872353130799674e-03
7.707025939692652844e-03
6.437768340880391585e-03
6.321681086106075396e-03
7.914971487140119721e-03
6.414426367595068082e-03
7.059880449703682427e-03
1.175760003222112333e-02
1.438609502523014241e-02
1.643181475311272441e-02
1.401016616231402258e-02
1.211970834440560287e-02
1.074518394871362345e-02
8.074335298674692810e-03
9.569394945618068388e-03
8.031405678407989648e-03
7.169172197548681104e-03
6.500132096334140797e-03
6.820301061785724941e-03
7.993472839278294162e-03
8.172263543287662177e-03
8.423434883397147577e-03
7.501430835413041599e-03
7.496050669221323084e-03
7.349934547786472240e-03
7.196830845044313585e-03
6.994032340652864277e-03
7.303916475164582735e-03
7.160439184415937595e-03
6.442951631301698998e-03
6.791755048808333257e-03
7.304935964443302378e-03
6.754163386324030585e-03
6.843256197047687880e-03
6.457763853883056321e-03
6.578235184128090364e-03
8.548197798921474549e-03
9.484008989782495916e-03
8.012670322941190665e-03
6.878382658274774693e-03
7.591861617773794889e-03
8.247914200111287203e-03
7.064481932287078325e-03
7.837715932198816710e-03
7.032343464218480424e-03
8.172377535684479180e-03
7.397910021810409978e-03
7.345302255673615693e-03
6.197841134245597218e-03
6.924279336054531622e-03
7.004043987484290246e-03
6.975855439110062103e-03
6.829260188025446099e-03
7.229995918484281164e-03
8.212541435701929682e-03
8.863207783389883895e-03
8.715887805988260795e-03
7.794141908210521635e-03
7.202003954964487052e-03
8.420942934209914993e-03
1.066485523981859987e-02
8.193763372929560238e-03
7.379643043534972469e-03
8.004050078297587564e-03
9.531506078646214894e-03
1.060267736727963511e-02
1.037248012729655167e-02
9.651006284589008777e-03
9.407397984591579776e-03
1.327019427287416328e-02
8.500079989878530501e-03
8.221449237671927743e-03
1.006204718017302512e-02
8.009889058700337197e-03
7.942563686020117156e-03
9.371017874888563221e-03
8.461293361961542275e-03
7.390723362300307894e-03
7.588882478221158773e-03
6.984998129348976049e-03
5.709887465938733205e-03
6.779668832844532901e-03
8.113246859653059848e-03
7.411041049894222590e-03
6.665366143506539810e-03
6.675140115262500479e-03
7.193664673504670225e-03
7.796416783505060767e-03
7.056649306640267773e-03
6.866978316697884208e-03
6.582518666135342075e-03
7.298600934980638624e-03
7.974101530563253853e-03
7.094853705956186661e-03
7.836617293779284468e-03
1.117103228818380062e-02
1.084671253171629914e-02
9.364591106593310801e-03
7.499014373197835509e-03
8.547463993640754681e-03
1.040810593877665099e-02
9.244755118641097280e-03
6.832513697916065346e-03
8.105931444846833228e-03
9.807314434383500659e-03
9.728173744226948846e-03
1.025907161575236211e-02
1.372245849614537987e-02
1.386764469982722063e-02
6.277247788825881039e-03
6.562673232913803466e-03
7.306586248080331782e-03
7.084036522481559905e-03
1.034092301424817048e-02
9.604429735123650586e-03
7.197734293122143648e-03
8.632221289334808534e-03
6.696411229220045058e-03
7.832928857031469516e-03
8.677431888494924542e-03
7.909916537695869942e-03
7.221305822334921423e-03
5.944712622484619839e-03
5.866957411763997800e-03
5.499430179092943197e-03
6.260966858947669689e-03
6.144540885655139922e-03
6.901025456474987885e-03
6.524812377118742110e-03
8.041190626377562808e-03
1.148943463901208953e-02
7.388161503601359259e-03
8.665256816152450831e-03
8.677556562520095940e-03
7.688123468100624067e-03
5.714455138680117965e-03
5.677708867164311772e-03
5.196456957301731280e-03
5.919023248352670713e-03
6.129031427330709943e-03
5.964147938620761348e-03
5.914926100307364015e-03
6.554156430697530809e-03
6.481530383502200586e-03
7.509612942261666840e-03
6.076191330818816669e-03
6.515647881456475797e-03
6.540331000466901613e-03
7.908830962025471811e-03
7.431007343443489684e-03
7.952056272451497876e-03
6.835493417462741236e-03
6.757592339204308504e-03
6.396869529887361759e-03
7.371505016504179518e-03
5.680625097254546341e-03
6.672988607795185198e-03
8.162515722060512471e-03
7.645590639204010754e-03
7.543876506370803502e-03
8.001461362307593292e-03
7.589291723510041554e-03
9.667069057653181197e-03
9.852009482332500442e-03
6.739270124274642990e-03
7.867159812707490152e-03
6.787013837958627560e-03
7.364279072242635969e-03
8.130549641183659054e-03
8.018890835645057363e-03
9.825300537092358788e-03
5.965732787529971423e-03
5.888558799625135537e-03
7.069018407232762966e-03
7.188952807612178711e-03
7.926538939595047933e-03
9.318126383872219962e-03
6.170970586513059922e-03
7.199924872870652401e-03
5.975499245715228981e-03
6.242621712706412397e-03
5.968387396703239180e-03
7.028223924764645178e-03
7.268681118012746203e-03
9.945640842671151990e-03
1.795681336617980725e-02
1.958943531003814673e-02
1.375179806044170630e-02
1.106617714581882919e-02
7.618023080392620321e-03
8.214155781735975326e-03
7.101263037756285097e-03
1.785203907274348842e-02
1.410454362521364885e-02
8.676272271084332563e-03
1.131937318741267108e-02
8.929656711721307982e-03
9.022179016672458515e-03
6.365846561917545138e-03
5.976736548905867662e-03
5.362941995573821709e-03
6.068125423983198111e-03
5.224102013955505587e-03
5.741835364726206523e-03
6.404182575813007969e-03
7.558720748325966840e-03
6.929256983533273878e-03
6.448237549771510327e-03
5.446081571086489916e-03
4.620212451680227352e-03
4.634864365187802565e-03
4.792540521386530819e-03
5.055973183524447440e-03
4.883957820149687282e-03
5.308017823464524811e-03
4.940530814132823925e-03
5.347253383656990454e-03
4.700805144021043963e-03
4.449202961759365048e-03
5.013228044224996710e-03
5.381322464911070594e-03
6.643741977629553583e-03
7.011909522053470963e-03
7.437449581401354634e-03
8.896411475158421192e-03
7.737516060219664163e-03
5.863544022460988846e-03
5.327653902604341865e-03
5.715422210462377077e-03
7.207062403760073309e-03
4.951845370522340098e-03
5.074651637757185071e-03
5.564076337404826565e-03
6.096508941360259323e-03
5.420917588024282835e-03
7.031576808038679689e-03
5.519565127153239908e-03
6.231541024126523859e-03
5.427165599556154144e-03
4.844635979547149904e-03
5.356082113646270203e-03
6.789030268731372809e-03
8.572656198718026088e-03
7.670408275059422375e-03
9.336892193963259798e-03
6.964521089478429433e-03
5.732786886720653632e-03
5.978274093484742951e-03
6.061482712977017684e-03
5.545813788917334369e-03
5.300847308889521624e-03
4.468619666069787062e-03
4.962384768941614614e-03
5.317672722975176972e-03
4.866838274916105572e-03
5.135880122822577415e-03
6.551730798721188548e-03
6.343455224150753094e-03
7.180672525644787169e-03
9.169549467796887093e-03
7.716831170671378456e-03
8.487863814026840731e-03
7.403400104825006399e-03
7.039970698007846396e-03
8.033407711131396178e-03
1.134923003020623516e-02
7.725643266391214563e-03
7.431342425719729937e-03
7.749898641809278323e-03
8.794072156256689879e-03
7.600006364775559013e-03
6.241312037047973792e-03
6.799082074564718678e-03
5.451630127943172394e-03
5.730398999789235170e-03
8.430000952290267469e-03
5.669323207243725203e-03
5.690675316152277174e-03
7.005993053499614751e-03
7.189177666132070231e-03
6.459252447782662040e-03
5.912217185699245904e-03
6.689037151445418813e-03
6.271537352642815762e-03
4.592435499088099587e-03
6.129220942947436607e-03
7.542350875430356427e-03
6.571062355298162329e-03
9.845403252755662721e-03
1.200410945594873949e-02
1.109286171754821602e-02
7.445560740653645558e-03
7.562773293529592190e-03
7.186187766172007912e-03
7.586113789329071086e-03
9.526212566520865857e-03
8.487195442303689663e-03
7.211894521117075650e-03
6.262822481515239494e-03
5.603499833094555647e-03
4.927160318533302906e-03
4.294374634145957208e-03
4.313869791761158930e-03
5.129201954108911568e-03
5.420004748781228829e-03
5.826295137470262168e-03
5.044584580328363883e-03
4.974338568019542883e-03
4.170453726991502769e-03
4.999123498100985219e-03
4.404697781773984043e-03
5.658334712378968422e-03
4.919254147182462039e-03
5.068221785102472107e-03
5.794276911408215505e-03
4.866651192867650286e-03
5.802188768440564443e-03
4.517088577441269980e-03
4.630812537243891511e-03
4.840071278346375072e-03
4.441413693019295554e-03
4.967400163665058356e-03
5.091892117620199811e-03
4.781034752888269068e-03
4.341830024673749670e-03
5.067528349398549986e-03
5.029912208541306717e-03
5.405180093419821238e-03
4.936373551279059704e-03
4.603098433764113949e-03
4.239814850022170442e-03
4.769294289419688179e-03
4.462438782474257258e-03
6.091698046167258809e-03
9.262586584375774937e-03
1.305246323969032167e-02
1.108312265091037849e-02
8.489004438581941245e-03
1.093007457469703445e-02
7.682430531058320224e-03
9.551610271275247366e-03
1.010963592893277842e-02
7.551767180620574949e-03
7.760088001023192003e-03
5.880889142623986661e-03
5.842205365124355718e-03
4.986659684545122900e-03
4.882876727876170331e-03
5.836581408810376584e-03
4.518815180261696873e-03
5.294198498874054006e-03
6.407049673801744165e-03
4.764776094090148080e-03
4.713531698919305214e-03
4.768385090909218506e-03
4.457022564661333036e-03
4.374732334436757901e-03
4.357818628306780150e-03
4.196525793913981860e-03
4.876204334122665601e-03
4.766758701631056486e-03
5.744646190545228855e-03
5.193630024341042498e-03
5.275548095656269060e-03
5.737537263528782149e-03
6.072770865092459378e-03
9.720135803774697381e-03
1.507655499097066559e-02
2.312799322929691426e-02
1.454445353104385705e-02
1.473303933992444262e-02
1.060719826822670124e-02
1.119468277930019302e-02
1.077695297677472297e-02
8.941007758314628920e-03
6.818076794123194458e-03
7.543066455362098036e-03
7.505915718559001519e-03
5.694931348476915157e-03
4.753153616995247840e-03
7.012827384411858371e-03
7.753249967115411444e-03
9.972463887773917735e-03
8.175038616998892005e-03
5.880805426532251592e-03
4.687290281982717764e-03
4.253941850430248590e-03
4.162682677682456173e-03
4.402503468996604892e-03
4.686360961738389973e-03
4.610890614281068153e-03
4.398237282217543759e-03
4.276101347784196441e-03
4.042310112434338229e-03
3.834263726130067180e-03
4.415272484467300945e-03
4.177256631179983998e-03
4.045577190226057850e-03
3.880258228952622197e-03
3.960738076707024519e-03
3.790063909687697331e-03
4.092317573845870825e-03
4.348548262930778535e-03
4.185492943520829033e-03
4.679450167065500252e-03
5.199752700816622809e-03
4.777896545013788666e-03
5.612662694875258929e-03
8.700711975361544864e-03
6.865740294194306453e-03
6.683257855035156132e-03
6.121702244992069733e-03
5.635748438787347922e-03
7.932711939659938677e-03
9.153091843369133562e-03
5.911062997485908889e-03
5.097767472782465531e-03
6.876933001999503865e-03
5.697311556213050486e-03
5.714199400752477745e-03
4.842393607745306729e-03
4.764817510240612966e-03
4.859692167239939437e-03
5.175933828318541978e-03
4.675779352392870659e-03
5.187329506312926553e-03
5.726178249786719257e-03
5.398484637024738783e-03
4.583831125668728045e-03
4.225194645293688968e-03
4.804692684584454393e-03
4.148030295303024688e-03
4.039883903315242240e-03
6.067842295608678535e-03
5.146242805128719427e-03
5.688721682733387935e-03
5.250237882816707370e-03
5.128306400808470625e-03
5.770450692630720892e-03
5.113372011991813501e-03
4.908905077701945438e-03
7.400879666089966134e-03
5.285346896932515033e-03
5.141664255812953936e-03
5.848961949399452895e-03
5.489835628629083884e-03
5.792135238059248868e-03
6.375704730089825668e-03
6.390790329620994921e-03
7.338750103912587523e-03
5.681437768245048425e-03
8.911016079913982452e-03
6.731130717139478976e-03
5.925570355222609803e-03
4.282920845639304197e-03
4.966705725642185307e-03
5.339735119298919669e-03
4.582388786618428987e-03
4.305888031527703094e-03
4.453431210353896511e-03
4.132274752865880765e-03
4.189982960030729474e-03
3.916326329456306342e-03
4.200541939023127828e-03
3.854751189360197238e-03
3.634605362992628097e-03
4.058486417757275859e-03
4.489637585878153599e-03
3.860640701034655058e-03
3.911882942277366583e-03
3.877320816259822826e-03
4.504526674010213977e-03
5.585835337331719781e-03
5.436423414744422956e-03
5.827519529129978303e-03
6.333787932882089730e-03
6.003122393565112416e-03
6.536745696188210435e-03
7.054931514149493342e-03
6.417754248303106715e-03
6.126677594493549518e-03
5.479375721728834553e-03
8.478982303438372878e-03
1.247183146717633327e-02
8.587196508214963234e-03
1.280820796670027392e-02
1.819220875838015866e-02
2.544041424879619345e-02
1.658936774341384160e-02
2.434988526597824110e-02
2.381885154764525406e-02
1.103695059082399066e-02
1.248891373164804676e-02
9.809901302229964357e-03
5.556803912758542276e-03
5.789848611502377597e-03
6.350706707122497942e-03
7.875194072555092434e-03
6.734806774916472435e-03
6.103409028918107236e-03
4.336910435284514406e-03
3.663873442101427298e-03
3.836241365919114236e-03
3.698181546838611757e-03
4.161174349596842049e-03
3.789856318910620869e-03
4.360111452222191833e-03
4.085214250132363813e-03
3.635508807719967268e-03
3.673099129265092969e-03
3.741612521984666057e-03
4.110083966183026433e-03
3.822331966494280434e-03
4.096975514660854828e-03
3.757973725901853339e-03
4.094613834617864823e-03
4.464986426064983423e-03
4.104265691396427260e-03
3.714161324199807303e-03
4.778211917530668720e-03
4.602977340894926286e-03
5.383094713738587056e-03
5.681342498921960853e-03
4.777482623692254522e-03
4.464259288872595051e-03
4.819259152236568186e-03
4.266469447626813384e-03
4.229190721488464318e-03
4.411693796818895973e-03
4.673031547954218691e-03
4.236924143935286852e-03
4.371781958668805729e-03
4.602357105884084983e-03
4.213264378860599561e-03
4.274929549870180000e-03
4.532733179666182700e-03
5.075701844260649409e-03
7.011033956457420925e-03
7.081383512321826577e-03
5.155388024418922945e-03
4.929244014065853677e-03
4.208545771051748659e-03
5.076738230598247005e-03
5.282110880107639996e-03
5.259651396401935318e-03
4.342672127547873850e-03
5.988517247885820870e-03
5.096136983996608395e-03
7.507797997230401636e-03
7.315274383237312626e-03
6.416709487054986227e-03
6.048349897830763468e-03
4.768531878125543966e-03
6.137672997883467964e-03
4.743965935081250439e-03
4.896065539729452763e-03
4.754228063248619983e-03
4.522521740486910337e-03
4.803194723564408256e-03
5.129285929484588176e-03
7.157175072163958832e-03
4.703245170090024525e-03
4.955582898452574533e-03
7.763012751339184135e-03
7.538023243374389684e-03
8.918074214958838716e-03
7.911360778385841119e-03
5.679217799479744852e-03
6.847046185327203965e-03
6.188061494325872679e-03
5.243246799552193568e-03
6.483334494000170950e-03
4.152025246310799174e-03
5.307305563808399282e-03
6.647192612103732835e-03
4.610443589483188484e-03
4.442642058603575236e-03
4.673164199018528704e-03
4.194577998061730165e-03
5.020263739844901124e-03
4.808901905483826782e-03
4.122467709736335993e-03
4.700397811430507243e-03
5.323340814084023473e-03
4.787827909707084544e-03
5.473857487139382159e-03
5.267219394296406357e-03
1.433896050076501581e-02
2.696988080315082525e-02
2.156272235165111392e-02
1.967334511074345441e-02
2.270603570145953570e-02
1.839028904420299260e-02
2.197344656784784578e-02
1.152624997831774509e-02
7.663375683195495884e-03
9.421451793914899925e-03
9.558589564486828088e-03
6.316396242390441215e-03
5.991346600796486170e-03
4.862242396952196066e-03
4.456671660579499678e-03
3.768347905770109973e-03
3.876498474955805077e-03
3.947484083934143725e-03
3.992299850403089462e-03
3.628020182499171620e-03
3.587729299466021430e-03
4.227670136965155576e-03
3.756923546256395706e-03
4.078503893083782958e-03
3.890957481711388669e-03
3.771458840249689807e-03
4.008336456897932179e-03
3.641838694285789123e-03
4.183414423154450598e-03
4.582030877087651596e-03
4.200023219943431300e-03
3.613587546843924012e-03
3.924853643508827671e-03
3.743076105181315175e-03
4.015767884277844472e-03
4.056244405659950591e-03
3.666331140123306725e-03
3.923688243367912457e-03
3.773395144909620896e-03
3.368448781173053776e-03
3.603232212730396716e-03
3.923936431517510356e-03
3.644753470511592503e-03
4.644775247719113744e-03
4.917799508659710314e-03
4.007115346423622756e-03
4.187558314059451267e-03
5.028197377558539863e-03
4.155435486172120649e-03
5.373807947962288070e-03
4.065802390486483731e-03
4.480077168950339674e-03
4.554727818867222028e-03
3.981634281135282109e-03
3.804164912992654204e-03
4.132416575417582373e-03
4.454882411339202569e-03
6.148961450392822527e-03
7.837915334756249616e-03
5.796600515803053758e-03
7.479702281248484103e-03
9.165891964347354370e-03
8.642783223248125951e-03
9.540843735316374002e-03
8.796515898894982297e-03
1.480216894278295510e-02
2.071030319167340220e-02
2.237365067205649566e-02
2.032619069289364616e-02
1.838491472482101444e-02
8.366098824467040410e-03
8.827575050794173386e-03
6.196962759887746780e-03
5.648499056473652545e-03
4.757655821535301116e-03
4.090288310518015030e-03
7.204932677436223266e-03
4.645011472535944506e-03
4.055444183702268737e-03
4.471811693542266167e-03
4.925084865886266913e-03
4.211168861264330196e-03
3.958316877709091089e-03
4.621523399499173103e-03
4.189154488323993709e-03
4.024946466716651169e-03
4.222152915477622379e-03
3.767686885753833252e-03
3.557772467222057762e-03
3.533366569967555815e-03
3.606912937158104904e-03
3.510671322916088764e-03
3.500164650482540715e-03
3.454437483786734504e-03
3.415963948695681634e-03
3.567093394989092562e-03
3.339332545096683914e-03
3.566718491459923944e-03
3.399836956212938521e-03
3.618869883438758164e-03
3.410015919277722702e-03
3.676158559469718499e-03
3.831065473765791606e-03
3.745512440086415113e-03
4.437577299519091661e-03
3.828506482816266317e-03
3.604444374455594621e-03
4.078144041228194162e-03
4.541883715522409583e-03
4.385456532043821576e-03
8.380677502963722325e-03
9.661477422798658843e-03
3.986264528277837921e-03
4.909517400502305326e-03
3.966158524900579609e-03
4.850489218311081381e-03
5.081822763788197347e-03
4.132930489817021082e-03
5.001873321091643287e-03
4.274387947360741222e-03
4.209507502285928481e-03
3.792511627584112428e-03
4.928409874662523747e-03
5.432898174793787324e-03
4.895763464767966325e-03
4.997718967917621005e-03
5.854663557091801043e-03
5.660799526719098237e-03
4.820914395923658370e-03
4.254811003842706371e-03
3.743359462841763970e-03
4.682202035844152191e-03
4.236194598106654031e-03
3.477490775631633321e-03
3.317340807799902709e-03
4.084173896586582725e-03
3.761026430490157189e-03
3.658005605651331368e-03
3.851839309103812555e-03
4.288728159734842005e-03
3.792077481177624255e-03
4.268584976456426747e-03
5.355905085378072882e-03
4.998958561497259673e-03
4.077698285526738797e-03
3.555820289011185110e-03
3.575162727145463418e-03
3.356557882224021731e-03
3.187016918995119567e-03
3.672256633091547547e-03
2.996700037592483525e-03
4.169042301360536759e-03
3.895681123089949054e-03
6.453831099918662037e-03
7.173149688788047623e-03
9.406622029635176158e-03
6.684769169004746957e-03
5.765562858190320140e-03
7.176870996796016512e-03
1.039445907893237105e-02
7.401579301512382046e-03
6.828485265284968062e-03
6.794618519127064785e-03
8.872289421074970248e-03
9.167254255874024774e-03
6.868020169466969825e-03
6.939403347741965669e-03
5.259971553893038644e-03
7.571691807770590185e-03
6.619845772079315481e-03
4.400260248822031144e-03
5.695705249048140309e-03
5.979001155405245377e-03
6.673724837155969349e-03
6.084213507062976450e-03
3.744532268739663404e-03
3.856299645442773979e-03
4.478324374267205442e-03
3.829828095737832123e-03
3.413606419051598128e-03
3.304831497809923753e-03
4.022624340738385242e-03
4.377921274785400059e-03
3.799780165684092312e-03
3.386417709113183610e-03
3.399785969599021518e-03
3.460083661477427169e-03
3.448018256608796454e-03
3.640735601616262428e-03
3.669337172451362164e-03
3.276083603007034443e-03
3.442745400771535409e-03
3.066579390641165515e-03
3.273514351919686038e-03
3.556383052704128588e-03
3.396723153163874742e-03
3.426069739446656586e-03
3.992800107291668947e-03
4.436798003328701508e-03
3.902570059571312030e-03
3.781388302423735904e-03
3.197571573623624475e-03
3.321035351202866227e-03
3.572101959131574779e-03
3.369133488380427529e-03
3.181346791457147043e-03
3.553169824624495977e-03
3.154442815607403586e-03
3.609025282050181468e-03
3.225040133728424799e-03
3.580762984548679483e-03
3.944994410162484984e-03
4.792151044929051501e-03
5.562341797901242633e-03
4.806250325865737798e-03
3.976129368377121463e-03
3.537327003016899497e-03
4.580572815239935223e-03
4.447747807906373904e-03
6.741155997604344162e-03
6.334769913526478932e-03
5.031012569739792308e-03
4.908467677457457011e-03
4.613757850502501340e-03
4.354746180012769065e-03
5.106561126472734975e-03
4.866068741943109684e-03
4.769699109689565231e-03
5.037677528458087139e-03
4.298842815661198073e-03
4.147498102573516851e-03
5.141640403810686551e-03
3.871714441253300450e-03
4.039776419080100614e-03
4.292738310449404834e-03
5.176467396894697363e-03
5.506285796758760183e-03
5.179176760226394602e-03
3.964392906578965287e-03
3.521136594933739657e-03
4.357715864544531303e-03
3.928198261603482733e-03
3.857515197995441385e-03
4.594131382740298218e-03
3.526280262076509926e-03
3.272771112883740823e-03
5.488513563479000858e-03
6.276978343145236082e-03
6.398095732681998750e-03
5.039662530137329309e-03
4.969238289803729579e-03
5.033052284204015889e-03
6.136678595291758173e-03
7.945556255145612423e-03
5.597426182787525531e-03
6.394468329818662339e-03
5.129831104551428773e-03
5.477028200062295828e-03
6.792507647217786888e-03
5.248241418197173783e-03
4.264868641041522600e-03
4.230531152081194041e-03
3.856830245412098956e-03
3.537636932776688607e-03
4.562855145032828838e-03
4.326651421658424257e-03
5.492537677835537292e-03
9.307993447603560636e-03
5.579275921862220100e-03
4.496766597558748274e-03
6.195786256108670731e-03
6.581684810514382145e-03
4.067157569083606691e-03
5.633140059394687107e-03
4.704867062918514746e-03
5.016772667717880191e-03
5.483837390940923817e-03
4.778081756308120293e-03
5.951295084924279957e-03
6.590707137620208100e-03
8.066594113950336861e-03
7.664000447766426173e-03
4.958327112203250384e-03
4.947956353547646770e-03
4.912673143404179370e-03
4.829473170465483668e-03
4.081503636412590376e-03
5.713467897588340311e-03
5.787512772737054764e-03
5.137847066309361721e-03
3.973478075627652484e-03
4.504987232982623005e-03
3.648006547836394383e-03
5.011455645319240482e-03
4.003462512820802482e-03
3.951577744502205933e-03
3.849745964153484818e-03
3.949226435670178011e-03
3.845334489622834629e-03
3.261991743832903801e-03
3.874039207884016553e-03
3.440991916355049147e-03
4.184135275184863896e-03
5.699763321031516526e-03
4.992322630989138969e-03
4.137744273662291236e-03
4.725546388899133990e-03
4.505316024497740303e-03
3.856699692382792050e-03
3.439410562620024304e-03
4.313229267285743039e-03
5.310893401889332267e-03
8.753854262374353296e-03
2.807520595215677248e-02
1.741919603593673413e-02
2.481013740337548526e-02
2.740661319117613376e-02
2.410421060813973740e-02
1.526796527005994976e-02
9.600152300029491520e-03
5.191017449361805605e-03
5.474444939974535893e-03
4.165527776096318753e-03
4.487911496096197786e-03
4.288252456066147730e-03
3.943221831495414414e-03
3.204274323844507645e-03
4.427026596680278675e-03
4.850574017398042066e-03
4.159607464324732370e-03
3.189604600386105812e-03
2.786263515246238231e-03
3.180210540491544037e-03
3.089792215703250893e-03
2.878955899587961730e-03
3.273531024002358791e-03
4.038474038953123076e-03
3.767728809431300334e-03
3.465748666307403181e-03
3.521888409325150526e-03
3.174024767319533549e-03
3.747971599352158296e-03
3.757688729916671723e-03
3.805943169858193916e-03
3.523439481088676880e-03
3.310816995448205048e-03
3.170878430251363421e-03
2.998316308246392389e-03
3.733535600410128365e-03
4.632730555492276144e-03
3.678000358124647838e-03
3.383905079939073142e-03
4.387915217562465484e-03
3.076191615810693059e-03
3.028730087015069940e-03
3.197079687637497964e-03
3.279993751934532579e-03
3.224161778612386065e-03
3.851305092061687880e-03
3.382773320728668393e-03
4.875738415063612941e-03
4.025963191925318978e-03
3.247143143997754770e-03
3.235485592613526144e-03
3.887442163739495988e-03
4.753047411014955405e-03
3.391210278190332286e-03
3.727234996565340942e-03
4.355606014130567957e-03
3.963752036084866939e-03
3.463855938079918491e-03
4.176322179797557592e-03
3.553961689774694840e-03
4.897422252257773931e-03
5.129416555636803418e-03
5.332583269937357304e-03
3.448190458112583307e-03
3.708956658197933454e-03
4.469346119480980574e-03
3.892027302550061119e-03
4.708209361664609377e-03
5.283890310675206335e-03
7.930887916252730985e-03
7.441641190572063046e-03
9.049849709387146682e-03
6.593218856395961606e-03
5.113960432594959714e-03
7.340785138582570611e-03
9.471051696931723565e-03
3.953795035972828414e-03
4.052636425973066801e-03
4.219313915344516906e-03
4.271382967014556754e-03
4.637965704944743174e-03
5.866373354587334568e-03
5.785212046244840069e-03
1.095490568348292566e-02
8.473049806560623703e-03
9.582586360810342249e-03
9.474158450839140211e-03
7.555312186236734159e-03
4.839769106045365039e-03
4.410984022055597538e-03
4.493612396875996604e-03
4.849133323629276418e-03
4.233171125693239653e-03
3.536215105857947079e-03
3.259817722703163730e-03
3.374396952335030272e-03
3.472348529748602291e-03
3.649919041875829794e-03
2.958874482243594676e-03
4.464821096475778649e-03
3.996096268486944679e-03
3.425622962203592973e-03
2.948453760032800335e-03
3.754749249438251672e-03
4.495325475485758074e-03
3.380384408733472582e-03
3.323891867180184256e-03
3.675781706534419439e-03
3.158544615370676399e-03
2.861468583721972058e-03
3.698557837724198924e-03
4.699849644865068329e-03
8.123878025749169465e-03
1.254312932521642505e-02
1.882175132606919363e-02
1.541010443208572049e-02
9.407253125226030036e-03
1.042712943569512780e-02
6.622417562643529224e-03
7.906762212376908933e-03
5.231376485833166487e-03
5.046445270197956988e-03
4.319667147575809336e-03
3.167556282757865056e-03
4.001272120290082744e-03
4.507548016393728499e-03
3.884880826199251218e-03
3.926715695042480060e-03
4.562414046966651801e-03
4.567965345796210462e-03
3.678761107085186648e-03
3.269812069061116613e-03
4.054980863408182319e-03
4.295051387672033615e-03
4.587230093252279463e-03
3.615429160262893533e-03
3.152867644421508513e-03
3.224739935497161411e-03
3.098245636270884409e-03
3.360435082903001896e-03
3.438605983733563753e-03
3.713089676626952097e-03
3.267517219515540024e-03
3.699172227500117406e-03
3.794684644922518158e-03
3.560190726180788648e-03
3.563048592331038034e-03
5.166916188540616843e-03
4.510502581632477859e-03
3.653716054194496975e-03
3.729030825406536888e-03
3.588877829689687479e-03
4.251278260835085129e-03
3.438088414434540673e-03
3.930186072666915463e-03
5.333643097274787942e-03
3.893934256980752587e-03
3.759067022353718753e-03
4.752975002087996004e-03
3.809403628028370896e-03
3.843677715813942179e-03
4.015013711752726637e-03
4.283232405852505781e-03
3.460864817568545544e-03
3.665464649749408145e-03
3.493199618772459703e-03
3.764811886126236910e-03
3.727894582877699058e-03
3.750269709079196486e-03
4.009032117876927016e-03
4.032528003665824222e-03
3.639771222472573328e-03
3.558292995622509575e-03
3.581947944625259346e-03
3.693029852597552905e-03
4.119223806081660604e-03
3.382270814879692958e-03
3.806582572982331047e-03
4.565067363011970220e-03
5.132218252839221805e-03
9.116770825887720794e-03
1.462550646345641379e-02
2.321688337974186361e-02
1.803607283866247649e-02
2.615596934563143780e-02
1.695992770670026045e-02
1.615282536815889486e-02
9.801131973950626131e-03
9.718050489410422557e-03
8.047109097009081530e-03
6.052091819226996898e-03
4.338626433047842318e-03
3.576293416138589219e-03
4.655898258616389049e-03
4.508552908890249393e-03
3.404651830221162509e-03
3.546061889931643226e-03
3.179175046755221019e-03
2.958632616014597941e-03
2.999100666300008426e-03
3.651768834905531110e-03
2.949990849894119048e-03
3.222325672924760027e-03
2.955794703473758715e-03
2.783637306170460776e-03
3.127909793851745522e-03
2.777120465353657627e-03
2.736002942089574286e-03
2.721572772259310546e-03
2.674527505666947878e-03
2.583102852689469695e-03
3.530023126982040956e-03
3.043923521134884840e-03
2.804906862135941870e-03
2.932685018232188308e-03
2.938161704916146186e-03
2.915813229620583570e-03
3.512979499247014230e-03
3.653426909788819350e-03
2.882563871953483688e-03
2.781872356640550329e-03
2.985961530318478017e-03
2.776894289313345653e-03
3.012793540076700964e-03
2.974041297768126747e-03
3.110322021764808705e-03
3.589844742765769918e-03
3.243994469238937681e-03
3.435494845227326805e-03
3.443880944088497775e-03
4.656606381650970142e-03
6.375911198348066002e-03
4.448419342802181070e-03
5.244964819337781178e-03
5.445252387909151233e-03
7.856126059740455372e-03
9.380460977050180532e-03
4.365414679523535284e-03
4.097448731844493056e-03
5.493275557182297417e-03
3.470786233870164997e-03
3.670737897878140633e-03
4.502039247829391772e-03
3.297491040699029700e-03
3.127393937083719662e-03
3.365504425613068725e-03
3.319135928444143582e-03
2.768691570218763907e-03
3.725920318059215437e-03
4.815925618739187904e-03
2.876546355225100861e-03
3.814938007448407265e-03
4.493957508126545861e-03
6.110317445679495571e-03
8.089939700697428016e-03
6.518553146113465792e-03
4.660325003270253744e-03
6.467782030953213128e-03
6.481043725983405904e-03
6.527042527050235313e-03
5.143093535558956181e-03
8.253027837741512898e-03
7.774302074330857737e-03
3.101977050315761660e-03
3.484915955534610959e-03
3.289658547171019857e-03
2.896630976410496591e-03
3.231288521716620555e-03
3.990260711671375290e-03
3.317025237812288013e-03
3.139974954647561760e-03
3.053610005397649780e-03
2.938640021903478772e-03
2.857594801924795858e-03
2.861744192735426410e-03
2.767769575985214170e-03
2.609111597164314421e-03
3.060577121853085870e-03
4.313213900169802183e-03
3.454703923182398089e-03
2.954412489761873862e-03
2.589887381967559063e-03
2.513062802504996418e-03
2.622644926126395121e-03
2.868424058324524090e-03
3.784016434152920067e-03
5.524658020790932343e-03
8.876249374144263432e-03
6.004976131482421715e-03
8.009399024888697385e-03
6.788813493444280540e-03
5.607529223545838944e-03
5.935008828085882281e-03
4.189853825363805406e-03
3.340400366668564314e-03
2.839924289491660859e-03
2.881082740494398959e-03
3.171932497168170918e-03
3.248721297133964122e-03
2.842821317868847713e-03
3.394394280952520160e-03
3.289468187317804750e-03
3.453006489255250680e-03
4.334594378222965741e-03
4.043145746358687252e-03
4.329816589465395119e-03
3.545378714012804681e-03
2.962109113371211820e-03
3.905650129699312148e-03
3.719221703307872429e-03
4.435362827340341187e-03
5.051866574896039103e-03
3.909243356509924626e-03
3.229202965173961614e-03
3.286966684144407898e-03
3.345141874002091880e-03
3.906780967932140143e-03
6.747219276582581103e-03
7.402184889656765812e-03
6.677937126048600486e-03
7.900133937394672456e-03
4.932816361307290967e-03
3.970412902689370721e-03
3.128538958361770303e-03
4.348154082983503657e-03
3.896848687668842941e-03
5.539666539440976645e-03
6.235612234711694277e-03
9.166750779719694611e-03
9.564923903067686084e-03
1.304144323353400269e-02
7.885298647350699741e-03
9.016257869628828761e-03
1.060129197298420936e-02
1.349302846089440663e-02
1.327759641359774201e-02
6.680229261214648204e-03
7.856334621008993768e-03
5.869237525935039682e-03
5.352937821157242350e-03
5.195641800092829637e-03
5.432868880847378096e-03
6.972862075997908297e-03
5.820938060271373289e-03
4.686262813875650100e-03
4.475926682227568572e-03
2.928027015473746129e-03
2.650391138798001943e-03
2.935718164814392090e-03
2.999174549265277642e-03
2.567896435056352556e-03
2.394218349541423190e-03
3.092326460337533126e-03
2.698156202856480043e-03
3.170677633417263736e-03
2.234424721302577174e-03
2.395354064808424398e-03
2.770014378422081761e-03
2.528729983913011355e-03
2.495615487530453147e-03
2.693588467944145037e-03
2.366001704292805454e-03
2.705119575343299231e-03
3.185733219683609466e-03
3.031536276485823425e-03
3.086838293118282853e-03
3.435791285302521297e-03
2.965699532829537896e-03
2.913141011079019814e-03
3.531089154449826902e-03
4.058980096451821583e-03
4.709125159195817756e-03
5.617984354098721177e-03
3.908551579259780459e-03
3.369729318238976964e-03
4.640417191061551976e-03
6.061914890775454111e-03
2.972052385990029202e-03
4.142100241012735932e-03
3.263423086650203177e-03
3.567926963643419311e-03
2.845371923203084477e-03
3.176483059839289684e-03
3.796611107633617380e-03
3.360216934233725174e-03
4.342700182990316161e-03
3.314861562590638681e-03
4.242987305958325663e-03
3.259063197485723498e-03
3.682599761718258723e-03
4.499043819136289493e-03
6.063039749759696270e-03
6.223538971724579955e-03
8.546603769495647596e-03
1.732590725998389702e-02
1.468827174315265501e-02
7.303616738053817468e-03
7.442647838113987217e-03
6.564542413202164792e-03
4.176307232661690023e-03
4.779641902204804192e-03
2.950092996763792677e-03
3.008626384980141004e-03
3.187116252465172286e-03
3.448525173035294888e-03
4.412435671562762139e-03
3.764141841863782607e-03
3.713791536408217464e-03
4.941103727686746439e-03
4.574536074848469143e-03
2.851097471554478978e-03
2.739051440719843591e-03
2.511467127236569671e-03
2.437372545085408383e-03
2.375138129688679663e-03
2.368383704462073257e-03
2.585530060521578147e-03
2.415631634348157884e-03
2.630292405578192778e-03
2.688462297273604574e-03
2.799367385267400102e-03
2.460360583821307682e-03
2.697332099932346888e-03
2.313823802016724308e-03
3.066563580869652739e-03
3.092809297167820048e-03
3.286157071627933673e-03
4.278374395268276162e-03
3.193349891005128460e-03
3.058596933190433579e-03
3.812573595330531924e-03
3.729599132209512110e-03
3.243851382768944431e-03
3.978015634397303463e-03
3.959380840012538885e-03
2.992321143275113605e-03
2.932694077423470859e-03
2.462390646091564862e-03
2.884176585981264827e-03
3.920652763984620523e-03
3.164889565457199450e-03
4.694425193144801702e-03
4.033444839408985641e-03
6.231214657902655642e-03
4.387627497803981043e-03
4.136229986749604716e-03
3.605323999086806463e-03
3.118893680669495780e-03
2.630320210107367062e-03
2.640366492460945614e-03
2.451443690974219880e-03
2.415488042914178644e-03
2.337658933278872857e-03
2.663802648688662952e-03
2.730224546338825154e-03
2.826238698773158708e-03
2.467868764365094020e-03
2.397231137825816399e-03
3.317565285508317693e-03
3.957584213329501735e-03
4.200277827179669035e-03
4.351126853550450237e-03
4.995315131487618708e-03
5.401997592989796551e-03
6.168326266334596755e-03
5.075063803824638245e-03
4.296825643527144543e-03
4.850252818099435627e-03
5.972704253562403399e-03
6.302284048620215504e-03
4.481792638437419318e-03
3.760405879442650298e-03
4.141348302512328980e-03
3.081220710273606823e-03
3.548841620852401669e-03
3.004469077081572091e-03
2.943996183021658098e-03
2.278547196570596296e-03
2.604973208622955727e-03
2.539604276871135820e-03
2.527862027823849205e-03
3.225623778533446857e-03
3.845646760874582397e-03
6.957543609541487657e-03
5.998482510139461349e-03
4.768808359753622973e-03
5.085990359644630351e-03
5.773434569923653441e-03
5.639098429198546869e-03
4.495629250202868958e-03
3.845172963418078387e-03
5.429688989705861758e-03
4.544445899858186484e-03
4.231688265676069628e-03
5.644467831159714205e-03
4.717442291826328370e-03
3.678638122546921529e-03
3.347941963123772686e-03
2.552604561119756546e-03
3.066353464964831355e-03
2.955277405322936750e-03
2.975306660056714625e-03
3.515416323297348034e-03
3.904043681443362945e-03
3.495186386564943636e-03
2.536478868620247774e-03
2.339832642532151639e-03
2.257188839082714150e-03
3.159384481960232031e-03
3.682101421455495627e-03
2.378223651455276498e-03
3.185908976459954876e-03
2.823602080812934179e-03
2.509973888586776621e-03
2.300921036061704446e-03
2.318097518620167077e-03
2.564918983553145411e-03
2.723386185062471373e-03
2.932098863189769831e-03
3.290396195956509819e-03
4.456241073212452268e-03
3.905647579749736437e-03
3.632725563590660529e-03
4.243616070324195653e-03
5.135328479803084184e-03
4.490672754844198672e-03
4.403430976831427222e-03
5.747995187632719792e-03
6.707962878950658389e-03
1.005391579182238898e-02
1.010491616206235857e-02
9.252836498000403462e-03
8.880354565534822123e-03
1.359722380047243342e-02
1.030673716968351708e-02
7.521450845517633176e-03
4.729809129390232653e-03
4.608948857636273495e-03
4.458351093533775497e-03
3.539526838331230260e-03
2.973730190589704558e-03
2.085269483075199472e-03
2.501112019734027560e-03
2.785642480739674697e-03
2.783237272687872320e-03
2.398604293406648730e-03
2.123147995223735596e-03
2.301331837205011690e-03
2.390568869571426183e-03
2.077636065465501402e-03
2.229557608261678505e-03
2.151370656933198483e-03
2.187216288851621081e-03
2.226966322070469614e-03
2.685917678567474251e-03
2.229852970230520107e-03
2.364084330185644255e-03
2.197661559933718374e-03
2.069009120842396979e-03
2.506141058387526509e-03
2.202863298382766195e-03
2.269035019683847843e-03
2.392407726038343636e-03
2.401838488560000939e-03
2.728047002321058213e-03
2.269295457854679249e-03
2.307925987485486777e-03
2.523797118380632920e-03
3.634244118519150239e-03
5.807778360098949343e-03
9.217066922026999343e-03
1.061351179196091607e-02
1.591650675730365075e-02
2.038234065823616575e-02
1.719556366806851075e-02
1.445535812377140954e-02
5.872947399880539161e-03
5.801511622216629430e-03
6.440884393523503733e-03
6.813032950850042915e-03
3.752958124020717556e-03
2.916264001172413304e-03
2.751272671509083501e-03
2.322310452587878805e-03
2.613066263219322467e-03
2.240385397005408268e-03
2.247487439859705786e-03
2.245931624137881624e-03
2.048161536785220605e-03
2.271999609678702296e-03
2.614587586923047303e-03
2.363057109507093068e-03
2.028409195426962922e-03
2.311907946320545561e-03
2.222995803380104374e-03
2.069633898435803594e-03
2.089598101099853552e-03
2.022646431299012903e-03
2.322836551802407151e-03
2.074570511860062121e-03
2.059148952903674598e-03
2.266989405439957285e-03
2.346470457477418600e-03
2.024373895994903590e-03
2.474970063083360532e-03
2.456664566990160448e-03
2.433201477697583600e-03
2.258227234484463334e-03
2.554692691294161138e-03
2.413716668645355876e-03
2.663619100556635384e-03
2.697435125400176117e-03
1.946777714814647807e-03
2.132214137683781808e-03
2.179784267987692516e-03
2.523336116407923820e-03
2.424660267970818635e-03
2.272943347655993328e-03
2.463129083263057139e-03
2.239686030832379032e-03
2.275862007647986001e-03
2.085882548401032759e-03
2.328164323358149473e-03
1.893512564545952711e-03
2.099666416114654918e-03
2.207389594858469480e-03
2.051965227295474755e-03
2.250488196817644355e-03
2.209240862657876892e-03
2.226449036245292494e-03
2.184261022583907676e-03
2.083009420368357560e-03
2.382392507342556958e-03
2.856638473432412517e-03
3.790159023771967443e-03
2.774523071949201898e-03
4.085612313928977182e-03
2.880470479937042357e-03
3.480562220003817660e-03
5.730586359927763128e-03
7.372243015642489586e-03
7.077131493850369846e-03
1.020693119024805064e-02
1.054381676820342895e-02
6.781860803118620017e-03
4.010672360787141330e-03
5.836985477958026719e-03
6.140298363272679062e-03
6.032998336514139824e-03
1.019014545549705615e-02
2.068716521424947274e-02
8.952347741622661975e-03
6.099225746724438145e-03
6.145916022810393731e-03
5.659566362425621187e-03
5.518892110361231507e-03
6.717815294908372273e-03
1.748881979717579679e-02
1.157008691935758164e-02
6.633805283187677732e-03
3.499401545847235541e-03
3.294015654075082254e-03
3.062437633705601334e-03
2.683234627480759679e-03
2.789797838954499298e-03
2.163459841215568513e-03
2.283004553946843627e-03
2.786570848054562271e-03
2.345286576122330643e-03
2.551402310960868523e-03
2.431911592542342591e-03
2.562435680145782203e-03
2.530214032358081306e-03
2.193738788794477850e-03
2.494616451203739149e-03
2.776456972727815459e-03
2.960158676664929878e-03
3.317817084880032071e-03
3.290703838941180272e-03
4.422441557127954059e-03
3.640839655417033027e-03
3.509051704499431892e-03
3.040231116262520454e-03
3.336905561945957902e-03
3.067087673984218721e-03
2.548162439602577947e-03
2.936678183427417644e-03
2.387361189856232902e-03
2.685929073525850867e-03
2.676218008797034455e-03
2.842302726312833337e-03
2.102649383595291653e-03
2.487908778586316559e-03
2.258635529447231439e-03
2.280479932611404088e-03
1.974965558867160416e-03
2.004213663426591355e-03
1.914641383910813208e-03
1.930282886274213702e-03
2.450513875038727758e-03
2.519298760771598606e-03
2.045409854690916334e-03
2.179899078808660885e-03
2.165389268327118540e-03
2.204945578086686848e-03
1.986850864594532761e-03
2.155813989058787475e-03
2.282966242497823459e-03
2.300060051733577096e-03
2.594836882622423603e-03
2.950416627584666936e-03
2.527480149814170535e-03
2.353630320314581068e-03
3.702368886201775310e-03
5.861586963738262164e-03
3.661296715169719100e-03
5.766712255471989276e-03
4.267476244819535386e-03
5.106910875267659661e-03
8.331756842157032536e-03
1.241826998625667269e-02
9.644579555742495772e-03
8.001815458522165345e-03
6.980368997862810426e-03
2.767425213284470820e-03
3.134399535861393839e-03
3.783422374676742150e-03
3.130251627184128544e-03
2.825220925720102819e-03
4.001604645473860744e-03
4.073446928483101699e-03
3.964056971930953778e-03
1.110063478492140029e-02
1.622034739593736924e-02
1.067621844426552662e-02
6.990252267088398891e-03
6.041873850019830253e-03
4.415632365207807636e-03
6.159932208429478445e-03
3.436803519246054133e-03
2.503531735277938607e-03
2.298226522027138098e-03
2.123728046000316911e-03
2.042049761370343282e-03
2.063769936031331458e-03
2.266377165541642435e-03
2.222449468858794276e-03
2.141444481632575562e-03
2.429121060101965303e-03
2.198636389327946524e-03
2.793969106253351049e-03
2.321360012157418044e-03
2.616725136155412766e-03
2.412168584391031784e-03
2.192282490140767641e-03
2.355946100775510154e-03
2.475504643773277207e-03
3.307160380533960206e-03
3.074062128113516125e-03
3.277834438602887385e-03
3.056295352169417431e-03
2.745123880789197574e-03
2.969919501548713703e-03
2.304494269609002038e-03
1.812595691111725969e-03
2.356986137573748117e-03
2.224607191495600600e-03
2.158323808997279075e-03
2.635473275445271782e-03
3.080384102008277506e-03
3.563537968855603685e-03
3.346415624582046392e-03
8.095320294143349901e-03
1.265269382317490109e-02
2.484900414045448230e-02
1.641206058425261072e-02
1.388746882048198621e-02
1.419808421444259186e-02
1.088201921326442320e-02
1.052350744650344845e-02
6.403158323732236271e-03
6.581324126905533332e-03
4.270034267908661210e-03
5.633882668668801531e-03
3.348491733051929369e-03
2.186842798642027116e-03
2.009780432958905780e-03
2.141942667732986937e-03
2.120247741932998562e-03
2.219401119328098370e-03
1.911331318950948172e-03
1.802924689971417476e-03
1.937698076639085554e-03
1.966063877286975802e-03
1.943319080886300254e-03
1.963336417060001539e-03
2.561123662273396932e-03
2.783884084430094351e-03
2.236282602991581606e-03
2.276981411057751609e-03
2.834538754416168153e-03
2.796919101809268622e-03
2.543276065533401752e-03
2.028429420770166969e-03
2.187986216693462924e-03
1.977454237875633705e-03
1.851777269413688604e-03
1.879835110844935066e-03
1.861121099170223985e-03
1.774737969403166870e-03
1.913657307970177170e-03
2.022564370954688107e-03
1.888101711946843595e-03
1.713209691706892544e-03
1.822705741515715568e-03
1.829635542001823009e-03
2.125800756982845069e-03
1.885128701025126858e-03
1.885229596866378355e-03
1.991714112546969472e-03
3.044118654446572193e-03
5.072978244721814550e-03
4.997990235935311984e-03
3.860121162440322256e-03
3.166753167665123121e-03
3.418631702956156492e-03
2.652576827475774772e-03
2.850201745287172812e-03
2.497300006107504734e-03
2.269736269077073619e-03
2.305479770014822339e-03
1.909883940499204147e-03
1.869503939504883619e-03
1.846462851223508667e-03
2.175019665562914501e-03
2.092136013343460100e-03
2.187920368621300467e-03
1.937443294045384460e-03
2.532930201314407062e-03
3.445192350458478776e-03
3.307050566657072140e-03
3.518934377015930665e-03
4.335249683115818473e-03
3.518065394323066294e-03
5.298404739202644022e-03
3.548799780223928484e-03
3.333512854736671045e-03
3.730572009740677590e-03
4.032632192497887826e-03
4.642624229973051596e-03
6.167378067286887269e-03
5.916159663646857782e-03
5.100140530378707501e-03
4.065702316721342760e-03
3.868491609954369075e-03
3.799560911266757803e-03
3.101389566326357306e-03
3.896021961561384715e-03
2.682763371895123972e-03
2.621187187058169384e-03
2.830722980812290252e-03
2.658686800651978259e-03
2.330631373103097571e-03
2.178030159643642560e-03
2.183448384672502778e-03
1.827741116841635673e-03
1.900619335308113833e-03
1.960116098751183908e-03
2.136741037576930444e-03
2.227584850251447708e-03
2.179227128123688469e-03
3.192597839104519952e-03
2.988929664436707455e-03
3.210865474054204992e-03
6.478136539697442776e-03
1.132724162701653076e-02
6.617643722983655025e-03
3.567281491233338132e-03
3.740572450744658779e-03
5.480585999582629833e-03
5.988352742529378867e-03
4.983387036063593664e-03
7.087047171367642263e-03
4.699199348844516899e-03
2.932192483925127099e-03
2.908983871678233035e-03
2.268281860464270612e-03
2.336187132230159533e-03
3.136346928560074243e-03
2.530604651349435859e-03
2.702952793701947701e-03
2.321917017695993273e-03
1.820026527341843132e-03
1.890823576499216230e-03
1.852634517969181573e-03
1.826889219381942460e-03
2.096057861105729819e-03
2.185292374027964987e-03
1.867148866531117809e-03
1.914749604556843484e-03
2.128341376502686406e-03
1.810849255807190326e-03
1.974040021080341722e-03
2.015600332394061698e-03
2.063520562928667767e-03
2.205209976699884240e-03
1.972429207329275645e-03
2.150203948167706946e-03
2.079192200024438091e-03
2.019572465991098867e-03
2.281010259366444970e-03
2.140758638460255568e-03
1.902374420556310125e-03
2.151913302785257460e-03
2.890706057664791610e-03
2.237740074586497784e-03
2.133458344278727457e-03
2.241560031487050027e-03
3.573473839125297213e-03
3.799713232277112610e-03
3.567582609914361335e-03
4.473768043569572792e-03
9.320250297814821824e-03
6.458050871823522998e-03
6.602217763037905932e-03
9.291118127771648416e-03
1.338977720091274332e-02
7.857600979369253405e-03
6.264407452416945535e-03
6.611925748049169750e-03
6.026855756718404317e-03
4.445920856570307646e-03
4.722501914450256445e-03
3.266871034380135208e-03
4.968845289638300702e-03
3.870578688477349302e-03
2.944893872047655951e-03
2.313652112620842149e-03
2.504409649299934541e-03
2.723930555773141325e-03
2.533377938510435017e-03
1.966592889465856083e-03
2.109634045977679985e-03
1.935735347507793434e-03
2.034977721687341277e-03
1.805962966849178558e-03
1.934254851114999276e-03
2.049890123064030713e-03
1.894902859150548406e-03
1.986520278999928928e-03
2.102918814442990541e-03
2.581628874575419771e-03
2.040011629948386852e-03
2.088942692820021287e-03
1.917143394038847834e-03
2.160143005938997343e-03
1.898264404235910788e-03
1.829569778212782483e-03
2.063280282948990862e-03
1.725320821495965893e-03
1.587501725315358398e-03
2.136018055470652755e-03
2.673982128321161951e-03
2.254476946145439822e-03
1.901226081126634274e-03
2.083063870602038826e-03
2.104503197926295768e-03
2.066749087349844909e-03
1.809636105209547338e-03
1.798237527017569615e-03
1.950738287063991105e-03
1.768790414165138936e-03
1.665403850424112837e-03
2.040817721348863779e-03
2.374737502188665680e-03
2.103224509025191681e-03
1.937709498213308198e-03
2.344941405594890265e-03
3.747654528035918812e-03
3.488940819854554742e-03
5.647860422055673603e-03
1.066793784470207104e-02
9.129194546055506565e-03
1.330919104863479557e-02
1.274936289751439113e-02
9.057346658353669297e-03
7.584006857203149515e-03
6.975075771061580755e-03
3.140030065090380386e-03
2.569561700840095313e-03
2.126830294637229238e-03
1.973411692611284299e-03
2.174110408690941264e-03
2.181273761583419225e-03
2.853452583152925066e-03
2.440108617220278220e-03
1.934297923910471752e-03
2.065221395047348463e-03
2.002768282057132681e-03
1.980367311971019569e-03
2.153872094262499967e-03
2.076500633445608687e-03
1.755639458415247413e-03
1.743737549520260437e-03
2.210106542253820715e-03
1.876006533461313693e-03
2.082843922186268341e-03
1.917645633166010881e-03
2.258823770590254014e-03
1.814071997882475869e-03
1.796213411453372738e-03
1.858358941339328160e-03
1.837134449115768045e-03
2.267108700224251296e-03
1.842779609746783998e-03
1.932187274057221718e-03
2.634711893703848857e-03
2.603785516628346394e-03
2.679405348036460483e-03
3.904263230050890928e-03
2.986477730558887225e-03
6.408040300150201832e-03
1.077432902568199388e-02
6.671559553824890111e-03
5.564017939702708970e-03
5.733365148248377799e-03
5.359161676029245910e-03
3.848822102865206377e-03
3.629546568803905006e-03
3.436039736202156636e-03
2.258182242008942037e-03
2.183905845293039431e-03
2.164605559590349754e-03
2.712423757331582693e-03
3.004573723222948509e-03
2.159409475163566201e-03
1.994072921776223872e-03
2.231520668205225818e-03
2.068829855801011548e-03
1.683169603611473939e-03
2.189157540177981507e-03
2.949749298989541232e-03
3.733729102824291917e-03
3.030183568894446837e-03
4.386708400138443660e-03
3.643376526495550535e-03
2.420746599041370857e-03
2.394357193962479060e-03
2.394730623406682475e-03
2.643979872395139496e-03
4.304328548370137120e-03
1.087148216630286386e-02
1.273115966089142723e-02
4.628814062551031387e-03
5.669520845264990755e-03
4.834191562937482055e-03
5.224423131806872449e-03
6.798187410821932702e-03
5.308901184026789018e-03
3.499334580562344938e-03
4.096121877799370828e-03
3.790059809128612338e-03
3.157568864576082955e-03
2.805149952733392450e-03
2.061845172244241089e-03
2.327217375200963095e-03
2.262755011716576902e-03
3.405780529400074738e-03
3.417531793233577909e-03
3.630112104162139860e-03
4.374846807463406845e-03
2.795139527126427881e-03
2.955478583643108333e-03
3.523606238754005155e-03
3.746943854960845151e-03
2.794369060809004639e-03
3.028232403420628126e-03
2.176156722134891218e-03
3.016612340072645504e-03
2.211305231825390263e-03
3.156798284523703365e-03
2.819610082251832253e-03
2.505959060125364634e-03
1.851148514481657089e-03
1.753769706905109610e-03
1.970668265221154573e-03
1.688058924977630607e-03
1.851951533195347584e-03
1.990144822001508208e-03
1.789814918901210580e-03
1.912994033556037182e-03
2.704426360217822810e-03
2.532575268173610072e-03
1.957609511474919621e-03
2.059413572903080834e-03
3.002983044171485781e-03
3.334326858267185924e-03
2.122918523456247646e-03
2.086750937718268983e-03
2.011403890275542672e-03
2.358778618929289073e-03
2.548556045737534418e-03
2.652638948788619850e-03
2.706099502307139464e-03
3.800334640402571948e-03
3.671731459676408609e-03
3.706281956589780983e-03
4.578919165761135592e-03
3.621066274296554262e-03
5.673774709393741150e-03
6.977481111130242816e-03
7.895834524801848692e-03
3.886321673340332149e-03
6.194274161252812799e-03
6.538147384121084128e-03
6.024696961014827136e-03
6.529523877217649833e-03
9.565810480668072296e-03
6.485287337220328220e-03
6.363058325808468307e-03
7.617577317148010486e-03
6.508963318296782583e-03
9.708474802739007134e-03
7.265090046729491893e-03
4.218264027884216852e-03
4.026085280999586007e-03
4.543109380705634588e-03
2.788762187690638824e-03
2.683986750731607272e-03
2.160843158917081716e-03
1.689319895274604775e-03
1.899226535402640578e-03
2.179447958330694036e-03
1.653855949677901721e-03
1.857125273791440092e-03
1.926099299690532066e-03
2.180122496508650216e-03
1.783072961580295769e-03
1.715233795511774979e-03
2.035181042176108148e-03
1.764880432777480657e-03
1.852934124214564290e-03
2.226218187463943100e-03
2.264343859775298957e-03
1.785226713755266696e-03
1.861609555654148308e-03
2.051252573995293940e-03
2.395430868344767227e-03
2.098963074332090527e-03
1.696945096546896179e-03
1.952455172549625055e-03
1.666239469536830338e-03
1.803542284073025078e-03
2.157976765813840112e-03
2.086552132690593520e-03
3.197751073138728126e-03
3.144398620671437494e-03
2.883210393174929446e-03
3.788904921905200673e-03
4.678510494691244005e-03
3.698312647351163600e-03
6.141167737272750990e-03
5.993947334825367422e-03
1.085715356839726115e-02
9.999699446307869916e-03
5.022505556646715726e-03
5.855498987028302620e-03
3.996892347235694344e-03
4.356227886869801398e-03
3.331978165379194043e-03
2.409557042018741456e-03
3.247301536863562467e-03
3.478110834421866641e-03
2.850398948949620353e-03
3.835069957751052489e-03
5.634847809649070130e-03
4.899002925764580837e-03
3.812513712621567671e-03
2.857815990417986000e-03
2.029900277845348138e-03
2.101621790905522195e-03
2.004415560560695361e-03
1.876373239148871469e-03
2.028609225133760387e-03
2.281756029651007146e-03
2.056377607271879342e-03
2.207317039122594794e-03
2.891694367131783083e-03
2.844360358380822618e-03
2.925229491010488889e-03
2.816532443038408107e-03
2.880402608348616063e-03
4.480410228741772694e-03
7.172225335763240082e-03
9.353146166824572935e-03
1.173072968438986299e-02
6.322799770613656695e-03
3.702485907574497477e-03
4.009329114924331181e-03
3.501756177371677641e-03
2.999458077411667773e-03
2.656223593450504974e-03
3.081559915762591400e-03
2.861532473468621045e-03
2.380810458769037213e-03
2.690022686673565477e-03
1.775376475113771410e-03
2.520852847575176352e-03
2.138506635353646951e-03
2.246705079273602322e-03
2.245068514195126385e-03
2.304626196816136462e-03
1.870874495161841235e-03
2.380880932285784311e-03
2.066084400533618141e-03
1.664874730087037699e-03
1.833893984468702157e-03
1.806994126977082846e-03
1.640829101543861976e-03
1.681440506518446735e-03
1.988000739015928931e-03
2.194446157471452181e-03
1.721275455524026244e-03
1.947036247875236041e-03
1.826034843875351359e-03
1.966255422519312158e-03
1.819202389393092872e-03
1.910969625305168314e-03
1.644108331019125116e-03
2.024002724061627501e-03
1.946290173547082347e-03
2.016758603299093847e-03
2.265432936674745962e-03
2.001373002835451359e-03
2.444961808952091347e-03
3.000821013842436616e-03
2.867033655069098960e-03
2.181543247255137135e-03
2.469931158951596539e-03
1.847657960213785816e-03
1.840774659122989577e-03
1.625391829222740721e-03
1.743754394030249755e-03
1.937867626346271742e-03
2.898647731528594066e-03
2.288164268631136516e-03
2.729985110436939852e-03
2.753353718275157718e-03
2.066212694960887445e-03
1.651878623402343706e-03
1.865923526940643264e-03
3.168995244777806069e-03
3.209802930404792153e-03
3.238584916023575216e-03
2.660600632878359906e-03
2.781860269641318103e-03
2.512871329410404191e-03
2.722927225672402626e-03
2.644026760645695577e-03
4.688281570407322810e-03
8.044072418711221278e-03
1.486441127026748819e-02
7.385514255867923344e-03
6.428475601734027524e-03
8.605165827079156587e-03
6.704191363958736383e-03
3.758272890581765453e-03
5.415815064364519829e-03
5.682376710242060744e-03
6.699906248203940304e-03
5.367651282742530970e-03
4.385173041631986943e-03
2.693711026349640894e-03
2.899223161930970620e-03
4.565648967629070028e-03
2.838098959314337873e-03
3.363940276473253738e-03
3.274364362127359877e-03
2.574799696733801307e-03
2.088536973661200922e-03
2.152944140507150571e-03
2.504195984091832621e-03
2.446171249674677656e-03
2.205400252638739511e-03
1.666140838950158458e-03
2.118488366515668044e-03
2.114241801940047998e-03
1.853723646633674170e-03
2.145908236424055437e-03
2.638619916737287678e-03
1.898957021617956936e-03
1.685488772949907382e-03
2.322655087369757988e-03
2.135650241820411573e-03
2.285597585956599103e-03
2.801373957319370275e-03
3.664669854751359274e-03
3.227859626625921314e-03
3.260588285826343958e-03
3.333632043672628883e-03
3.047415486968416912e-03
4.598203871031155548e-03
4.946144198130399648e-03
2.871753909225481689e-03
2.551835512602619333e-03
2.589214072959730543e-03
2.159443190330608518e-03
