1.242837977661457760e+00
1.537692276935231472e+00
1.695619307372986384e+00
1.754001950455781333e+00
1.666648045287290270e+00
1.719312236482403167e+00
1.537297425460050215e+00
2.124829280408071508e+00
3.611647193444668780e+00
8.704899368009636262e+00
1.615041601230152324e+01
1.573804168076092580e+01
1.531782029359484021e+01
1.452880228285242126e+01
1.341923518138493954e+01
1.275136786536308087e+01
1.036434225560961053e+01
1.081918211884635284e+01
1.041862744917030348e+01
7.573976691653897753e+00
7.227328392389547496e+00
7.687177430170891057e+00
6.655455050665443295e+00
6.263924146363546441e+00
6.488498364421007025e+00
7.475365227946763724e+00
7.556650455704073899e+00
6.945765523150047471e+00
8.185815892728134813e+00
6.561964373899377811e+00
7.181900799736103735e+00
6.425134048057799419e+00
6.726964562767820510e+00
6.470984933024491070e+00
6.542655022982454938e+00
6.372376315328178720e+00
6.233875811614398188e+00
5.732216469111477863e+00
6.066492461027745975e+00
5.901508078082196462e+00
5.421041594034313071e+00
5.344360466250013708e+00
4.892203730629586467e+00
5.096124826680947351e+00
4.832048847541372538e+00
4.614681746995079159e+00
4.545695899900048076e+00
4.120483944498270823e+00
3.971520859070826415e+00
4.007656666283557101e+00
3.623118649209356779e+00
3.646346198472268263e+00
3.612975897301344386e+00
3.389861922724004994e+00
3.322474813206839350e+00
3.099420009333369030e+00
3.098274399603184737e+00
3.000768129763335956e+00
3.067560834944729198e+00
2.861706647055021868e+00
2.770004673315881405e+00
2.670436587166936881e+00
2.617248856642843347e+00
2.540742774056086617e+00
2.518234215126705422e+00
2.494265033728076730e+00
2.369259992623485189e+00
2.286681079862418642e+00
2.148215393303403609e+00
2.224874116817550540e+00
2.215432257648070724e+00
2.196079988269227901e+00
2.004285547954461677e+00
2.011344264459619335e+00
2.015847426345073856e+00
1.989373464374660561e+00
1.793334048708651318e+00
1.740555198930817005e+00
1.712074987870606302e+00
1.737588474006755090e+00
1.659052136124590904e+00
1.565268027428339481e+00
1.574596455427061725e+00
1.523806399108873499e+00
1.572138494269208042e+00
1.659441419357464476e+00
1.548890649959747456e+00
1.413386293780846126e+00
1.612005317559887629e+00
1.403738499248053051e+00
1.311335065924660537e+00
1.370129938996448526e+00
1.369415155881685831e+00
1.331036357539627124e+00
1.291186110732017278e+00
1.216404338075536051e+00
1.234161523598980237e+00
1.149177083456538018e+00
1.160494612887854604e+00
1.220020095148041106e+00
1.114348814519240616e+00
1.139890124382850978e+00
1.266036385501224437e+00
1.043759840717428000e+00
1.101769758782751296e+00
1.200434646113337056e+00
9.629309496273628088e-01
9.772448688874176836e-01
9.247066116573408046e-01
9.223842177214727212e-01
9.801000755697473199e-01
8.604052299517499502e-01
8.905988601938344962e-01
8.231941496001233816e-01
8.386307499911842545e-01
7.738540879616576662e-01
7.704222323791735105e-01
7.459779900436795952e-01
7.123032333676250216e-01
7.147334922924113432e-01
7.431234068844698726e-01
6.765331895665884776e-01
7.254899358518644981e-01
6.862907019130356501e-01
6.404472242266268101e-01
6.378434697063644077e-01
6.099427695957928552e-01
5.646433949819930076e-01
5.853806621487165351e-01
5.317231843235856736e-01
6.114667663729492775e-01
5.112132157230779850e-01
5.312354055468390124e-01
5.022735296109646086e-01
4.748849751015793430e-01
4.861170239719655450e-01
4.609873580742246402e-01
4.490776476561957886e-01
4.381490119198547806e-01
4.439559614261279208e-01
4.202733727552376286e-01
4.052641556932998768e-01
4.568058773516491811e-01
3.751318081709351659e-01
3.828306271078899536e-01
3.662905698976280378e-01
3.721632591605300022e-01
3.460868294097880216e-01
3.433527160163957204e-01
3.332088545641080923e-01
3.321090192841733568e-01
3.120567678934643707e-01
3.230920825541482300e-01
3.001971234894939555e-01
2.828190480589954370e-01
2.611488755524345451e-01
2.790778230100839918e-01
2.697258193995115128e-01
2.577316272614879056e-01
2.506242784413937330e-01
2.557680357593504761e-01
2.453944525484539341e-01
2.514210896361772640e-01
2.440041966126373640e-01
2.220274816030862464e-01
2.185280430748748060e-01
2.238275050590229076e-01
2.115485944261686069e-01
2.555928207256760176e-01
1.910140299093929239e-01
1.987821290253579953e-01
1.996669560390340326e-01
1.823062212654529834e-01
1.861726685880765730e-01
1.750019636063012141e-01
1.773160860155333363e-01
1.603845933331667917e-01
1.688882576342610187e-01
1.497397508921839426e-01
1.503105487616158142e-01
1.738388971486088119e-01
1.579821844972111589e-01
1.482858919763009320e-01
1.406664905266650778e-01
1.354806050628633851e-01
1.435483956927771365e-01
1.303661668837971799e-01
1.444049246996785552e-01
1.248462325436671405e-01
1.259861168149794264e-01
1.282764885105270036e-01
1.157687877852602160e-01
1.184242416083523264e-01
1.196200660304905933e-01
1.165646110360820942e-01
1.072626708649665750e-01
1.086406432457053123e-01
1.073981485842148836e-01
1.353463582327000259e-01
1.118968064381373195e-01
9.633868809512130538e-02
8.527990145731433047e-02
9.727005746545612508e-02
9.064666319734995814e-02
8.896165578688004782e-02
9.013948627385176549e-02
8.352254966419317417e-02
8.271032601079128521e-02
8.007159078801416585e-02
8.135803818416821598e-02
8.061028281777836424e-02
7.347946890747582283e-02
7.396725221707277365e-02
7.197971239244643771e-02
8.013623861236332524e-02
5.989402739225117150e-02
7.711802359409261620e-02
7.046557954871611462e-02
6.520436372108527612e-02
7.252643274550527042e-02
6.233083807362326673e-02
6.118734017586309470e-02
6.247786167539919749e-02
6.202016673834453292e-02
6.619926039195488110e-02
6.344851688136438073e-02
5.898760589808220434e-02
5.217524080156017707e-02
5.639224619211753026e-02
5.667253955701275631e-02
5.755868378588206713e-02
5.442609616492810609e-02
5.501006064470212453e-02
4.859563583242874907e-02
5.323696958763584480e-02
4.766824849382504670e-02
4.741590941088358324e-02
4.826422328670808976e-02
4.771351844467308645e-02
4.649440900349218614e-02
4.826477730064886867e-02
4.298018403200328658e-02
4.940809287260227584e-02
4.336384257543594856e-02
4.645483480871970966e-02
4.160826787313188363e-02
4.081223603444038978e-02
4.407785347355181599e-02
4.555105258898338449e-02
3.939419540116499002e-02
3.918145631140480811e-02
3.839222182741307277e-02
4.263794042672548745e-02
3.601360894706532451e-02
3.501356285562113452e-02
3.371738818859247588e-02
4.286226261331501503e-02
3.761469145298770161e-02
3.069755471280264866e-02
3.291880852944233105e-02
4.385585840511564693e-02
3.583133342099498880e-02
3.656206082047112893e-02
3.242916203191111013e-02
3.261573277615919392e-02
2.929609067688952392e-02
3.249001618651649326e-02
2.715848068009510743e-02
3.077392848533833797e-02
2.642431908267769275e-02
3.015940966782010291e-02
2.942788080394843908e-02
2.703925590219459843e-02
3.109344774193967612e-02
2.763424462547102445e-02
3.330557386608917758e-02
3.000588259843346706e-02
2.633040029609935023e-02
3.123623593440104373e-02
2.748013818170676192e-02
2.532390718817492323e-02
2.413248638824091671e-02
2.752957044972081935e-02
3.030339301207975872e-02
2.769017612969932110e-02
2.806829305694114388e-02
2.817127508588159260e-02
2.361062216539875497e-02
2.502268175535044339e-02
2.397489807303216161e-02
2.423592166116578239e-02
2.318558295664512742e-02
2.343863846924476232e-02
2.397843656099363577e-02
2.485372969858275563e-02
2.980532503770166181e-02
2.329484573735221900e-02
2.663575197626899538e-02
2.400143842657627771e-02
2.368005040051729751e-02
2.034286844740854777e-02
2.261657246258205051e-02
2.282115362111706083e-02
2.134682314097402500e-02
2.150018702602603249e-02
2.087990134911994755e-02
1.974229295524292799e-02
2.280739672230067475e-02
2.181070936070565042e-02
2.171445049369829378e-02
2.147153255461032098e-02
2.040172379199106309e-02
2.167921248492345881e-02
2.006597839032744565e-02
2.114592102555452185e-02
1.831769801240151069e-02
2.074644128163291926e-02
2.129243947902282469e-02
2.072329467929911670e-02
2.213015112110042551e-02
1.953786078450051727e-02
2.255869947362703840e-02
2.154267230816485010e-02
2.037474316996242332e-02
2.061902290309403779e-02
1.989631677376224594e-02
1.966209013503972605e-02
1.834721330383677629e-02
1.897226934048982724e-02
2.081620048643079146e-02
1.735474458900592223e-02
1.667113368698788095e-02
1.723520805141489851e-02
1.679419575709288973e-02
2.045382505168259063e-02
1.877251751357865428e-02
1.761635446815517508e-02
1.777722468139683251e-02
1.688970577521171912e-02
2.017262017468046328e-02
1.703393146501986505e-02
1.732100125742366825e-02
1.977240317930125529e-02
1.775293299357687260e-02
1.592859191601599111e-02
1.624979627263314214e-02
1.755946436733899288e-02
1.919441862342538552e-02
1.689407551230186211e-02
1.639501883977715138e-02
1.786504530441376110e-02
1.403089295426472247e-02
1.498949375549044234e-02
1.571419772631752268e-02
1.837759460822759733e-02
1.529559188771307740e-02
1.526831564874631987e-02
1.542588604742014743e-02
1.624016066670145794e-02
1.461142599410357630e-02
1.789933738726384727e-02
1.534098541115222307e-02
1.515695507136060813e-02
1.809314872468509652e-02
1.491067853649964171e-02
1.663218123859276643e-02
1.636869490008318467e-02
1.529340540136870513e-02
1.541009520611276787e-02
1.788112026822417933e-02
1.627731034965691423e-02
1.702694636922932186e-02
1.577627637891665380e-02
1.611792214734551754e-02
1.523522114749207776e-02
1.345021275385922983e-02
1.442483226326097753e-02
1.214134667535157926e-02
1.337534832297636485e-02
1.433206605202106201e-02
1.375084239128947748e-02
1.322127906262005742e-02
1.422085532339441814e-02
1.381420290487371701e-02
1.310710074735134921e-02
1.436676933721703180e-02
1.355169708717891136e-02
1.179514014328522480e-02
1.390980966379233401e-02
1.110579698388325549e-02
1.372743328870360685e-02
1.251185302625838942e-02
1.332351970628960908e-02
1.339884844012376001e-02
1.268219429714881677e-02
1.149419658936765183e-02
1.109191030652665472e-02
1.294474972329574120e-02
1.323840324932380567e-02
1.323439491219560726e-02
1.305959593857831599e-02
1.257422957779065834e-02
1.553828559135707506e-02
1.479328355800725928e-02
1.798744509915862697e-02
1.651033662246721018e-02
1.688140288357874857e-02
1.629850765298217902e-02
1.473566101232039356e-02
1.218502039669114474e-02
1.395365396069509108e-02
1.235966994131767159e-02
1.239496458830124589e-02
1.343416406669164197e-02
1.336464208375320872e-02
1.221883518918762818e-02
1.389899604038850184e-02
1.210972415150792479e-02
1.261910366537629183e-02
1.179568658268090320e-02
1.216215377614595847e-02
1.526386235803945529e-02
1.260138253624034331e-02
1.405523962354291931e-02
1.212967607123751831e-02
1.165422486112121202e-02
1.297228694791434031e-02
1.129645199426365307e-02
1.402374968938446646e-02
1.478456615646065939e-02
1.777322312996274661e-02
1.507147532245412327e-02
1.464742789166749611e-02
1.464415472591162025e-02
1.580475035458370897e-02
1.239966835734507625e-02
1.199276923856992111e-02
1.436933329318871785e-02
1.406835112221099977e-02
1.298659963853675964e-02
1.896308811684690662e-02
1.626985265686237137e-02
1.762490338238052040e-02
2.434925393765328266e-02
1.596930940051980927e-02
1.365759544025552108e-02
1.417554954991747176e-02
1.016307494430465988e-02
1.133042823896588877e-02
1.129919681671018306e-02
1.240348879812022513e-02
1.069587228057689715e-02
1.159669809964985164e-02
9.794951294183383908e-03
1.001711949618788039e-02
1.375316806870442027e-02
9.760754583830189013e-03
1.013904083353316631e-02
8.213454237480204145e-03
1.075179645844708508e-02
1.331731372092278230e-02
1.029297933328625174e-02
1.105468659398367581e-02
9.856361840400630278e-03
1.065946683226427251e-02
1.146789328665599218e-02
9.848871410534474832e-03
1.057809277162574842e-02
1.414267386573747967e-02
1.168428420693888754e-02
9.556556104497671705e-03
1.090539205078771764e-02
9.063963005471971368e-03
8.557166875329416320e-03
9.569600825989222487e-03
9.420790540672007232e-03
8.821399737130173474e-03
9.170332979852386518e-03
9.871835093488833673e-03
1.074075737693534587e-02
1.063263238234045220e-02
8.867079925959874681e-03
1.014716324414672438e-02
1.007651146258508809e-02
8.259217028519720560e-03
1.477234542656291963e-02
1.181787663939534022e-02
9.972053704061890206e-03
1.018875311797079117e-02
8.936352324848064951e-03
9.316964525043557738e-03
9.020967434245009270e-03
8.120508073528397153e-03
1.305105852418125996e-02
1.040963786318673326e-02
9.221427012939924228e-03
8.482787116713375389e-03
8.309481314591150511e-03
9.009573874690151793e-03
8.912190834298254136e-03
8.324982311227373602e-03
7.979678180497605175e-03
8.232577369120685010e-03
9.034831799845200601e-03
8.951262685392473439e-03
8.249722936890137651e-03
8.748348174065397054e-03
9.383896495243794836e-03
1.107223377667624839e-02
1.010462278410436364e-02
9.955785874320640175e-03
1.045349286639245950e-02
1.194487262313726275e-02
1.047793856577331623e-02
1.010967448636167568e-02
9.350861500532164569e-03
8.365255960410851802e-03
1.083608649058032114e-02
8.955123089254616447e-03
1.006799271817876082e-02
7.687509030649289886e-03
8.668198300941520190e-03
8.152320059829550394e-03
7.841466478746365529e-03
1.014012122745501683e-02
9.070152334303201169e-03
7.891391534801530522e-03
8.772932167584955240e-03
7.144637728486891159e-03
8.774810951301552364e-03
8.921585280735631895e-03
9.135908543562901163e-03
9.045006030637195438e-03
9.081686460376369244e-03
8.472921761891488712e-03
9.727408637160954094e-03
8.339480411065403748e-03
8.799874250566153827e-03
7.808929059951238462e-03
7.799575404143290445e-03
9.245923862061493012e-03
7.785780049745420414e-03
9.479340542208228998e-03
1.162654607484174193e-02
9.619862908186092160e-03
1.473893346865678793e-02
1.326121973163869351e-02
8.628985205076770276e-03
8.108616628382737251e-03
1.133007717389642940e-02
1.211080145458270051e-02
1.262645929309345535e-02
1.621479032070839363e-02
1.078502566504630118e-02
7.949485042814513278e-03
9.717492759518477075e-03
8.392450363801273044e-03
8.692648669298502773e-03
9.645157944505334743e-03
7.998942951515104760e-03
8.661681236694614497e-03
8.843685367705028319e-03
9.762688441777208834e-03
1.066280122778318074e-02
1.023135261660342368e-02
1.107322275719163814e-02
1.093499917734276107e-02
8.188790802958102397e-03
7.601651137756931798e-03
8.310801034260264369e-03
7.021767155564685205e-03
9.037444458279886642e-03
7.944869672477464576e-03
8.237323803331888378e-03
9.193440705218176162e-03
7.643867503043884695e-03
9.114735796027924677e-03
7.544044512924512509e-03
8.226382843671420017e-03
8.310790966808923041e-03
7.681763803057637188e-03
8.699607589315672476e-03
7.812382772627171970e-03
7.345464633286167763e-03
7.928758799933512819e-03
9.658324379516306651e-03
7.992234113654085245e-03
8.700354485464788581e-03
7.967496716652705188e-03
8.481015907235479184e-03
8.374717017842901040e-03
7.021126360010288871e-03
8.676776252282797711e-03
8.075163257632187938e-03
9.621617090821633911e-03
8.185391949634295006e-03
7.972437568990686785e-03
7.526766934037886804e-03
7.768489055654453218e-03
7.348053761436796651e-03
7.887076848330837678e-03
7.793313730189936790e-03
8.562098138839662614e-03
7.110166191935237030e-03
7.341122334320288739e-03
8.199767886123796035e-03
7.329322577001283652e-03
8.082361950329703532e-03
6.795516753472389225e-03
8.045532830729661480e-03
8.611720178875122839e-03
7.864826660292744201e-03
6.986585178227523903e-03
8.422046615357066390e-03
7.223462938598794111e-03
1.036131598363583019e-02
7.943460712695700476e-03
9.281292853736484300e-03
7.315446266765927678e-03
7.568292344911575764e-03
7.630190974431240794e-03
7.769902393044318852e-03
7.197092650518654988e-03
7.108509682259367760e-03
8.408263076577628808e-03
7.496587608848012674e-03
6.025436540881259385e-03
7.274112656379737134e-03
1.011520051939605348e-02
6.892818617824259843e-03
6.284801791393889239e-03
6.164087649353640688e-03
7.759268266445478249e-03
9.166701355233227572e-03
9.621998972302588798e-03
7.637502880415238983e-03
9.070192703126627592e-03
9.539721536442861624e-03
7.812418018662563475e-03
9.294893207473179514e-03
8.175972556674767147e-03
8.208783391515496117e-03
1.010064851317500970e-02
8.257456299546482928e-03
7.952022110103285427e-03
6.990008296790754111e-03
7.068728464863423613e-03
5.890552485705348625e-03
7.513637282734922374e-03
7.729332120668424254e-03
6.775765582056204016e-03
8.342820805269822101e-03
6.709033236728308494e-03
7.409761105759448026e-03
7.273071289565619622e-03
6.511275409583706757e-03
6.181356516194095110e-03
6.241679320089126189e-03
6.200845812134100389e-03
6.489656526096487452e-03
6.080975786218486764e-03
6.477460145982289613e-03
6.001935077864132585e-03
8.169540126119659296e-03
6.471933859078330201e-03
6.814293115687763969e-03
6.518878702754382984e-03
5.682541482261692541e-03
6.562007996152011483e-03
7.053356281132782193e-03
7.050065860622757412e-03
6.795331844943046894e-03
8.778818310808938347e-03
9.945667018899918138e-03
1.335851402239338070e-02
8.475221152929545559e-03
7.328817608960116331e-03
6.439070443317062610e-03
8.013171523773392202e-03
7.263160069203389822e-03
6.610807639045956571e-03
7.477147072986237673e-03
6.612671898210803999e-03
5.784997750724944071e-03
6.683878991841635600e-03
8.387734373790046646e-03
6.196410051128279847e-03
8.173834827261965141e-03
7.398801685806954617e-03
6.573399033622283512e-03
6.086568374275097559e-03
6.811900108943497525e-03
7.198180391893586362e-03
6.300013439964992530e-03
5.853785910919747856e-03
6.308874932797221315e-03
6.025364750946483015e-03
6.944943135043803693e-03
7.156635999692035482e-03
6.563555894657322615e-03
6.262561605541033805e-03
7.484165508148682942e-03
5.894485115674516496e-03
6.972112736205609423e-03
6.612581071310673700e-03
6.416387814461989129e-03
8.504799753780812460e-03
7.077751595303368413e-03
6.850221561324288354e-03
6.979579320848632897e-03
5.537598690873801223e-03
6.970616923589989002e-03
6.681581921914868036e-03
7.151391873866546831e-03
5.905841707832830759e-03
6.012696717278826278e-03
5.983863788028421019e-03
5.367487132940001668e-03
7.119010450597319274e-03
8.258742566392534776e-03
6.655597512086756755e-03
7.805793955000138104e-03
5.849552131234157272e-03
5.775148584782307561e-03
6.648098395425193312e-03
7.309142022214665246e-03
7.125297517036826601e-03
7.067221601178296647e-03
5.615821593146227454e-03
6.747401073424277168e-03
1.002723252839585882e-02
7.133198113780082027e-03
7.919112315017193607e-03
7.757530690389946061e-03
9.528348654281985214e-03
6.418715713586670840e-03
6.134263220021265138e-03
7.814347108606853679e-03
5.812917284087767977e-03
7.079180790474513991e-03
6.951875965364623031e-03
6.823451581544895048e-03
6.274469973245281641e-03
6.926681367519962017e-03
5.016243977205828500e-03
5.580023723301697977e-03
6.588693564857300324e-03
6.755579402739390719e-03
5.289706631787593517e-03
5.780854469892828841e-03
6.458015509105760263e-03
7.933641400423374970e-03
6.124258995157589626e-03
6.116932507098628118e-03
7.015754875126436509e-03
5.158878904627498332e-03
8.122268390240364525e-03
6.226969615258810646e-03
5.574702259153021047e-03
6.141856993786277454e-03
8.422709858295258228e-03
6.962823216561105782e-03
6.921505788415466265e-03
7.221604637721899117e-03
6.927918597063650180e-03
7.670565864160723731e-03
7.737240887012787269e-03
7.081425652798155508e-03
7.798710774796257031e-03
5.644509210292330235e-03
7.969867413908593434e-03
7.010356954349539205e-03
9.629487274913377595e-03
6.766173230740021166e-03
6.687106102798095510e-03
6.504820865242981129e-03
7.233071780586797228e-03
6.779381950519408964e-03
7.262286890614857646e-03
7.440926769760882256e-03
6.735545760779105412e-03
6.287733496127262747e-03
5.450968918184954763e-03
7.083475994596096122e-03
6.671305192002544709e-03
5.874173950626246886e-03
6.097171383691862324e-03
6.156870939014156413e-03
5.720121049327283463e-03
5.510433783184427378e-03
6.112231991419681681e-03
5.616624392180993158e-03
5.855304092268887386e-03
6.826024383118641826e-03
5.797185207599566716e-03
6.267737938242961410e-03
5.213023168241701609e-03
6.577017726335467572e-03
6.194793448279627482e-03
6.915670527734544930e-03
4.773755367032204294e-03
5.767475751653748130e-03
6.889535871492445500e-03
5.829949749343950674e-03
5.092619318138934086e-03
5.667757011313286943e-03
5.681774895780307248e-03
5.251153504625058477e-03
6.558067786774936757e-03
6.398684148287805615e-03
5.725657548201618097e-03
5.953934949529772654e-03
5.941252482973128669e-03
6.245129090174488841e-03
7.040044869028470355e-03
5.577335227542584706e-03
6.017866452043014319e-03
5.814287479528653345e-03
5.462608466098286576e-03
7.006791184202717376e-03
5.082643015190600050e-03
5.535940031288891228e-03
6.853868824479887080e-03
6.020860282883392332e-03
6.008122734601179654e-03
6.821077464183296010e-03
6.942056460740793876e-03
7.350748606109621525e-03
7.132447648895678602e-03
6.329965189840622286e-03
6.781255723933204103e-03
5.254045198522695401e-03
6.238622239074195427e-03
6.719980814823616096e-03
7.127058587593385758e-03
6.289110644597806221e-03
7.227887107142826409e-03
5.356899943045306811e-03
6.009840197453480450e-03
6.158285385315648633e-03
6.379754074069970277e-03
6.691916150500438511e-03
6.526420589011207654e-03
5.439924279643322015e-03
6.112629548091872735e-03
5.958572121190900718e-03
6.190367504271567650e-03
6.295945728398256482e-03
5.353760922684722839e-03
6.926261000422971083e-03
1.184431502037494761e-02
9.501347864044780434e-03
6.426352284566811714e-03
9.406070001713128653e-03
7.077225874618889821e-03
6.857013365640141772e-03
5.669932969542800134e-03
1.063864191835147376e-02
9.439284499867601347e-03
8.928206551829827656e-03
1.089758178096626555e-02
7.669325037317565111e-03
9.435631879762332308e-03
6.441426004527415865e-03
5.976734394475051622e-03
5.651281733128788766e-03
6.143852598451026575e-03
5.606666336029266645e-03
4.913392454570185246e-03
5.901748393073502630e-03
8.171289437857737897e-03
5.229819791018170370e-03
5.438868662690772397e-03
4.591392209428240070e-03
5.530502453606450652e-03
4.755199124287939200e-03
4.835893914722917165e-03
5.935845386631975057e-03
4.679944262818236042e-03
8.167228154806574145e-03
5.043460864680679966e-03
5.253305730194382170e-03
4.303192896020968314e-03
3.865910317064798207e-03
4.869083643492394531e-03
5.589925187233026754e-03
6.105011901755739122e-03
5.798193012036725012e-03
6.531891464969324067e-03
5.533838885686291793e-03
5.768717892018630430e-03
4.699571370723366545e-03
4.916291322431765899e-03
4.861854441217974138e-03
5.626134226506667238e-03
4.821815297918185042e-03
4.864993992801209047e-03
8.920449554935375863e-03
5.202640537549917468e-03
4.973106493566910140e-03
5.301397707108182131e-03
5.656970368163300941e-03
4.901074530131293086e-03
4.766913844908061276e-03
4.903748455213042916e-03
4.350362431070604538e-03
4.790877034042892446e-03
5.477732611119285298e-03
5.678233263803311205e-03
5.442269967087465243e-03
6.657511507121844155e-03
5.505061889650965205e-03
5.931126241277049661e-03
4.579902588158019094e-03
4.789472963356231072e-03
4.808575542260315472e-03
5.339378118169830351e-03
4.614828700767545193e-03
4.887198588063563706e-03
4.742143152955336644e-03
4.548280441981710810e-03
6.270831661897973211e-03
5.333923074076683986e-03
5.911652286620874483e-03
6.611793547745681635e-03
5.611352390280927374e-03
7.293944058447570690e-03
6.972380169370586377e-03
4.881816663763719963e-03
6.489949304955962457e-03
6.872895079272943637e-03
5.841986687932911558e-03
5.971404536825957420e-03
6.252189427643027771e-03
5.956482506362026016e-03
5.863793847268922513e-03
6.152221963742359606e-03
4.838208695415419786e-03
4.558191122932263827e-03
4.876131884780574889e-03
5.643126924108409631e-03
5.081585066935821043e-03
5.882012748724608185e-03
5.265147078239534179e-03
6.540221860741175959e-03
5.993243964648267176e-03
5.568631766291927583e-03
5.706605958551581002e-03
5.491498713079097545e-03
5.249690728904934239e-03
5.224228415315747102e-03
6.212288616593480105e-03
6.713952413392587117e-03
8.126003028235380746e-03
9.896442607090754490e-03
6.848490177397994344e-03
8.578111580517390478e-03
8.060654296474619590e-03
7.015539973760091981e-03
7.331726942068781706e-03
7.474814922204375128e-03
6.294519290784451361e-03
6.737030587115931148e-03
7.227926455838255999e-03
5.349546266449716619e-03
4.450192208916584069e-03
5.060861819918614606e-03
4.794120956659945511e-03
5.474157513803220784e-03
5.271667047172051701e-03
5.268035469480557634e-03
5.373901974108173836e-03
6.051115171307997441e-03
4.775318211039780020e-03
4.483930757208771066e-03
5.431396063923591908e-03
5.788094230177959730e-03
4.341671793463723616e-03
4.993059089660142370e-03
4.935909321611499194e-03
4.764352328188821949e-03
5.897525659634742477e-03
5.763736878158473229e-03
4.934037246909817737e-03
4.622167714003406688e-03
4.829243004926294172e-03
5.437523361702111500e-03
4.715410138546524688e-03
4.443684791444432389e-03
4.722327746002461316e-03
4.415269623617172103e-03
4.708648835601157018e-03
5.788834212046424336e-03
5.333775768959501777e-03
4.588582785780227248e-03
4.475392477271262354e-03
4.193800069117668318e-03
4.273845571650703411e-03
4.973609014576897344e-03
6.527376044239210917e-03
6.213802061046417961e-03
6.537828773023705679e-03
6.941222678346159990e-03
8.745820190285248999e-03
6.130010448141699070e-03
6.308736743980741281e-03
6.216360138893110322e-03
6.437887526729668339e-03
5.048907502676950459e-03
5.688369819423614443e-03
5.267872698173948175e-03
4.819889219008366074e-03
4.678842842514096580e-03
5.890756714182173066e-03
4.245100409489824776e-03
4.808237626303086577e-03
5.465092845805531035e-03
4.204834305195978908e-03
5.147905639158908454e-03
4.880753736664824455e-03
4.292900181204630829e-03
4.486516919654148262e-03
4.846022344391133843e-03
4.299891709694097022e-03
4.437147039846164355e-03
5.115575565664835962e-03
4.781355403113859287e-03
4.500076084181881507e-03
5.132479457954723309e-03
7.557374095124700167e-03
4.756056333689364160e-03
8.067785456563777297e-03
9.094183125590828143e-03
9.685282262655069488e-03
9.719793979442926946e-03
9.461918461536048680e-03
5.849141048717059442e-03
7.793148742270799255e-03
7.355122179684181125e-03
6.378297890330199976e-03
7.536782426112150456e-03
7.523591890777055029e-03
5.802932471379123464e-03
5.507708247637489556e-03
5.240051907530293013e-03
5.596099986165235622e-03
6.346492849430908009e-03
6.709181085325728947e-03
5.018568319378405827e-03
4.613024627752233299e-03
4.161279721705431894e-03
4.890543650246718249e-03
4.440039275776325178e-03
4.515970053977121611e-03
4.942416356829995930e-03
4.677488156821928318e-03
4.325988524241677208e-03
4.115663487655755494e-03
3.840575423298690522e-03
3.777998149819339086e-03
4.718619632722500547e-03
4.562081836120813159e-03
3.651540117763323393e-03
4.092588130508503612e-03
3.824421608408202881e-03
4.380082850000339631e-03
5.387948217968041228e-03
4.689034136385192980e-03
5.180415863345186854e-03
4.451499963804833072e-03
4.283275418141849721e-03
4.375939391322520959e-03
4.549270000563581523e-03
7.397587606347664525e-03
5.381532811054788937e-03
4.038584235999444390e-03
5.532259763882069886e-03
5.524068184712739929e-03
6.238767086454787870e-03
6.616130772328148064e-03
4.958789713754838992e-03
5.136221477090438178e-03
6.168143333176286970e-03
4.788371836931192352e-03
5.232566642262399641e-03
4.613301665878395165e-03
4.770910693121002168e-03
4.422600608145987183e-03
5.224876019746170670e-03
4.437012784042290887e-03
4.790304121938395582e-03
4.378192864597875433e-03
4.807683361392242616e-03
5.375999965704995366e-03
4.402403664822346525e-03
4.876142628208476534e-03
4.206192629708302086e-03
4.334844820200812673e-03
4.543397245140242541e-03
4.796490653047767380e-03
5.038353135708518830e-03
4.916365234340410589e-03
4.747456245828543010e-03
5.021588131847476086e-03
4.593305353579555175e-03
4.686157966322280696e-03
5.163873691012559920e-03
5.300998846969703915e-03
4.547014804713558206e-03
4.351944841824027105e-03
4.992524986977022600e-03
5.241521275621379740e-03
6.151964071994715094e-03
5.820729476007677899e-03
5.670308045030233654e-03
6.963121155735242478e-03
5.838365660457599075e-03
5.824482997471633686e-03
4.919662930336993201e-03
4.125486745664644871e-03
5.452311614819118843e-03
4.865992680024281217e-03
3.856868830317711997e-03
4.599508199469844703e-03
4.075643132760533791e-03
3.683823986329139155e-03
4.773835804482911421e-03
4.071813106779598700e-03
4.111828857491546182e-03
5.577894232752409268e-03
3.638839687915132026e-03
4.872350089158582545e-03
4.873223891484279938e-03
4.637863518640677161e-03
4.419855009792468363e-03
4.233583196496762402e-03
5.202899524185372604e-03
4.650737068247819996e-03
4.214516191770740529e-03
5.262013385447170989e-03
5.003641635862429195e-03
5.717317884640814134e-03
5.201456588046871748e-03
5.319633655374366582e-03
5.019453994071887415e-03
4.748247010127509653e-03
5.846081390684357629e-03
6.498861101954142051e-03
6.097284725908051241e-03
5.725996858860692325e-03
1.016456103511191936e-02
8.852793797886528843e-03
1.103564101724337394e-02
1.101571727640826732e-02
1.515300106595608536e-02
9.523730880660091075e-03
1.099607504976491193e-02
6.597663357611901168e-03
7.099367759400852622e-03
6.284235844804591728e-03
5.924757079033371975e-03
6.593248212335682361e-03
5.389882856990624652e-03
5.207721596198314901e-03
4.684040907050986829e-03
4.544878370584010986e-03
4.364193153183213228e-03
4.263256660651990569e-03
3.855267077108831368e-03
4.029350987926607827e-03
3.934230476956065287e-03
4.334181695838599732e-03
3.828524265510641067e-03
4.184383538593040679e-03
3.692551441862182773e-03
4.242503329086409064e-03
5.042870946868487775e-03
4.311625571925571491e-03
4.863304395678239890e-03
4.608860693321962555e-03
4.145941633052214158e-03
3.975971901296724773e-03
3.752372166126535617e-03
3.553823169183891514e-03
4.656058670578515704e-03
4.248510241544958127e-03
5.051520956454322309e-03
4.249838896056381578e-03
4.225467978706541269e-03
3.757722807774119527e-03
4.218420067424925521e-03
4.750811232871041644e-03
5.810193360079179969e-03
4.206083498979213200e-03
4.549445437404508498e-03
4.642935145420129875e-03
4.032391431703108778e-03
4.857693196149730740e-03
4.250847844835996606e-03
3.822019676057806809e-03
3.871171128041171489e-03
4.679938053213765665e-03
5.182144764409938632e-03
5.356755923427659362e-03
5.225967509619826139e-03
4.311378856602895646e-03
4.230591601792454970e-03
5.296686102011114936e-03
4.310151289640468640e-03
4.404146946770750616e-03
4.269656831146807774e-03
4.556618036088525524e-03
5.136109449977276607e-03
6.495444527489269669e-03
5.407589417311453595e-03
4.532200406883307546e-03
5.304267969424921944e-03
5.019464954551904924e-03
4.626685879791479425e-03
4.841284707918521064e-03
4.180043779405752218e-03
4.617137006427671220e-03
4.398412779965134127e-03
4.198468095482943939e-03
5.038505042632077102e-03
5.488974843821921822e-03
4.728666816733321024e-03
4.686925013981302866e-03
6.576725790213816536e-03
5.745420373168530145e-03
6.320730858125441463e-03
5.555488551809797428e-03
4.916671103616052432e-03
5.406896598121642937e-03
4.483370374976082713e-03
5.833704313345153963e-03
6.514591893092424799e-03
4.735697560169899699e-03
4.634743195208081666e-03
5.958109122717879756e-03
4.381453483574999051e-03
4.310456900516492808e-03
4.180123260304810691e-03
4.157137760796936719e-03
3.705016322347238523e-03
4.903012115613821463e-03
4.444770558578421162e-03
4.179233138172166497e-03
4.061798042883092187e-03
4.187110944325018319e-03
4.867785980894235968e-03
5.709881518186053946e-03
9.528913158572092923e-03
1.453594680646815539e-02
8.667906883650929734e-03
1.102053831066653403e-02
1.412633973719536716e-02
1.734226371345421597e-02
1.192781345009969948e-02
5.367813965435582965e-03
6.228477710902126721e-03
7.624966148964680383e-03
6.844485565696390751e-03
6.440654298117531179e-03
5.308536052055794555e-03
4.873090421578791902e-03
4.342197079754280334e-03
4.230589497647227991e-03
3.876756070187330639e-03
4.845645864512164967e-03
4.682150640521029819e-03
4.392634018389640800e-03
4.000889380416826173e-03
4.197214035724696098e-03
3.710623533580338033e-03
3.434536504989046425e-03
4.866995741355404845e-03
3.879736191959353743e-03
7.323605825650885727e-03
3.903158754314722985e-03
4.716896493912563562e-03
4.633508594052631463e-03
4.073914617865983731e-03
3.919949893664629974e-03
4.816157953538212529e-03
4.915790606722916442e-03
3.773145699867216582e-03
3.776979623096345540e-03
3.524719797151393014e-03
4.007264379154327691e-03
3.841688833098736485e-03
3.915502309755705852e-03
3.974477211070517532e-03
3.867135968775190988e-03
3.588195157009719648e-03
4.175178488820890758e-03
4.832784269756093889e-03
3.807070484968637803e-03
3.278365780564999020e-03
3.864621354534414788e-03
4.538538040094118944e-03
9.707712686322748918e-03
4.456337453850937186e-03
3.676198291021194869e-03
4.555140218820885947e-03
4.310280845273680578e-03
3.457749033070431788e-03
4.017770955987564653e-03
3.922752462652901069e-03
5.167660639955089924e-03
6.525710247334732227e-03
4.298127943779759749e-03
5.124644046606282449e-03
4.425338671834005977e-03
7.109433958617298460e-03
6.897961233752774278e-03
6.510365690556193553e-03
8.714619577486955662e-03
1.317617985306923645e-02
1.565007466673815767e-02
1.293973474671113698e-02
1.166899390651746256e-02
8.998767008146361587e-03
7.659835535685308866e-03
6.962844486452749761e-03
5.897415802057227527e-03
5.593837465893086204e-03
4.894884380549547123e-03
6.033041133630978083e-03
6.009181080417363464e-03
6.174750906447399462e-03
4.912742446621400777e-03
6.451110460385916373e-03
5.207586687769110920e-03
5.441664740450186978e-03
4.854609132351568254e-03
6.281551714140029032e-03
6.681437498841194186e-03
4.960225964654526795e-03
4.143144411314849881e-03
4.719863572142763211e-03
4.758730409077911380e-03
4.689877990447919275e-03
4.641859368620983479e-03
4.462222175837911135e-03
4.427377239238325032e-03
4.502922373868853759e-03
3.851967812589248905e-03
4.556332687114248922e-03
4.360641462692992597e-03
4.596285515659361866e-03
5.019171031116521041e-03
5.111932913151941670e-03
4.950440749733248970e-03
4.611957788619018041e-03
5.383093299342001960e-03
4.348953452858141631e-03
4.514261454783310284e-03
4.605822329657720260e-03
4.626942835605120895e-03
5.529381033649307178e-03
4.328462432353314543e-03
7.095507317585140507e-03
6.325499678785637993e-03
4.830651732894711975e-03
5.004013999802547907e-03
5.467174233824547390e-03
6.353583261993873098e-03
4.519222797715132488e-03
4.032375254147715395e-03
4.511823966913689615e-03
4.529831071269855257e-03
5.204209818019968174e-03
3.996984425114598338e-03
4.857686115385093789e-03
5.813724794544962958e-03
5.643065954316471393e-03
5.085658981061121943e-03
5.219540321831235216e-03
5.730260434617481802e-03
4.736967715209074170e-03
6.250327175149000304e-03
4.815202083398740368e-03
5.112129573387835454e-03
5.119836507160040531e-03
3.993005307604140935e-03
4.162380425184280391e-03
4.743273151904080567e-03
5.023949524042671880e-03
4.508362049835707742e-03
4.601967989961056049e-03
4.831781059493233527e-03
4.375799816703145745e-03
5.024759761421971650e-03
4.632473353519545901e-03
5.258120778573544853e-03
4.526535082611093247e-03
4.021907682740314717e-03
5.225980700226613533e-03
4.179286764602201804e-03
3.833792224144151085e-03
4.522641920817070151e-03
4.217543062687468744e-03
4.727966450618603308e-03
4.769215909119572418e-03
5.401255367596778309e-03
7.836661575053622750e-03
7.055081915684212855e-03
4.605847472365460701e-03
5.378766008299875646e-03
6.471393938585453046e-03
7.378653186530123587e-03
6.471798675795987707e-03
5.111974808576425465e-03
6.168099839471331662e-03
6.129405778099158986e-03
5.831705157285941611e-03
6.448015434873388685e-03
7.541038478228360466e-03
6.918805894832028881e-03
7.403738098266025511e-03
4.649034228907247997e-03
5.519458547356666592e-03
5.150303840238294913e-03
4.217786273518001061e-03
5.867116996576115379e-03
4.514341619089327386e-03
3.914912428870528927e-03
4.527381917686477616e-03
4.632335287716547213e-03
3.934987343027788499e-03
3.758884771132965305e-03
4.637622005916636203e-03
4.732825121229853813e-03
4.511846071846160010e-03
4.832015018681743920e-03
4.490321252588378408e-03
4.814657624951122934e-03
4.704380094267783877e-03
4.514622871479087932e-03
3.529613503364343718e-03
4.276489706879015029e-03
4.667509845230923687e-03
3.471817721680408881e-03
3.725500138040052124e-03
3.616594128788696173e-03
4.361630640819061898e-03
4.092227205416849693e-03
4.702654230894999857e-03
4.606665764664360715e-03
4.269720373063957616e-03
3.983878107667309688e-03
4.327253502652773226e-03
4.200518240076217026e-03
3.863022074063784429e-03
4.335910687862091183e-03
4.003204447476066408e-03
3.584830959280113031e-03
4.274798587049358570e-03
4.050000250797997602e-03
3.818058686393661569e-03
3.754537053689095336e-03
5.641366533273757707e-03
4.294213919232555375e-03
4.829063541932160364e-03
4.385983468278955091e-03
4.394376394722062512e-03
4.006727333309675725e-03
3.641348132868833971e-03
4.462360278935482635e-03
5.035544172282650256e-03
5.289570714354741542e-03
5.125964381477770594e-03
4.393853046099271617e-03
4.601155255091939761e-03
5.249767816422658447e-03
4.983739871945604312e-03
4.260553477053797763e-03
4.877047053236271967e-03
5.100246787829670544e-03
4.697436777426662255e-03
4.050228072050837853e-03
4.262217962908201527e-03
4.433812074222260799e-03
3.632935591730719442e-03
4.391891055502288727e-03
3.833525246491721952e-03
5.417617470310316305e-03
5.629059172143098880e-03
4.905185717580533462e-03
4.214641245773258389e-03
3.866933055890152664e-03
4.638675446111754398e-03
4.520550226711590389e-03
3.766303196621685872e-03
4.200848005224606420e-03
4.051039729320591101e-03
4.073216492263035185e-03
4.687753422553909630e-03
5.214893030719254356e-03
5.269200941372490302e-03
4.251792220931459657e-03
6.173469165935626356e-03
4.984558378114886668e-03
4.331479152935404850e-03
5.307480543377555461e-03
5.284203023534985930e-03
4.689019696570575525e-03
4.757034625850995423e-03
4.487677727705975152e-03
5.131144129283262724e-03
6.002368200405547305e-03
4.048154780368133816e-03
4.434811568629209999e-03
4.185226300634896542e-03
3.665288323400885118e-03
4.320580027844229606e-03
4.996636795816944941e-03
4.760680696342089666e-03
5.988755407727943542e-03
4.401348561320853753e-03
5.936265258726132997e-03
5.802054639534258082e-03
5.236227009905910709e-03
4.818073080572454064e-03
4.113383910174932788e-03
4.370017182355320426e-03
5.226917391156053923e-03
4.912736120366339304e-03
4.525155495485442061e-03
5.526074139952367147e-03
4.934446204650162586e-03
6.660864379214084460e-03
6.152486190838768812e-03
5.026552186273597345e-03
4.610123136684785711e-03
3.699734336382732094e-03
3.888196880432705487e-03
3.785883875103441838e-03
4.966111244447003921e-03
3.969309377842405659e-03
3.967779570369370928e-03
4.066405976401261425e-03
7.371458114127557235e-03
3.883222818135036690e-03
4.103091739091601839e-03
4.418012697761928773e-03
4.788762732584310282e-03
4.081684817654167817e-03
4.037969717006839945e-03
4.043991905031360003e-03
3.827304670891883403e-03
4.285948258697430159e-03
4.178483678145434102e-03
4.333244750860767644e-03
4.748443947765123088e-03
4.338397940548347452e-03
4.207152183652210220e-03
3.974275034278803090e-03
4.538850154349214489e-03
3.897125693483893556e-03
3.765721337825166364e-03
4.229153438599841594e-03
4.233769855702547089e-03
7.062412198777138529e-03
1.344261977177951123e-02
1.034856486117275744e-02
1.316349423512220770e-02
1.298682013704998035e-02
1.040435772287156072e-02
8.898200998154805544e-03
6.603164130561722800e-03
6.273582214256035426e-03
5.856655294111883826e-03
4.051826325444025587e-03
4.429330035932505655e-03
5.216342167454853483e-03
4.418180970976360797e-03
3.940977286059374127e-03
4.454590130867687806e-03
4.679319860775054893e-03
4.300960516051679193e-03
4.629920213187562264e-03
4.055934400765739793e-03
2.869651591195326607e-03
3.563030360357787030e-03
4.169130232615587441e-03
3.310459221917527728e-03
3.580368734924757775e-03
3.879936278658644832e-03
3.951301070840767225e-03
4.180296268836729799e-03
3.796508919265725694e-03
3.556863196457082758e-03
4.312713185303017858e-03
3.770094423284825903e-03
4.070667007381150414e-03
3.690448909175279586e-03
4.191763764885898802e-03
3.772735277547846836e-03
4.280106227339677133e-03
4.753418275665735604e-03
4.362326021444707692e-03
4.097264182979011918e-03
4.901142981822515475e-03
3.735008000781079359e-03
3.698941960824694408e-03
4.145157689264621081e-03
4.111210812427657825e-03
4.474677706577208890e-03
4.591619123708775771e-03
4.262288700556832524e-03
4.262157248263473072e-03
4.344575967307241077e-03
3.995284187357713533e-03
3.243198930056081283e-03
4.011885065042047893e-03
4.480774902989379319e-03
3.529421370449121499e-03
3.561677505947991040e-03
4.475604791623969715e-03
3.650029292484579038e-03
4.018345920383635181e-03
4.140720274246913885e-03
3.673266126706577206e-03
4.728440117715417695e-03
4.718273079903036703e-03
4.337710640736848824e-03
4.515693130394148914e-03
4.909147735333397461e-03
3.703228548004765513e-03
3.929305545083814147e-03
4.373132627470229482e-03
5.274850531401030149e-03
7.027896975031990533e-03
5.997841911042047641e-03
5.769625899360541349e-03
5.843268816383380589e-03
4.880978980539073774e-03
5.532635471248533408e-03
5.651624645505091277e-03
3.944010754720838306e-03
3.961388844334248933e-03
4.756579974164570554e-03
4.098788103748066472e-03
4.812994807639883049e-03
4.115512559323361921e-03
5.072275759610946413e-03
5.806013648686748040e-03
6.347201521480939392e-03
6.280937599286274577e-03
5.508984834783371524e-03
5.202731530353868830e-03
7.020062922644222832e-03
3.884538356664318185e-03
4.411318345034441132e-03
5.079853079443720325e-03
3.914704331674232970e-03
4.243269463247802999e-03
4.189524284902472299e-03
3.669904808022911042e-03
3.935174271147507709e-03
3.896691071704744009e-03
4.099586209199273905e-03
4.505836603133813768e-03
3.731374566227031384e-03
3.129483405030167569e-03
3.208593373146685461e-03
4.249235966259249341e-03
4.451534085097274759e-03
3.840634532381322075e-03
3.985578328372745699e-03
3.508186007547096138e-03
4.061224104633423884e-03
3.346707283968612060e-03
3.941756961176269038e-03
3.902008940105966377e-03
5.094499085440634331e-03
8.607146506125634006e-03
1.338389601973059492e-02
8.603636508873442959e-03
5.308036728785018796e-03
7.067389570212440075e-03
5.488923206685032523e-03
5.875750773371573275e-03
4.634161237251359540e-03
5.269209156829712803e-03
4.215618544384583388e-03
3.745348338067511391e-03
4.321555605079303863e-03
4.631949001567632097e-03
4.112057890857950468e-03
3.563868837817705821e-03
3.956946927787255257e-03
5.150990316905626129e-03
5.155277449647604517e-03
3.704210025658194200e-03
4.486209354317010310e-03
4.183159530676460770e-03
4.341914504544745930e-03
3.776127083877573939e-03
3.537940922546637442e-03
3.989599289271208472e-03
3.659913073467651115e-03
3.590335377102290854e-03
4.407505572014908460e-03
4.390789406867186620e-03
3.940267110285606070e-03
3.523948346775974960e-03
3.430825558947131829e-03
4.495473503135736029e-03
4.257175259542150120e-03
4.744781292257241843e-03
4.607641884747110637e-03
4.355274986869090044e-03
4.722922099782587632e-03
3.978902340247687103e-03
4.031666679135462866e-03
3.827854800350597320e-03
4.665358059755909080e-03
4.149084174854961171e-03
3.779402889066634397e-03
3.912812506889970857e-03
3.688855950563295610e-03
4.004869371482552495e-03
3.753096655062558053e-03
3.677867289476343098e-03
4.391414864659225897e-03
3.492182775266462497e-03
4.183182563184784965e-03
4.918303502546284706e-03
3.571035953386264214e-03
3.847590735170973268e-03
3.687788312735818582e-03
4.166430060551545161e-03
4.015594049701539693e-03
3.909119394916137948e-03
3.053316746563311968e-03
3.420336900999879689e-03
3.618212494348964098e-03
4.216134198811333569e-03
3.650415409583191318e-03
4.017650631266716198e-03
4.889371006553088796e-03
4.554521805801693343e-03
7.978631653941289925e-03
9.790218147855330247e-03
1.672645309317093154e-02
1.110746885131056946e-02
1.320667354235757936e-02
9.579086148794400957e-03
1.418654939276387840e-02
7.597233642039161530e-03
6.339964869320853166e-03
7.067916116977042244e-03
5.807710777849731457e-03
4.507735353814162557e-03
4.407226899933122145e-03
5.182399981979502780e-03
4.913439323899874284e-03
5.002529678410845212e-03
4.083309196057924480e-03
3.035049128618961135e-03
4.585501046918316094e-03
3.756965853065468656e-03
3.586513208247490807e-03
3.344536326517971465e-03
4.206117804350862494e-03
4.419119541847798399e-03
3.431369176104363383e-03
3.736950334351618608e-03
4.438716580988675241e-03
3.606467083736122556e-03
3.493747304204366296e-03
3.538084105584158538e-03
3.239919304785076042e-03
3.985861436903612512e-03
3.437260582405501572e-03
3.930015877854563591e-03
4.017062933648433802e-03
4.021797075601989645e-03
4.336347220674528075e-03
3.828077735923988457e-03
3.942541313659397861e-03
2.935900778052317420e-03
3.719249197808983162e-03
3.756064392681738185e-03
3.725827260418615190e-03
3.099694967876508167e-03
3.447314796088154099e-03
4.006028220828681749e-03
3.852315629899522986e-03
3.438957218436105873e-03
4.286638022162727116e-03
4.233678119100565615e-03
3.918782603070212686e-03
5.037353839891069510e-03
3.852596275924212096e-03
4.761723386480487194e-03
5.168917579401448997e-03
4.197700769362904503e-03
5.588714171961397213e-03
4.728035011816702354e-03
5.023532938502112653e-03
5.209750578484826852e-03
4.099073926163843487e-03
3.766270480875339496e-03
4.851616077908968774e-03
3.102327175203215860e-03
3.394374770528868924e-03
3.223588574507413752e-03
3.193013416449967147e-03
3.116562701851515078e-03
4.094865604324879685e-03
5.341858488123009570e-03
3.028893268103510263e-03
4.389421914962577179e-03
4.568399475775511767e-03
3.783835140621576165e-03
7.302593390677162080e-03
4.788834309228469713e-03
5.077379421104237338e-03
4.865200045106390925e-03
4.657266747005759516e-03
4.868855065071205426e-03
4.043236451592386281e-03
5.517025141693350683e-03
5.747926175220302233e-03
3.536822929556456777e-03
4.339225223484567164e-03
3.275763097745568696e-03
3.978003433753257191e-03
3.706052181720766517e-03
3.788790254836506711e-03
3.161743313811773721e-03
3.579292538952820717e-03
3.666176349626647235e-03
4.342099120178405727e-03
3.717149735981358210e-03
3.312418403428754946e-03
3.555477942007054422e-03
3.457994640539727420e-03
3.181646639598326772e-03
4.159442906977109042e-03
4.570864976591790946e-03
3.629878156718063017e-03
3.015910624988158133e-03
2.874910589969625289e-03
2.932148781196674495e-03
3.237362653233097094e-03
3.799343347617887331e-03
3.999316403168067663e-03
5.714906053633148769e-03
3.734052459679270634e-03
5.630400813681620160e-03
5.834361343415262954e-03
4.576239273700411468e-03
3.925816397386332549e-03
4.347896374072495601e-03
3.223437558542624915e-03
3.540383632613840030e-03
3.693661236140756247e-03
3.365362015882589729e-03
3.472583100301571742e-03
3.037364170258338106e-03
3.650307041125509452e-03
3.787148511463581287e-03
3.046941026412478600e-03
3.322993056556067769e-03
3.484200413881176090e-03
3.426779505322209880e-03
2.926528658726466458e-03
3.586996643950584110e-03
4.659773384178700004e-03
3.448099511135294722e-03
3.747114993572294057e-03
3.633151475836234826e-03
3.481144543561273067e-03
3.962565796832378216e-03
3.484630976601617129e-03
3.911598645587876198e-03
3.466692305657045631e-03
5.688091038376990108e-03
5.116377024989625898e-03
6.013119258386018240e-03
6.072738690161019748e-03
4.159046772764484791e-03
3.677500781721553588e-03
3.049466380895348491e-03
4.067862201752153392e-03
3.801676688245179524e-03
4.966695156708791914e-03
5.060273351352117220e-03
7.358837582711507536e-03
8.421460384567574370e-03
5.354826025666081270e-03
7.021314494473817648e-03
7.021727590214686329e-03
5.392585915341697490e-03
7.463903975160354407e-03
9.432586788414226014e-03
7.479918060027226576e-03
5.583312996737929169e-03
5.104230352955722340e-03
4.356012141137578439e-03
4.470822316122050576e-03
4.969309348396486886e-03
4.500340466081027314e-03
4.860095103502039444e-03
4.431952902910225173e-03
4.823971197133717151e-03
3.899674113249323223e-03
3.421375477498128214e-03
3.674153170363518312e-03
3.045062045356564280e-03
3.255499633909989844e-03
3.372855060069796483e-03
3.076417012621773979e-03
3.104126949225005476e-03
3.315353440412124354e-03
2.866512337365822657e-03
3.147373903648092736e-03
3.230722830810999098e-03
2.952613885725870451e-03
3.443217239808414164e-03
2.559607152710770880e-03
2.833342078593428185e-03
3.342222673090146715e-03
4.364297309040947835e-03
2.837437380822917850e-03
3.727665769005276790e-03
2.812739275384043558e-03
2.981735278820473335e-03
3.373471942810772010e-03
3.895309586106563034e-03
4.478775241662482504e-03
4.592522610760827254e-03
5.778417260192537756e-03
3.763759301212813140e-03
3.872540479260019528e-03
4.086201295172125700e-03
4.222391788217585637e-03
3.662159997273566579e-03
3.573411146357914799e-03
3.023314689650197229e-03
3.386799653107560888e-03
3.029702292109812903e-03
3.405240104036327646e-03
4.273713536826994480e-03
3.061077613094214007e-03
4.387731013400447168e-03
3.305574148784252639e-03
3.869030842659104685e-03
3.719129912080241032e-03
3.566565113264528672e-03
4.101473137656599238e-03
3.749285971721480829e-03
4.366281128914303346e-03
6.248234407263740173e-03
8.747253144828930072e-03
8.667622940911910712e-03
6.092867916088207103e-03
4.293246535237773935e-03
5.826339940362023316e-03
4.904502376573740760e-03
4.332576980540646383e-03
3.646598300814336575e-03
3.989896816689476183e-03
3.637642466583858748e-03
3.759587231394844256e-03
4.041037484548657202e-03
2.802532102057344720e-03
3.719816439192849978e-03
3.920906824695946993e-03
2.795834082182218142e-03
3.787507963256948450e-03
3.146660685889620616e-03
2.902601483582734065e-03
3.355125087958895844e-03
3.021054114882151548e-03
2.843967910206590850e-03
3.213814348781051950e-03
3.243754716002618041e-03
3.160041738149147426e-03
3.332084815092116112e-03
3.594403568837482681e-03
3.310034596201231073e-03
3.418537195001810410e-03
3.381540589468012316e-03
3.773944166686581635e-03
3.415241907204679718e-03
3.051319246311772881e-03
3.874443674982026419e-03
3.204702325706728760e-03
3.383344093825374054e-03
4.484259494569011600e-03
3.197879074379815501e-03
3.357075287394253524e-03
4.037302857222607559e-03
3.168204126710533978e-03
3.572172591198629742e-03
3.196439783758627147e-03
3.420581835863387415e-03
3.183198442006700702e-03
3.475808333291673709e-03
3.827714358188431028e-03
4.604988919636226509e-03
4.069391603388219057e-03
4.709519851846797646e-03
4.530683973414394855e-03
2.934627494580991161e-03
3.297259420879916289e-03
3.401130895766086345e-03
3.163857774266050533e-03
3.305661921473452766e-03
2.841008777193557676e-03
2.843323812968051416e-03
3.265423125680028387e-03
3.401259970829028072e-03
3.255447381056497409e-03
2.940157082161961796e-03
3.632323180338569400e-03
5.214477531993832148e-03
3.936721172790497852e-03
3.889621294781156740e-03
3.349471814857004921e-03
3.678223900903145917e-03
4.558693552080660648e-03
4.508493177461299697e-03
3.260619421702785729e-03
3.935594990611824065e-03
4.470059455766709280e-03
4.548720610292534411e-03
4.632459036967847416e-03
4.372353712666727545e-03
3.328652337507654723e-03
3.513575709519971106e-03
3.854105950455321682e-03
3.272930271354203714e-03
3.278710305067372190e-03
3.612061565095077247e-03
2.824336498994180818e-03
3.302338017758040846e-03
3.358000467429509903e-03
3.434615665045546648e-03
2.907969114536495137e-03
3.351155129005926360e-03
3.479406579738113844e-03
5.479864902075576652e-03
4.755769730859770242e-03
3.574910734856833524e-03
5.058215853339356229e-03
4.377021780717345843e-03
4.602402477143764832e-03
3.872096533689348575e-03
5.203861531531768850e-03
4.098145693453862995e-03
3.461289324392209481e-03
3.896414025667280755e-03
4.165497070816307455e-03
3.848179067158483384e-03
4.147312270288478452e-03
3.150575518340879844e-03
3.223968930747720448e-03
3.625376900177638625e-03
3.225630588491314003e-03
2.486260503269349924e-03
3.832719359438125153e-03
3.326240523755627683e-03
3.664720458077741754e-03
3.044986442718063992e-03
3.648859882619993542e-03
3.079578526235321294e-03
3.818637502500027425e-03
3.301286938692866556e-03
2.579879458685103120e-03
3.808432182925861574e-03
3.798527618591294834e-03
2.780450614136662380e-03
3.134059893070207867e-03
2.342971708738520245e-03
3.055432923740027899e-03
3.541363519565575088e-03
3.108368200089330329e-03
2.860816612415977272e-03
3.364197617631519473e-03
3.385316649756132772e-03
3.128529165236312599e-03
3.639389906656666663e-03
3.973769630517402437e-03
4.100986597829568009e-03
3.676937967096731170e-03
4.173878112412126272e-03
4.679348052172798908e-03
5.641434597412878574e-03
5.988925846455135996e-03
4.832118038923501405e-03
7.197050721502124514e-03
6.052433521356400184e-03
7.208992518067003363e-03
4.362011317093976784e-03
3.915138163115431183e-03
3.428445825889513913e-03
3.925364083942627785e-03
3.068742379331483930e-03
3.026841592587936787e-03
2.683699396720849208e-03
3.115747449627249369e-03
3.397620925036215229e-03
3.244306336598860516e-03
2.852218269311514610e-03
3.213322141920952214e-03
3.315658287329381181e-03
2.828238735233905721e-03
2.813155706079747530e-03
2.684526594415572766e-03
3.173380443158275652e-03
2.936154939742294245e-03
2.704060036271993973e-03
3.298811305508198184e-03
2.690234864283079681e-03
2.613193958119400424e-03
3.389009524541832397e-03
2.693991291042282469e-03
2.721036493031246065e-03
2.422543000912002770e-03
2.827541259095454548e-03
2.680401926965547514e-03
2.760601702010099471e-03
3.104269692592390769e-03
2.685892776121543823e-03
2.957808938339120952e-03
4.791848211913678907e-03
3.773660104408139114e-03
3.300713517639929442e-03
3.885194746019378885e-03
6.451778575514317653e-03
9.295226028323678655e-03
1.322286999155265243e-02
1.051860420344802663e-02
8.286564971043901273e-03
5.979380246039716663e-03
5.630457230106398515e-03
5.633791311837598251e-03
5.004664009072790944e-03
4.046369127209755064e-03
3.222988343284884441e-03
3.349449188016104424e-03
4.237844640798838630e-03
3.323429662364606012e-03
2.868586326338881491e-03
3.290086979904694939e-03
2.899520573934184949e-03
3.013821008628968495e-03
2.548004838827210364e-03
3.789689751862443130e-03
3.407104526783883217e-03
2.849972750569025430e-03
3.369417733738349578e-03
2.611367327738726204e-03
3.000809656704867250e-03
2.584391504299030605e-03
2.653695105166358446e-03
3.118568684528431282e-03
2.891995704718911334e-03
2.678260585781492339e-03
2.770669409651332731e-03
2.642701069333755221e-03
2.986097080002068395e-03
3.021983971350204485e-03
3.064317929932958758e-03
2.992847036112448837e-03
2.758379747373718941e-03
2.941824613265024702e-03
3.441356172970359839e-03
2.703147051522093378e-03
2.570317396644868340e-03
2.289951352460969404e-03
3.064824796385878965e-03
3.355388139637547999e-03
2.831777054668049333e-03
2.801881425115120179e-03
2.671534156619523055e-03
2.965648658817803245e-03
3.123197223278986311e-03
2.583153338776382306e-03
2.583669521239117649e-03
2.846546015217886125e-03
2.434070410371290752e-03
2.882301454806755932e-03
3.313881651266210090e-03
3.009155146282816058e-03
2.414284406691599282e-03
3.640216015623377096e-03
2.543667237519197776e-03
2.952201612870644209e-03
2.377912854841590564e-03
2.945636200008447912e-03
2.950707235298844974e-03
3.475990543406283061e-03
3.142055489267201341e-03
2.977030081924692591e-03
2.869984992363342445e-03
2.810368722064753629e-03
3.987599809956476546e-03
4.196226486528764274e-03
3.792043616791780127e-03
6.469669355011601654e-03
4.876281119390123327e-03
5.026763073577925935e-03
3.305076292959029972e-03
4.450066153262303807e-03
3.621292821485885306e-03
4.458716259541599738e-03
8.666039900062795509e-03
1.290359074693831279e-02
5.053829185703056365e-03
6.550622746618783160e-03
5.444467068480869990e-03
5.510686277341812593e-03
3.646527896827847330e-03
6.659538172179534955e-03
1.105685092795530636e-02
7.826625586197878681e-03
4.102800682169485159e-03
3.124292385943295853e-03
3.353475589103213118e-03
3.178727722306429627e-03
2.899372666384697744e-03
3.068166014673189522e-03
2.812911062847870975e-03
3.161880882932996406e-03
2.979973114443801568e-03
2.594393794781631526e-03
3.385256705582641908e-03
3.303301073443537950e-03
2.842331775708275849e-03
2.417031570777616618e-03
2.950259568315333376e-03
3.042056494446486806e-03
2.837117879057077675e-03
2.597266863543148431e-03
2.903488726975900561e-03
3.187826469716154368e-03
3.183624983247531053e-03
3.082619017753927219e-03
3.432480663797887223e-03
3.059421662864258377e-03
3.546096233091433625e-03
3.003193627599245064e-03
3.290131801830173831e-03
2.990677953529196319e-03
3.069330926340044056e-03
2.972752001492534341e-03
3.532480521784413588e-03
3.149794350375383686e-03
2.640018304341782297e-03
2.446882085078205381e-03
2.998242309521708098e-03
2.235889543236041672e-03
2.550929695335043840e-03
3.145800140571294434e-03
3.039903129040857476e-03
2.611141434342698509e-03
3.168401783326551136e-03
3.343903764903399366e-03
2.840506294047042812e-03
2.737270688880676876e-03
2.708103945271419632e-03
3.083597803232588069e-03
2.394965309512159593e-03
3.493325269206546194e-03
2.426109676474681471e-03
3.264372192866183287e-03
3.595124012605318588e-03
3.182046257023472824e-03
3.131955880314699243e-03
2.933137288903639017e-03
3.546156049675097330e-03
3.409815118379650335e-03
3.758285958243711908e-03
4.287669877908249598e-03
3.148212735802189202e-03
5.308380154299029846e-03
5.751202458806428143e-03
6.625720102011034042e-03
6.414687104173607754e-03
6.278359471709066622e-03
4.484460824873475956e-03
3.540467283189322953e-03
3.676194244198835882e-03
3.615765926833139701e-03
2.733680055014866845e-03
4.151927363651846184e-03
3.772262766489018274e-03
3.548465810348626088e-03
4.437737977453940462e-03
6.730661015008779571e-03
6.445202081412131946e-03
5.836579255857335911e-03
4.016431836683445611e-03
4.191061818220124732e-03
4.099338298901353435e-03
4.503415630520089460e-03
3.393011245512475831e-03
3.449555458406316794e-03
2.961869705257292890e-03
2.839848121248728357e-03
3.178550753938081709e-03
2.832644713070161559e-03
2.860196279432126055e-03
2.735157292878329875e-03
2.711294664717971148e-03
3.246465054589502651e-03
2.828788626653516887e-03
2.841367647501623090e-03
3.113941327758347651e-03
2.732882637717465920e-03
3.004753272644517838e-03
2.534853665713427198e-03
2.382176775081304865e-03
3.197282179029458434e-03
3.147602617310042705e-03
3.099902714297138664e-03
3.554091080475461038e-03
2.984182039373773927e-03
2.830082461072966089e-03
3.394742986988477998e-03
2.575251121186386202e-03
3.039994977105719975e-03
3.106224220873752325e-03
2.764593088255498047e-03
3.529579643402884492e-03
3.115925269175277845e-03
2.708852734340527930e-03
3.409979909584457715e-03
3.124949133321099515e-03
4.895065570661429229e-03
9.210067459720788080e-03
1.019057096534680025e-02
1.187916304235880904e-02
7.572039231469563161e-03
8.187366966745933047e-03
7.006388477298361971e-03
6.974222055154398817e-03
5.573770013703126767e-03
5.555960442331973545e-03
5.342673848176600175e-03
4.055371422691819369e-03
3.812507481711860640e-03
3.571698059462571472e-03
3.049436734763190816e-03
3.172140234919425868e-03
3.200650046358027422e-03
2.853785901387971384e-03
2.868099054091983752e-03
2.542446349061117973e-03
2.785705130220945003e-03
2.872504367489680296e-03
2.909241077531956026e-03
2.329042825343101940e-03
3.486325593069851663e-03
2.935771462915894199e-03
3.228487450247568766e-03
2.588968809278620765e-03
3.794401073620290183e-03
3.652411612464185643e-03
2.546077430020138310e-03
2.827789652598967744e-03
2.554736655791918758e-03
2.677081470305923971e-03
2.691759544051134170e-03
2.924693909118566797e-03
2.780395105279465876e-03
2.288277200457029033e-03
2.914246338261675291e-03
2.791461010016921609e-03
2.785801964885277222e-03
2.438129393003247818e-03
2.814290365173310535e-03
2.803596134174766996e-03
2.716742732876301601e-03
2.599661073068876109e-03
3.591104653874478345e-03
2.588840548025566138e-03
3.572748903376286259e-03
4.104397162835620068e-03
3.421365984313831394e-03
3.003910013545406810e-03
2.873159134885859989e-03
3.244634109027824675e-03
2.786950936905737298e-03
3.495099731272280352e-03
2.830126749387791053e-03
2.381085849056970363e-03
3.210081920498702047e-03
2.971966602324035197e-03
2.905043674143455417e-03
2.529878382461952461e-03
3.017074994171665362e-03
2.929093846586551097e-03
2.303225829159827494e-03
2.669898599295129123e-03
3.185452347587297995e-03
3.116074859639540902e-03
3.685167619765805994e-03
3.632639294204246042e-03
3.235381651550471842e-03
3.688807521785954398e-03
4.660616394372384813e-03
2.562720437350903425e-03
4.410610483464157301e-03
2.837043287503305481e-03
3.047192947102740201e-03
3.559158457685879847e-03
4.377077433497500100e-03
5.012314710170925024e-03
3.412561385533487666e-03
3.250593550975985294e-03
3.247909062502619178e-03
3.334682810591715115e-03
3.300410421360828756e-03
3.921750748456801633e-03
2.806004919503064365e-03
2.927025151709697522e-03
3.075802964429428556e-03
2.705119097839096820e-03
2.833975953196314276e-03
2.941094190413468847e-03
2.844562190563388986e-03
2.615728503819955697e-03
2.641712397108576978e-03
2.758264989805754141e-03
2.433169226663544054e-03
2.596164377472574229e-03
2.899327043250530481e-03
3.490383911953156334e-03
3.862358461259431889e-03
3.164012312505221254e-03
4.490778500878934640e-03
6.238888367455192735e-03
4.454292557804344702e-03
2.934124488001078109e-03
3.159773142896869953e-03
4.353939683842452529e-03
4.080672373541940900e-03
4.913108160736613488e-03
5.379276262639868730e-03
4.202088760922566800e-03
3.323501849139489598e-03
2.842453711668015744e-03
3.597752949608813960e-03
3.626244218972641490e-03
3.470411000818756590e-03
2.963015839643102708e-03
3.068649753205074382e-03
2.671773669702654560e-03
2.641860061691365773e-03
2.917722341856776591e-03
2.799880790377515857e-03
2.616110952752763018e-03
2.857106270131025069e-03
2.412973590695571997e-03
2.587701963004483425e-03
3.174360334107455880e-03
3.540131151193906534e-03
2.382763031352178214e-03
2.476442673777727761e-03
3.563239328739732648e-03
2.547311649717615666e-03
2.562718567509020100e-03
2.714303890622518384e-03
2.842626855509421558e-03
2.293219366287514195e-03
2.883734576266859962e-03
2.673660968896443123e-03
2.270531790296537091e-03
2.678540011288030494e-03
2.338458169096713050e-03
2.800714196310144944e-03
2.726585798170823825e-03
2.409459185884386088e-03
2.724303970605395069e-03
3.193835368663769554e-03
3.623434165631982985e-03
3.078743425197046513e-03
3.222566346045958440e-03
5.433014919652553662e-03
5.515767889033621439e-03
5.125819453027416137e-03
4.886496134875586983e-03
7.433082002044852712e-03
5.243565654357984843e-03
4.692985329528300692e-03
5.048717853825880966e-03
3.467874122859427623e-03
4.296251153482213113e-03
3.351903622200979802e-03
3.548471951059283501e-03
3.708706125163644621e-03
3.685640487602282779e-03
2.824986800352060918e-03
2.903573642890895472e-03
2.952176939421020073e-03
3.086215300710776818e-03
2.744477001426020267e-03
2.834278736639765650e-03
3.170626078420626937e-03
3.224714362695144370e-03
2.610149701787733371e-03
2.684129370205355462e-03
2.543127252509909744e-03
2.746479762079143735e-03
3.074717233552732090e-03
2.337571300161698108e-03
2.954358939116672259e-03
3.490711939792743700e-03
2.483517317040068433e-03
2.410251779441799705e-03
2.978033815279501617e-03
2.494097609509720714e-03
1.999543781783785605e-03
2.873787802468030436e-03
2.511061489833180723e-03
2.253914929050735740e-03
3.322257962778645771e-03
2.253570271602852067e-03
2.788425304575340401e-03
2.392577980360829741e-03
2.242118596798898470e-03
2.252352956364345356e-03
2.552238164443344001e-03
2.116472593905475898e-03
2.801214676703046250e-03
2.623112816119942386e-03
2.802725446376615193e-03
2.623831373688865088e-03
2.290165522048744334e-03
3.209468639599297179e-03
2.638092685388455493e-03
2.443213598907700845e-03
2.615260340563289269e-03
2.625805813887955881e-03
2.874288410251581421e-03
3.357967588614419255e-03
4.673299793828913744e-03
5.931454830236207107e-03
5.707383517400053258e-03
6.589517798774772485e-03
7.867479446636732945e-03
5.661976689635735659e-03
7.299893600658362465e-03
4.710257024608090551e-03
4.109014398429964611e-03
2.859185585422158431e-03
2.655020069911600937e-03
2.540238852796183281e-03
2.841386508786162505e-03
2.638070670045597303e-03
2.730833243583378513e-03
5.383675059550578103e-03
2.592614763047236971e-03
2.270641859217646143e-03
3.031232948947297934e-03
3.090336280781457497e-03
3.524397864495064803e-03
2.207683180938383848e-03
2.629404185076769998e-03
2.249260914591940698e-03
2.399267843975154153e-03
2.466221380578343357e-03
2.714060100887611109e-03
2.780312001057720379e-03
3.096810557204563927e-03
2.261206990404687929e-03
2.584749770140754455e-03
2.207850218494634628e-03
2.973851086863129548e-03
2.760578868787479968e-03
2.526200805662026389e-03
2.432522068404147694e-03
3.128002067564594497e-03
2.856608320458693066e-03
3.181133769085253866e-03
3.002318925739142809e-03
3.180339268929323598e-03
5.353611827683194858e-03
5.175374725654961414e-03
3.994392003880972188e-03
3.578726201341854169e-03
4.232435055139567061e-03
4.366988298016422770e-03
3.302732889058621925e-03
2.686173185071132063e-03
2.739979205178271100e-03
2.907925648636448378e-03
2.565540220638443114e-03
2.953977228323291255e-03
2.934065027449545265e-03
2.817634038260108040e-03
3.140120071410961930e-03
2.784611762323851818e-03
3.171614663700231609e-03
2.647062530498603752e-03
2.263238384734542717e-03
2.578511072886745595e-03
3.263894944423360086e-03
3.263904694799826811e-03
3.401345934251703840e-03
3.313545008762943268e-03
3.366973602984733860e-03
3.596260275039557530e-03
2.527262750282078824e-03
2.814335591103218730e-03
2.929597561709656583e-03
4.017540543986436626e-03
9.083480122389065575e-03
4.586893373383734394e-03
3.398269410134939234e-03
3.506854498701167822e-03
3.962078794496389639e-03
5.231165001569376000e-03
4.165254718420571475e-03
4.615149981801736946e-03
3.735773789188904289e-03
3.247051013374619051e-03
2.725801532533295157e-03
3.063492348385163724e-03
2.793192102220921728e-03
2.378427685842382251e-03
2.882467239052306264e-03
2.654726599424123666e-03
3.246139631975477041e-03
3.184183824782953458e-03
2.812553629080510528e-03
2.678983689872543438e-03
2.324710064737508120e-03
2.705635793171327734e-03
2.700392932790550773e-03
2.816474866684975323e-03
2.750399264845783051e-03
2.834094883761148140e-03
2.565892709249914180e-03
2.782818868683326931e-03
2.517619898061799859e-03
2.587548021690287432e-03
2.717231708672638007e-03
2.405192073479739227e-03
2.713505214880907075e-03
2.769047449763204286e-03
2.850799218225783579e-03
2.539084958255032661e-03
2.392689783667857964e-03
2.680409196361651248e-03
2.358548713324057182e-03
2.535389064153678335e-03
2.764004406623121485e-03
2.978098011667325729e-03
2.151849530921986445e-03
2.804829897404458473e-03
3.234014575447632153e-03
3.222886356535684550e-03
3.133619660494026907e-03
2.547242774434733698e-03
2.831885426662197024e-03
2.408910029877459232e-03
2.407791929711561047e-03
2.699990769007629913e-03
2.474267286378710289e-03
3.270404707307286284e-03
3.260355245010329236e-03
3.490566512382689297e-03
3.041175783560200359e-03
3.325489387982564094e-03
4.702666136573861039e-03
5.156071762880845219e-03
4.700168029089686617e-03
3.248982285387681020e-03
4.349713270115317977e-03
4.530360682261625437e-03
4.862221216951122769e-03
3.520976440303145820e-03
6.807874817190772733e-03
4.249164762355658355e-03
5.048701100582932665e-03
5.125256449750880544e-03
4.580609599875691031e-03
7.001874606452389120e-03
3.810411382239445050e-03
4.241405169896082621e-03
3.854582549190618823e-03
3.589498005689105865e-03
3.208193253046763040e-03
2.796013633015324591e-03
2.786295778542057910e-03
2.614876757706572317e-03
2.838320896646987206e-03
2.819424387789027080e-03
2.613460888158785408e-03
2.665454434174221142e-03
2.860562295638448271e-03
2.396674033093428718e-03
2.741827940793343035e-03
3.053098739792761088e-03
3.139120138093111616e-03
2.378572816214114764e-03
2.269935006069257778e-03
2.402167628940529622e-03
2.274154260585138990e-03
2.377665723729614593e-03
2.344455061056473309e-03
3.010428733475572268e-03
2.796721677268520622e-03
2.604450200372927359e-03
2.765449868834669693e-03
2.880986151371035808e-03
2.245439322509039555e-03
2.280958208657785091e-03
2.742149066994450934e-03
2.618681372149163356e-03
4.203949860912356389e-03
2.865435419967983510e-03
2.897615900560117017e-03
2.813775724138334929e-03
2.805691737132998652e-03
3.756976907778639563e-03
5.083655401625824036e-03
5.180935157169177206e-03
7.844800157048787900e-03
9.883986295890295759e-03
3.390822440637708979e-03
5.796179503234247937e-03
3.761695612068245709e-03
3.893591696637888067e-03
3.992408728228253115e-03
3.224698121101690108e-03
3.414091154841493968e-03
2.551489305294563602e-03
2.908961590200442610e-03
3.360842237768277892e-03
4.416269924673136248e-03
3.939490698694148030e-03
3.784888025304851671e-03
2.998241621735067090e-03
2.834951236325837856e-03
2.229867018711273810e-03
2.466258439503869315e-03
2.608554691780884654e-03
2.739336193790146458e-03
3.033948711636074141e-03
3.101471286340137974e-03
2.879307184482251310e-03
2.755300511545863418e-03
3.094193295648218003e-03
2.856478983559019354e-03
3.298871749295587911e-03
2.424208643230746189e-03
3.498813541290067813e-03
5.602430559570338239e-03
6.463503585116436856e-03
6.201440469779209361e-03
4.164157634335628223e-03
3.459625669964994966e-03
4.772013710039478031e-03
2.802202785814777563e-03
3.040150984661107569e-03
2.448233653638774363e-03
3.228143535997673487e-03
2.996573530945424984e-03
3.021961736777749579e-03
4.116485951109743503e-03
2.326238795636008036e-03
2.762825125555127929e-03
2.423563635242845845e-03
2.747033637014029486e-03
2.475511283153877199e-03
2.527285458016400189e-03
2.790490684674549766e-03
2.626934559202240543e-03
1.912715189645335405e-03
2.891183866195271186e-03
2.581544430499402906e-03
3.048046525292439756e-03
2.215721667759259269e-03
2.359471383261166864e-03
2.530145277019710693e-03
2.397553323184227828e-03
2.547546688604174474e-03
2.986448344058605878e-03
2.812362735504047532e-03
2.846502932330544685e-03
2.665577477354119477e-03
2.062714804649813140e-03
2.461360728135113512e-03
2.128300776920658520e-03
2.578409638054236439e-03
3.098002161247658762e-03
2.840988293913260503e-03
2.423696288453785087e-03
2.692649598619384181e-03
2.557457722868583094e-03
2.817863249882206385e-03
2.162419250444748767e-03
2.752137248725624284e-03
2.587806171259473837e-03
3.040348156602902963e-03
2.114697694833479399e-03
2.166683072553421581e-03
2.265488017588510473e-03
2.699643647728720321e-03
2.951405309196154618e-03
2.294840784458973288e-03
2.625426858251112255e-03
2.460653014540028181e-03
2.218241703682302234e-03
2.465799600184522596e-03
4.019513302227126737e-03
2.622100982169695005e-03
3.224918897572705626e-03
3.885822713744479465e-03
2.704596062258539987e-03
2.363192847759013233e-03
2.144183679271908713e-03
3.951097507625313081e-03
4.473234372154898456e-03
6.277227735444538409e-03
6.990971783506882975e-03
4.201808388316363024e-03
4.538934678383676168e-03
6.108177094218149132e-03
4.473862940545413579e-03
3.456326764257623349e-03
3.598126094432900837e-03
3.726997653472536622e-03
3.859826815705921007e-03
2.933109796846352941e-03
3.389366224337344267e-03
2.973463155628820135e-03
3.765431776636083642e-03
3.428186525901242860e-03
2.957645409183986673e-03
3.590524682047060642e-03
3.083850266771549255e-03
2.562833661158800055e-03
3.183100060880172336e-03
2.746618933299976514e-03
3.165919078736763748e-03
2.516338679469509211e-03
2.553222714250731433e-03
2.508684261062455248e-03
2.197132101839102767e-03
2.563730412977634470e-03
2.415792762527802125e-03
2.945719659738610385e-03
2.708775882491149239e-03
2.448294523585566561e-03
2.955267729423192557e-03
2.864914903460142725e-03
2.601060784011067096e-03
3.052061832262510654e-03
2.385403963786658903e-03
2.989988780451759923e-03
3.406333829654039583e-03
2.549194317822892856e-03
2.903391182030094948e-03
3.245765535208126364e-03
3.325240618831328335e-03
2.948839860984567036e-03
2.572285743359034593e-03
2.575814017593143143e-03
4.279176520707300181e-03
2.825841956899525272e-03
